    1.85000e+06    2.08971e+03    4.08664e+22    4.96524e+03    4.03781e+03    9.95466e+10
    1.86229e+06    2.08474e+03    3.65658e+22    4.96528e+03    4.03456e+03    9.94684e+10
    1.88686e+06    2.07428e+03    3.55353e+22    4.95644e+03    4.02320e+03    9.88374e+10
    1.91143e+06    2.06358e+03    3.47315e+22    4.93685e+03    4.00998e+03    9.77373e+10
    1.93601e+06    2.05274e+03    3.40280e+22    4.91951e+03    3.99652e+03    9.67282e+10
    1.96058e+06    2.04180e+03    3.33394e+22    4.91413e+03    3.98491e+03    9.62351e+10
    1.98514e+06    2.03072e+03    3.26249e+22    4.90849e+03    3.97023e+03    9.56593e+10
    2.00971e+06    2.01953e+03    3.18781e+22    4.90223e+03    3.95678e+03    9.50907e+10
    2.03429e+06    2.00833e+03    3.10824e+22    4.89434e+03    3.94430e+03    9.44849e+10
    2.05886e+06    1.99744e+03    3.01647e+22    4.88687e+03    3.93563e+03    9.39888e+10
    2.08343e+06    1.98725e+03    2.90125e+22    4.87997e+03    3.92839e+03    9.35513e+10
    2.10801e+06    1.97802e+03    2.75707e+22    4.87284e+03    3.92109e+03    9.31046e+10
    2.13258e+06    1.96971e+03    2.58999e+22    4.86575e+03    3.91375e+03    9.26602e+10
    2.15716e+06    1.96204e+03    2.41115e+22    4.85797e+03    3.90572e+03    9.21745e+10
    2.18173e+06    1.95467e+03    2.23114e+22    4.85044e+03    3.89778e+03    9.17025e+10
    2.20630e+06    1.94727e+03    2.05799e+22    4.84311e+03    3.88955e+03    9.12324e+10
    2.23088e+06    1.93949e+03    1.90032e+22    4.83566e+03    3.88153e+03    9.07645e+10
    2.25545e+06    1.93114e+03    1.76387e+22    4.82848e+03    3.87314e+03    9.02997e+10
    2.28002e+06    1.92216e+03    1.65030e+22    4.82097e+03    3.86428e+03    8.98129e+10
    2.30460e+06    1.91290e+03    1.55262e+22    4.76095e+03    3.83658e+03    8.69679e+10
    2.32917e+06    1.90398e+03    1.45861e+22    4.58906e+03    3.76656e+03    7.93319e+10
    2.35373e+06    1.89606e+03    1.35691e+22    4.50732e+03    3.72841e+03    7.57497e+10
    2.37832e+06    1.88925e+03    1.24773e+22    4.49821e+03    3.71530e+03    7.51754e+10
    2.40289e+06    1.88332e+03    1.13651e+22    4.47659e+03    3.70240e+03    7.41962e+10
    2.42745e+06    1.87776e+03    1.03029e+22    4.46620e+03    3.69267e+03    7.36585e+10
    2.45204e+06    1.87221e+03    9.32366e+21    4.45385e+03    3.68141e+03    7.30285e+10
    2.47660e+06    1.86626e+03    8.46839e+21    4.44565e+03    3.67269e+03    7.25874e+10
    2.50117e+06    1.85961e+03    7.75496e+21    4.43451e+03    3.66209e+03    7.20155e+10
    2.52575e+06    1.85193e+03    7.19561e+21    4.42683e+03    3.65377e+03    7.16033e+10
    2.55032e+06    1.84288e+03    6.80080e+21    4.41835e+03    3.64474e+03    7.11528e+10
    2.57489e+06    1.83218e+03    6.57433e+21    4.41303e+03    3.63743e+03    7.08390e+10
    2.59947e+06    1.81948e+03    6.53331e+21    4.40839e+03    3.63024e+03    7.05503e+10
    2.62404e+06    1.80460e+03    6.69792e+21    4.40472e+03    3.62330e+03    7.02981e+10
    2.64861e+06    1.78730e+03    7.11361e+21    4.40194e+03    3.61658e+03    7.00794e+10
    2.67319e+06    1.76748e+03    7.85190e+21    4.40015e+03    3.61028e+03    6.99004e+10
    2.69776e+06    1.74508e+03    9.03778e+21    4.39944e+03    3.60445e+03    6.97649e+10
    2.72232e+06    1.72014e+03    1.08775e+22    4.39966e+03    3.59895e+03    6.96657e+10
    2.74691e+06    1.69265e+03    1.37350e+22    4.40043e+03    3.59332e+03    6.95810e+10
    2.77148e+06    1.66275e+03    1.82439e+22    4.40191e+03    3.58799e+03    6.95245e+10
    2.79604e+06    1.63049e+03    2.55872e+22    4.40456e+03    3.58324e+03    6.95159e+10
    2.82063e+06    1.59593e+03    3.80536e+22    4.40768e+03    3.57836e+03    6.95196e+10
    2.84519e+06    1.55918e+03    6.02793e+22    4.41161e+03    3.57379e+03    6.95547e+10
    2.86976e+06    1.52027e+03    1.02330e+23    4.41661e+03    3.56986e+03    6.96357e+10
    2.89434e+06    1.47920e+03    1.87562e+23    4.42148e+03    3.56539e+03    6.97021e+10
    2.91891e+06    1.43608e+03    3.74129e+23    4.42785e+03    3.56184e+03    6.98335e+10
    2.94348e+06    1.39089e+03    8.20921e+23    4.43433e+03    3.55796e+03    6.99616e+10
    2.96806e+06    1.34365e+03    2.00707e+24    4.44186e+03    3.55470e+03    7.01351e+10
    2.99263e+06    1.29445e+03    5.54478e+24    4.44964e+03    3.55116e+03    7.03109e+10
    3.01720e+06    1.24333e+03    1.76383e+25    4.45843e+03    3.54823e+03    7.05306e+10
    3.04178e+06    1.19030e+03    6.61234e+25    4.46770e+03    3.54510e+03    7.07621e+10
    3.06635e+06    1.13550e+03    2.99886e+26    4.47769e+03    3.54208e+03    7.10181e+10
    3.09091e+06    1.07899e+03    1.70483e+27    4.48892e+03    3.53979e+03    7.13288e+10
    3.11550e+06    1.02081e+03    1.27158e+28    4.49990e+03    3.53671e+03    7.16156e+10
    3.14007e+06    9.61152e+02    1.31406e+29    4.51139e+03    3.53383e+03    7.19233e+10
    3.16463e+06    9.00080e+02    2.03063e+30    4.52354e+03    3.53132e+03    7.22601e+10
    3.18922e+06    8.37679e+02    8.64844e+30    4.53547e+03    3.52855e+03    7.25844e+10
    3.21378e+06    7.74156e+02    9.86481e+30    4.54784e+03    3.52593e+03    7.29268e+10
    3.23835e+06    7.09611e+02    9.99982e+30    4.55915e+03    3.52242e+03    7.32172e+10
    3.26293e+06    6.44147e+02    1.00000e+31    4.57166e+03    3.51987e+03    7.35662e+10
    3.28750e+06    5.77999e+02    1.00000e+31    4.58129e+03    3.51511e+03    7.37767e+10
    3.30251e+06    5.37321e+02    1.00000e+31    4.58625e+03    3.51165e+03    7.38634e+10
    3.31751e+06    4.96466e+02    1.00000e+31    4.59338e+03    3.50982e+03    7.40549e+10
    3.33250e+06    4.55517e+02    1.00000e+31    4.59843e+03    3.50636e+03    7.41445e+10
    3.34750e+06    4.14427e+02    1.00000e+31    4.46067e+03    3.42340e+03    6.81197e+10
    3.36251e+06    3.71366e+02    1.00000e+31    3.76880e+03    3.32879e+03    5.12045e+10
    3.37751e+06    3.13078e+02    1.00000e+31    2.52778e+03    3.16021e+03    2.06105e+10
    3.39250e+06    2.25005e+02    1.00000e+31    2.48140e+03    3.15261e+03    1.94117e+10
    3.40000e+06    1.68063e+02    1.00000e+31    2.48511e+03    3.15218e+03    1.94671e+10
