    1.85000e+06    2.07163e+03    5.32700e+22    4.99700e+03    4.03983e+03    1.00874e+11
    1.86229e+06    2.06685e+03    4.75072e+22    4.99907e+03    4.03732e+03    1.00895e+11
    1.88686e+06    2.05685e+03    4.58221e+22    4.99756e+03    4.02982e+03    1.00649e+11
    1.91143e+06    2.04666e+03    4.43707e+22    4.99036e+03    4.02002e+03    1.00116e+11
    1.93601e+06    2.03636e+03    4.30466e+22    4.96797e+03    4.00575e+03    9.88690e+10
    1.96058e+06    2.02598e+03    4.17764e+22    4.95323e+03    3.99035e+03    9.79055e+10
    1.98514e+06    2.01555e+03    4.05140e+22    4.94032e+03    3.97523e+03    9.70260e+10
    2.00971e+06    2.00507e+03    3.92403e+22    4.92487e+03    3.96063e+03    9.60644e+10
    2.03429e+06    1.99461e+03    3.79409e+22    4.90588e+03    3.94708e+03    9.49982e+10
    2.05886e+06    1.98432e+03    3.65745e+22    4.89299e+03    3.93823e+03    9.42867e+10
    2.08343e+06    1.97442e+03    3.50771e+22    4.88583e+03    3.93091e+03    9.38361e+10
    2.10801e+06    1.96504e+03    3.34176e+22    4.87851e+03    3.92356e+03    9.33804e+10
    2.13258e+06    1.95620e+03    3.16314e+22    4.87187e+03    3.91646e+03    9.29580e+10
    2.15716e+06    1.94776e+03    2.97823e+22    4.86415e+03    3.90827e+03    9.24696e+10
    2.18173e+06    1.93953e+03    2.79271e+22    4.85714e+03    3.90003e+03    9.20089e+10
    2.20630e+06    1.93133e+03    2.61085e+22    4.84985e+03    3.89141e+03    9.15303e+10
    2.23088e+06    1.92296e+03    2.43832e+22    4.84226e+03    3.88380e+03    9.10654e+10
    2.25545e+06    1.91430e+03    2.28041e+22    4.83502e+03    3.87562e+03    9.06025e+10
    2.28002e+06    1.90529e+03    2.14023e+22    4.82753e+03    3.86710e+03    9.01232e+10
    2.30460e+06    1.89609e+03    2.01584e+22    4.80752e+03    3.85369e+03    8.90707e+10
    2.32917e+06    1.88698e+03    1.90158e+22    4.64760e+03    3.78899e+03    8.18570e+10
    2.35373e+06    1.87825e+03    1.79220e+22    4.52198e+03    3.73423e+03    7.63655e+10
    2.37832e+06    1.86991e+03    1.68768e+22    4.50617e+03    3.71832e+03    7.55029e+10
    2.40289e+06    1.86179e+03    1.59084e+22    4.48585e+03    3.70348e+03    7.45263e+10
    2.42745e+06    1.85356e+03    1.50443e+22    4.47475e+03    3.69381e+03    7.39642e+10
    2.45204e+06    1.84492e+03    1.43046e+22    4.46900e+03    3.68611e+03    7.36204e+10
    2.47660e+06    1.83559e+03    1.37199e+22    4.45680e+03    3.67522e+03    7.30031e+10
    2.50117e+06    1.82530e+03    1.33230e+22    4.44702e+03    3.66517e+03    7.24845e+10
    2.52575e+06    1.81380e+03    1.31491e+22    4.43978e+03    3.65713e+03    7.20897e+10
    2.55032e+06    1.80088e+03    1.32406e+22    4.43354e+03    3.64951e+03    7.17371e+10
    2.57489e+06    1.78634e+03    1.36520e+22    4.42842e+03    3.64228e+03    7.14294e+10
    2.59947e+06    1.77000e+03    1.44637e+22    4.42463e+03    3.63526e+03    7.11696e+10
    2.62404e+06    1.75176e+03    1.57924e+22    4.42226e+03    3.62881e+03    7.09674e+10
    2.64861e+06    1.73152e+03    1.78238e+22    4.42060e+03    3.62260e+03    7.07926e+10
    2.67319e+06    1.70921e+03    2.08587e+22    4.42032e+03    3.61709e+03    7.06758e+10
    2.69776e+06    1.68483e+03    2.53812e+22    4.41985e+03    3.61110e+03    7.05439e+10
    2.72232e+06    1.65838e+03    3.22108e+22    4.42006e+03    3.60532e+03    7.04377e+10
    2.74691e+06    1.62987e+03    4.27901e+22    4.42138e+03    3.60005e+03    7.03766e+10
    2.77148e+06    1.59934e+03    5.97003e+22    4.42336e+03    3.59505e+03    7.03420e+10
    2.79604e+06    1.56682e+03    8.78711e+22    4.42576e+03    3.58993e+03    7.03180e+10
    2.82063e+06    1.53231e+03    1.37153e+23    4.42911e+03    3.58533e+03    7.03342e+10
    2.84519e+06    1.49585e+03    2.28200e+23    4.43302e+03    3.58089e+03    7.03709e+10
    2.86976e+06    1.45746e+03    4.07595e+23    4.43735e+03    3.57637e+03    7.04197e+10
    2.89434e+06    1.41712e+03    7.88023e+23    4.44272e+03    3.57256e+03    7.05151e+10
    2.91891e+06    1.37489e+03    1.66335e+24    4.44814e+03    3.56829e+03    7.06024e+10
    2.94348e+06    1.33079e+03    3.87783e+24    4.45481e+03    3.56483e+03    7.07457e+10
    2.96806e+06    1.28481e+03    1.01220e+25    4.46134e+03    3.56076e+03    7.08722e+10
    2.99263e+06    1.23706e+03    3.00216e+25    4.46922e+03    3.55768e+03    7.10615e+10
    3.01720e+06    1.18755e+03    1.03206e+26    4.47730e+03    3.55409e+03    7.12464e+10
    3.04178e+06    1.13632e+03    4.21325e+26    4.48618e+03    3.55092e+03    7.14657e+10
    3.06635e+06    1.08350e+03    2.09904e+27    4.49605e+03    3.54817e+03    7.17249e+10
    3.09091e+06    1.02915e+03    1.32418e+28    4.50585e+03    3.54478e+03    7.19690e+10
    3.11550e+06    9.73323e+02    1.10902e+29    4.51621e+03    3.54167e+03    7.22371e+10
    3.14007e+06    9.16189e+02    1.30440e+30    4.52668e+03    3.53844e+03    7.25059e+10
    3.16463e+06    8.57821e+02    7.88037e+30    4.53807e+03    3.53593e+03    7.28197e+10
    3.18922e+06    7.98301e+02    9.67522e+30    4.54848e+03    3.53238e+03    7.30807e+10
    3.21378e+06    7.37828e+02    9.99819e+30    4.55973e+03    3.52946e+03    7.33820e+10
    3.23835e+06    6.76499e+02    1.00000e+31    4.56987e+03    3.52560e+03    7.36280e+10
    3.26293e+06    6.14410e+02    1.00000e+31    4.58122e+03    3.52280e+03    7.39356e+10
    3.28750e+06    5.51783e+02    1.00000e+31    4.58971e+03    3.51781e+03    7.41049e+10
    3.30251e+06    5.13325e+02    1.00000e+31    4.59365e+03    3.51387e+03    7.41491e+10
    3.31751e+06    4.74740e+02    1.00000e+31    4.59998e+03    3.51181e+03    7.43099e+10
    3.33250e+06    4.36105e+02    1.00000e+31    4.60415e+03    3.50809e+03    7.43656e+10
    3.34750e+06    3.97373e+02    1.00000e+31    4.46554e+03    3.42531e+03    6.83109e+10
    3.36251e+06    3.56637e+02    1.00000e+31    3.70895e+03    3.32153e+03    4.97533e+10
    3.37751e+06    3.01418e+02    1.00000e+31    2.52776e+03    3.16081e+03    2.06015e+10
    3.39250e+06    2.20041e+02    1.00000e+31    2.48196e+03    3.15289e+03    1.94222e+10
    3.40000e+06    1.68063e+02    1.00000e+31    2.48511e+03    3.15218e+03    1.94671e+10
