    1.85000e+06    2.07547e+03    5.03335e+22    4.98956e+03    4.03905e+03    1.00555e+11
    1.86229e+06    2.07167e+03    4.42439e+22    4.99480e+03    4.03681e+03    1.00710e+11
    1.88686e+06    2.06351e+03    4.14776e+22    4.98948e+03    4.02911e+03    1.00305e+11
    1.91143e+06    2.05494e+03    3.91316e+22    4.96199e+03    4.01441e+03    9.88416e+10
    1.93601e+06    2.04595e+03    3.71354e+22    4.93958e+03    4.00071e+03    9.76168e+10
    1.96058e+06    2.03655e+03    3.54395e+22    4.92294e+03    3.98611e+03    9.66068e+10
    1.98514e+06    2.02674e+03    3.39910e+22    4.91094e+03    3.97039e+03    9.57571e+10
    2.00971e+06    2.01661e+03    3.27249e+22    4.90418e+03    3.95731e+03    9.51780e+10
    2.03429e+06    2.00633e+03    3.15376e+22    4.89566e+03    3.94495e+03    9.45509e+10
    2.05886e+06    1.99629e+03    3.02692e+22    4.88829e+03    3.93661e+03    9.40669e+10
    2.08343e+06    1.98693e+03    2.87575e+22    4.88114e+03    3.92929e+03    9.36175e+10
    2.10801e+06    1.97847e+03    2.69507e+22    4.87375e+03    3.92191e+03    9.31589e+10
    2.13258e+06    1.97080e+03    2.49625e+22    4.86630e+03    3.91445e+03    9.26974e+10
    2.15716e+06    1.96356e+03    2.29627e+22    4.85852e+03    3.90649e+03    9.22136e+10
    2.18173e+06    1.95634e+03    2.10978e+22    4.85064e+03    3.89832e+03    9.17227e+10
    2.20630e+06    1.94886e+03    1.94344e+22    4.84314e+03    3.88984e+03    9.12399e+10
    2.23088e+06    1.94085e+03    1.80092e+22    4.83542e+03    3.88169e+03    9.07591e+10
    2.25545e+06    1.93228e+03    1.68090e+22    4.82828e+03    3.87315e+03    9.02920e+10
    2.28002e+06    1.92323e+03    1.57888e+22    4.82105e+03    3.86462e+03    8.98236e+10
    2.30460e+06    1.91409e+03    1.48458e+22    4.77797e+03    3.84316e+03    8.77388e+10
    2.32917e+06    1.90543e+03    1.38657e+22    4.60429e+03    3.77301e+03    7.99902e+10
    2.35373e+06    1.89764e+03    1.27882e+22    4.50532e+03    3.72866e+03    7.56846e+10
    2.37832e+06    1.89060e+03    1.16694e+22    4.49849e+03    3.71681e+03    7.52149e+10
    2.40289e+06    1.88386e+03    1.06093e+22    4.47517e+03    3.70223e+03    7.41453e+10
    2.42745e+06    1.87685e+03    9.68806e+21    4.46621e+03    3.69325e+03    7.36696e+10
    2.45204e+06    1.86916e+03    8.93679e+21    4.45487e+03    3.68233e+03    7.30794e+10
    2.47660e+06    1.86046e+03    8.37176e+21    4.44723e+03    3.67390e+03    7.26620e+10
    2.50117e+06    1.85045e+03    7.99673e+21    4.43615e+03    3.66291e+03    7.20844e+10
    2.52575e+06    1.83888e+03    7.81799e+21    4.42984e+03    3.65490e+03    7.17221e+10
    2.55032e+06    1.82557e+03    7.85074e+21    4.42412e+03    3.64685e+03    7.13795e+10
    2.57489e+06    1.81034e+03    8.12131e+21    4.41998e+03    3.63961e+03    7.11043e+10
    2.59947e+06    1.79303e+03    8.68127e+21    4.41700e+03    3.63285e+03    7.08769e+10
    2.62404e+06    1.77362e+03    9.60792e+21    4.41485e+03    3.62639e+03    7.06819e+10
    2.64861e+06    1.75202e+03    1.10359e+22    4.41385e+03    3.62050e+03    7.05350e+10
    2.67319e+06    1.72825e+03    1.31828e+22    4.41381e+03    3.61499e+03    7.04267e+10
    2.69776e+06    1.70233e+03    1.64108e+22    4.41408e+03    3.60923e+03    7.03227e+10
    2.72232e+06    1.67431e+03    2.13367e+22    4.41480e+03    3.60362e+03    7.02366e+10
    2.74691e+06    1.64421e+03    2.90652e+22    4.41670e+03    3.59860e+03    7.01990e+10
    2.77148e+06    1.61210e+03    4.15980e+22    4.41920e+03    3.59376e+03    7.01841e+10
    2.79604e+06    1.57800e+03    6.28177e+22    4.42204e+03    3.58872e+03    7.01755e+10
    2.82063e+06    1.54193e+03    1.00599e+23    4.42590e+03    3.58429e+03    7.02113e+10
    2.84519e+06    1.50394e+03    1.71741e+23    4.43017e+03    3.57985e+03    7.02597e+10
    2.86976e+06    1.46403e+03    3.14798e+23    4.43504e+03    3.57557e+03    7.03302e+10
    2.89434e+06    1.42220e+03    6.24831e+23    4.44101e+03    3.57200e+03    7.04493e+10
    2.91891e+06    1.37852e+03    1.35486e+24    4.44681e+03    3.56776e+03    7.05495e+10
    2.94348e+06    1.33298e+03    3.24790e+24    4.45405e+03    3.56457e+03    7.07162e+10
    2.96806e+06    1.28561e+03    8.72965e+24    4.46096e+03    3.56062e+03    7.08572e+10
    2.99263e+06    1.23651e+03    2.67102e+25    4.46914e+03    3.55755e+03    7.10561e+10
    3.01720e+06    1.18569e+03    9.49544e+25    4.47781e+03    3.55422e+03    7.12653e+10
    3.04178e+06    1.13320e+03    4.02163e+26    4.48732e+03    3.55132e+03    7.15097e+10
    3.06635e+06    1.07918e+03    2.08723e+27    4.49746e+03    3.54857e+03    7.17776e+10
    3.09091e+06    1.02367e+03    1.37920e+28    4.50764e+03    3.54526e+03    7.20357e+10
    3.11550e+06    9.66733e+02    1.21861e+29    4.51846e+03    3.54233e+03    7.23221e+10
    3.14007e+06    9.08548e+02    1.52658e+30    4.52919e+03    3.53914e+03    7.26005e+10
    3.16463e+06    8.49187e+02    8.86876e+30    4.54090e+03    3.53673e+03    7.29266e+10
    3.18922e+06    7.88731e+02    9.97583e+30    4.55158e+03    3.53325e+03    7.31980e+10
    3.21378e+06    7.27380e+02    1.00000e+31    4.56306e+03    3.53040e+03    7.35085e+10
    3.23835e+06    6.65230e+02    1.00000e+31    4.57344e+03    3.52662e+03    7.37644e+10
    3.26293e+06    6.02378e+02    1.00000e+31    4.58505e+03    3.52393e+03    7.40829e+10
    3.28750e+06    5.39048e+02    1.00000e+31    4.59377e+03    3.51909e+03    7.42629e+10
    3.30251e+06    5.00186e+02    1.00000e+31    4.59766e+03    3.51508e+03    7.43037e+10
    3.31751e+06    4.61220e+02    1.00000e+31    4.60403e+03    3.51303e+03    7.44662e+10
    3.33250e+06    4.22223e+02    1.00000e+31    4.60823e+03    3.50932e+03    7.45235e+10
    3.34750e+06    3.83140e+02    1.00000e+31    4.46610e+03    3.42601e+03    6.83723e+10
    3.36251e+06    3.41689e+02    1.00000e+31    3.59836e+03    3.30755e+03    4.70431e+10
    3.37751e+06    2.87166e+02    1.00000e+31    2.53113e+03    3.16195e+03    2.06729e+10
    3.39250e+06    2.13153e+02    1.00000e+31    2.48272e+03    3.15327e+03    1.94364e+10
    3.40000e+06    1.68063e+02    1.00000e+31    2.48511e+03    3.15218e+03    1.94671e+10
