# h loading Love number for a Heaviside load
# Computed by ISSM on 19-Mar-2026 11:30:39
#
#   n         h_n(t)
    1  -1.252810e+00  -1.252841e+00  -1.252850e+00  -1.252879e+00  -1.252906e+00  -1.252953e+00  -1.253003e+00  -1.253088e+00  -1.253195e+00  -1.253363e+00  -1.253587e+00  -1.253887e+00  -1.254318e+00  -1.254867e+00  -1.255532e+00  -1.256403e+00  -1.257396e+00  -1.258492e+00  -1.259720e+00  -1.261009e+00  -1.262351e+00  -1.263710e+00  -1.265063e+00  -1.266354e+00  -1.267520e+00  -1.268532e+00  -1.269351e+00  -1.269982e+00  -1.270489e+00  -1.270956e+00  -1.271510e+00  -1.272268e+00  -1.273338e+00  -1.274864e+00  -1.277026e+00  -1.280077e+00  -1.284344e+00  -1.290255e+00  -1.298331e+00  -1.309166e+00  -1.323367e+00  -1.341425e+00  -1.363420e+00  -1.388739e+00  -1.415521e+00  -1.440544e+00  -1.460094e+00  -1.471982e+00  -1.477201e+00  -1.478945e+00  -1.479867e+00
    2  -9.616526e-01  -9.620618e-01  -9.621842e-01  -9.625614e-01  -9.629148e-01  -9.635266e-01  -9.641779e-01  -9.652867e-01  -9.666858e-01  -9.688790e-01  -9.718055e-01  -9.757276e-01  -9.813478e-01  -9.884995e-01  -9.971448e-01  -1.008465e+00  -1.021318e+00  -1.035432e+00  -1.051173e+00  -1.067585e+00  -1.084516e+00  -1.101491e+00  -1.118186e+00  -1.133910e+00  -1.147912e+00  -1.159911e+00  -1.169554e+00  -1.177026e+00  -1.183205e+00  -1.189170e+00  -1.196444e+00  -1.206428e+00  -1.220433e+00  -1.240121e+00  -1.267488e+00  -1.305048e+00  -1.355586e+00  -1.421821e+00  -1.505546e+00  -1.606116e+00  -1.720493e+00  -1.842321e+00  -1.962310e+00  -2.075696e+00  -2.180301e+00  -2.272762e+00  -2.345348e+00  -2.391348e+00  -2.413492e+00  -2.422866e+00  -2.429497e+00
    3  -1.024664e+00  -1.025201e+00  -1.025361e+00  -1.025856e+00  -1.026320e+00  -1.027122e+00  -1.027977e+00  -1.029432e+00  -1.031269e+00  -1.034151e+00  -1.037998e+00  -1.043162e+00  -1.050571e+00  -1.060020e+00  -1.071485e+00  -1.086558e+00  -1.103779e+00  -1.122845e+00  -1.144300e+00  -1.166909e+00  -1.190506e+00  -1.214468e+00  -1.238336e+00  -1.261124e+00  -1.281710e+00  -1.299581e+00  -1.314104e+00  -1.325441e+00  -1.334810e+00  -1.343785e+00  -1.354668e+00  -1.369610e+00  -1.390637e+00  -1.420364e+00  -1.462010e+00  -1.519802e+00  -1.598772e+00  -1.704506e+00  -1.842082e+00  -2.013704e+00  -2.217829e+00  -2.445161e+00  -2.675410e+00  -2.888032e+00  -3.066587e+00  -3.205074e+00  -3.303858e+00  -3.364666e+00  -3.395269e+00  -3.410946e+00  -3.425170e+00
    4  -1.020277e+00  -1.020880e+00  -1.021060e+00  -1.021615e+00  -1.022135e+00  -1.023036e+00  -1.023996e+00  -1.025630e+00  -1.027693e+00  -1.030930e+00  -1.035254e+00  -1.041061e+00  -1.049403e+00  -1.060055e+00  -1.073011e+00  -1.090087e+00  -1.109673e+00  -1.131469e+00  -1.156136e+00  -1.182308e+00  -1.209828e+00  -1.238005e+00  -1.266308e+00  -1.293577e+00  -1.318453e+00  -1.340237e+00  -1.358078e+00  -1.372068e+00  -1.383609e+00  -1.394577e+00  -1.407802e+00  -1.425959e+00  -1.451569e+00  -1.487934e+00  -1.539191e+00  -1.610933e+00  -1.710169e+00  -1.845332e+00  -2.025443e+00  -2.258251e+00  -2.545860e+00  -2.884510e+00  -3.249335e+00  -3.604865e+00  -3.908182e+00  -4.129629e+00  -4.267968e+00  -4.343798e+00  -4.382481e+00  -4.406227e+00  -4.430816e+00
    5  -1.041455e+00  -1.042107e+00  -1.042302e+00  -1.042904e+00  -1.043468e+00  -1.044443e+00  -1.045483e+00  -1.047254e+00  -1.049490e+00  -1.052998e+00  -1.057686e+00  -1.063986e+00  -1.073037e+00  -1.084604e+00  -1.098687e+00  -1.117275e+00  -1.138633e+00  -1.162464e+00  -1.189507e+00  -1.218297e+00  -1.248680e+00  -1.279915e+00  -1.311424e+00  -1.341917e+00  -1.369869e+00  -1.394450e+00  -1.414651e+00  -1.430509e+00  -1.443552e+00  -1.455863e+00  -1.470638e+00  -1.490915e+00  -1.519549e+00  -1.560313e+00  -1.617968e+00  -1.699067e+00  -1.812038e+00  -1.967449e+00  -2.177474e+00  -2.454324e+00  -2.805744e+00  -3.234618e+00  -3.719033e+00  -4.218740e+00  -4.671255e+00  -5.015514e+00  -5.226964e+00  -5.332153e+00  -5.381795e+00  -5.415064e+00  -5.451843e+00
    6  -1.087978e+00  -1.088684e+00  -1.088895e+00  -1.089546e+00  -1.090155e+00  -1.091211e+00  -1.092336e+00  -1.094252e+00  -1.096671e+00  -1.100468e+00  -1.105541e+00  -1.112360e+00  -1.122160e+00  -1.134689e+00  -1.149952e+00  -1.170111e+00  -1.193299e+00  -1.219206e+00  -1.248649e+00  -1.280049e+00  -1.313251e+00  -1.347457e+00  -1.382035e+00  -1.415577e+00  -1.446394e+00  -1.473548e+00  -1.495890e+00  -1.513418e+00  -1.527780e+00  -1.541253e+00  -1.557358e+00  -1.579446e+00  -1.610659e+00  -1.655157e+00  -1.718220e+00  -1.807177e+00  -1.931597e+00  -2.103744e+00  -2.338290e+00  -2.651036e+00  -3.055677e+00  -3.557813e+00  -4.143943e+00  -4.773506e+00  -5.373730e+00  -5.858503e+00  -6.172814e+00  -6.331183e+00  -6.401538e+00  -6.447094e+00  -6.497968e+00
    7  -1.148010e+00  -1.148774e+00  -1.149002e+00  -1.149706e+00  -1.150366e+00  -1.151508e+00  -1.152725e+00  -1.154798e+00  -1.157415e+00  -1.161523e+00  -1.167013e+00  -1.174393e+00  -1.185001e+00  -1.198565e+00  -1.215097e+00  -1.236942e+00  -1.262086e+00  -1.290203e+00  -1.322189e+00  -1.356338e+00  -1.392490e+00  -1.429784e+00  -1.467531e+00  -1.504196e+00  -1.537925e+00  -1.567672e+00  -1.592153e+00  -1.611332e+00  -1.626988e+00  -1.641588e+00  -1.658977e+00  -1.682810e+00  -1.716499e+00  -1.764573e+00  -1.832790e+00  -1.929191e+00  -2.064371e+00  -2.252090e+00  -2.509190e+00  -2.854546e+00  -3.306048e+00  -3.874569e+00  -4.551862e+00  -5.300183e+00  -6.041703e+00  -6.672102e+00  -7.107559e+00  -7.340992e+00  -7.445531e+00  -7.507889e+00  -7.574650e+00
    8  -1.213792e+00  -1.214616e+00  -1.214862e+00  -1.215622e+00  -1.216334e+00  -1.217567e+00  -1.218880e+00  -1.221117e+00  -1.223941e+00  -1.228375e+00  -1.234301e+00  -1.242268e+00  -1.253720e+00  -1.268368e+00  -1.286227e+00  -1.309831e+00  -1.337016e+00  -1.367435e+00  -1.402063e+00  -1.439065e+00  -1.478271e+00  -1.518751e+00  -1.559761e+00  -1.599628e+00  -1.636334e+00  -1.668719e+00  -1.695367e+00  -1.716209e+00  -1.733156e+00  -1.748872e+00  -1.767527e+00  -1.793077e+00  -1.829200e+00  -1.880781e+00  -1.954040e+00  -2.057701e+00  -2.203327e+00  -2.406083e+00  -2.684809e+00  -3.061191e+00  -3.556935e+00  -4.187766e+00  -4.950551e+00  -5.811173e+00  -6.689507e+00  -7.467563e+00  -8.035675e+00  -8.361165e+00  -8.512816e+00  -8.596849e+00  -8.680102e+00
    9  -1.281311e+00  -1.282196e+00  -1.282462e+00  -1.283278e+00  -1.284044e+00  -1.285369e+00  -1.286780e+00  -1.289185e+00  -1.292222e+00  -1.296989e+00  -1.303360e+00  -1.311926e+00  -1.324242e+00  -1.339996e+00  -1.359209e+00  -1.384611e+00  -1.413879e+00  -1.446647e+00  -1.483972e+00  -1.523881e+00  -1.566197e+00  -1.609921e+00  -1.654245e+00  -1.697363e+00  -1.737084e+00  -1.772137e+00  -1.800968e+00  -1.823478e+00  -1.841713e+00  -1.858532e+00  -1.878430e+00  -1.905663e+00  -1.944170e+00  -1.999185e+00  -2.077375e+00  -2.188124e+00  -2.343930e+00  -2.561299e+00  -2.860977e+00  -3.267309e+00  -3.805609e+00  -4.496227e+00  -5.341076e+00  -6.310175e+00  -7.322739e+00  -8.250090e+00  -8.959207e+00  -9.389855e+00  -9.599606e+00  -9.709472e+00  -9.808487e+00
   10  -1.348617e+00  -1.349565e+00  -1.349849e+00  -1.350723e+00  -1.351542e+00  -1.352960e+00  -1.354471e+00  -1.357044e+00  -1.360294e+00  -1.365396e+00  -1.372216e+00  -1.381386e+00  -1.394571e+00  -1.411439e+00  -1.432016e+00  -1.459228e+00  -1.490593e+00  -1.525727e+00  -1.565767e+00  -1.608604e+00  -1.654051e+00  -1.701038e+00  -1.748698e+00  -1.795084e+00  -1.837833e+00  -1.875562e+00  -1.906579e+00  -1.930754e+00  -1.950265e+00  -1.968167e+00  -1.989279e+00  -2.018152e+00  -2.058980e+00  -2.117338e+00  -2.200325e+00  -2.317968e+00  -2.483666e+00  -2.715221e+00  -3.035214e+00  -3.470551e+00  -4.050022e+00  -4.798475e+00  -5.722880e+00  -6.797765e+00  -7.942878e+00  -9.020952e+00  -9.877550e+00  -1.042382e+01  -1.070080e+01  -1.083976e+01  -1.095281e+01
   11  -1.414748e+00  -1.415757e+00  -1.416059e+00  -1.416991e+00  -1.417863e+00  -1.419374e+00  -1.420984e+00  -1.423726e+00  -1.427188e+00  -1.432625e+00  -1.439891e+00  -1.449662e+00  -1.463714e+00  -1.481693e+00  -1.503629e+00  -1.532647e+00  -1.566103e+00  -1.603597e+00  -1.646346e+00  -1.692104e+00  -1.740676e+00  -1.790921e+00  -1.841909e+00  -1.891556e+00  -1.937327e+00  -1.977725e+00  -2.010917e+00  -2.036744e+00  -2.057513e+00  -2.076473e+00  -2.098763e+00  -2.129226e+00  -2.172302e+00  -2.233896e+00  -2.321530e+00  -2.445847e+00  -2.621120e+00  -2.866405e+00  -3.206056e+00  -3.669458e+00  -4.288785e+00  -5.092843e+00  -6.095068e+00  -7.273424e+00  -8.549609e+00  -9.779421e+00  -1.078854e+01  -1.145888e+01  -1.181088e+01  -1.198173e+01  -1.210674e+01
   12  -1.479182e+00  -1.480253e+00  -1.480573e+00  -1.481561e+00  -1.482487e+00  -1.484089e+00  -1.485797e+00  -1.488705e+00  -1.492378e+00  -1.498144e+00  -1.505853e+00  -1.516219e+00  -1.531127e+00  -1.550205e+00  -1.573486e+00  -1.604290e+00  -1.639818e+00  -1.679648e+00  -1.725080e+00  -1.773733e+00  -1.825402e+00  -1.878876e+00  -1.933165e+00  -1.986047e+00  -2.034813e+00  -2.077856e+00  -2.113203e+00  -2.140659e+00  -2.162663e+00  -2.182653e+00  -2.206081e+00  -2.238075e+00  -2.283317e+00  -2.348031e+00  -2.440141e+00  -2.570890e+00  -2.755392e+00  -3.013914e+00  -3.372525e+00  -3.863015e+00  -4.520858e+00  -5.379181e+00  -6.456608e+00  -7.736150e+00  -9.141756e+00  -1.052367e+01  -1.168913e+01  -1.249056e+01  -1.292442e+01  -1.312989e+01  -1.326499e+01
   13  -1.541600e+00  -1.542731e+00  -1.543070e+00  -1.544113e+00  -1.545091e+00  -1.546783e+00  -1.548587e+00  -1.551658e+00  -1.555538e+00  -1.561629e+00  -1.569771e+00  -1.580722e+00  -1.596472e+00  -1.616630e+00  -1.641233e+00  -1.673792e+00  -1.711356e+00  -1.753485e+00  -1.801556e+00  -1.853059e+00  -1.907779e+00  -1.964434e+00  -2.021977e+00  -2.078048e+00  -2.129770e+00  -2.175420e+00  -2.212889e+00  -2.241946e+00  -2.265156e+00  -2.286141e+00  -2.310663e+00  -2.344125e+00  -2.391443e+00  -2.459146e+00  -2.555549e+00  -2.692466e+00  -2.885822e+00  -3.157048e+00  -3.533871e+00  -4.050411e+00  -4.745354e+00  -5.656085e+00  -6.806435e+00  -8.184681e+00  -9.717693e+00  -1.125139e+01  -1.257592e+01  -1.351428e+01  -1.403634e+01  -1.427939e+01  -1.442334e+01
   14  -1.601782e+00  -1.602972e+00  -1.603328e+00  -1.604425e+00  -1.605454e+00  -1.607234e+00  -1.609131e+00  -1.612362e+00  -1.616444e+00  -1.622851e+00  -1.631417e+00  -1.642939e+00  -1.659511e+00  -1.680722e+00  -1.706616e+00  -1.740891e+00  -1.780443e+00  -1.824820e+00  -1.875473e+00  -1.929764e+00  -1.987471e+00  -2.047244e+00  -2.107975e+00  -2.167174e+00  -2.221793e+00  -2.270000e+00  -2.309549e+00  -2.340171e+00  -2.364552e+00  -2.386496e+00  -2.412061e+00  -2.446924e+00  -2.496221e+00  -2.566774e+00  -2.667268e+00  -2.810069e+00  -3.011873e+00  -3.295232e+00  -3.689463e+00  -4.230939e+00  -4.961472e+00  -5.922625e+00  -7.143435e+00  -8.617645e+00  -1.027563e+01  -1.196009e+01  -1.344547e+01  -1.452576e+01  -1.514202e+01  -1.542609e+01  -1.557842e+01
   15  -1.659565e+00  -1.660812e+00  -1.661185e+00  -1.662335e+00  -1.663413e+00  -1.665278e+00  -1.667266e+00  -1.670652e+00  -1.674929e+00  -1.681644e+00  -1.690621e+00  -1.702696e+00  -1.720065e+00  -1.742300e+00  -1.769447e+00  -1.805387e+00  -1.846872e+00  -1.893432e+00  -1.946597e+00  -2.003601e+00  -2.064215e+00  -2.127025e+00  -2.190864e+00  -2.253112e+00  -2.310558e+00  -2.361260e+00  -2.402835e+00  -2.434978e+00  -2.460492e+00  -2.483353e+00  -2.509910e+00  -2.546100e+00  -2.597270e+00  -2.670524e+00  -2.774896e+00  -2.923276e+00  -3.133097e+00  -3.427976e+00  -3.838759e+00  -4.403983e+00  -5.168491e+00  -6.177938e+00  -7.466542e+00  -9.033657e+00  -1.081371e+01  -1.264725e+01  -1.429445e+01  -1.552090e+01  -1.623728e+01  -1.656634e+01  -1.672747e+01
   16  -1.714833e+00  -1.716135e+00  -1.716524e+00  -1.717725e+00  -1.718850e+00  -1.720798e+00  -1.722874e+00  -1.726409e+00  -1.730874e+00  -1.737886e+00  -1.747259e+00  -1.759868e+00  -1.778007e+00  -1.801228e+00  -1.829585e+00  -1.867133e+00  -1.910485e+00  -1.959155e+00  -2.014747e+00  -2.074377e+00  -2.137806e+00  -2.203557e+00  -2.270408e+00  -2.335614e+00  -2.395802e+00  -2.448925e+00  -2.492464e+00  -2.526079e+00  -2.552682e+00  -2.576416e+00  -2.603910e+00  -2.641349e+00  -2.694283e+00  -2.770079e+00  -2.878105e+00  -3.031743e+00  -3.249124e+00  -3.554879e+00  -3.981308e+00  -4.569026e+00  -5.365797e+00  -6.421266e+00  -7.774794e+00  -9.431469e+00  -1.133023e+01  -1.331055e+01  -1.511977e+01  -1.649608e+01  -1.731842e+01  -1.769706e+01  -1.786816e+01
   17  -1.767508e+00  -1.768862e+00  -1.769268e+00  -1.770517e+00  -1.771687e+00  -1.773714e+00  -1.775874e+00  -1.779552e+00  -1.784199e+00  -1.791495e+00  -1.801248e+00  -1.814370e+00  -1.833246e+00  -1.857415e+00  -1.886933e+00  -1.926024e+00  -1.971169e+00  -2.021868e+00  -2.079794e+00  -2.141950e+00  -2.208089e+00  -2.276674e+00  -2.346430e+00  -2.414488e+00  -2.477324e+00  -2.532783e+00  -2.578218e+00  -2.613248e+00  -2.640893e+00  -2.665452e+00  -2.693825e+00  -2.732433e+00  -2.787016e+00  -2.865192e+00  -2.976637e+00  -3.135199e+00  -3.359665e+00  -3.675625e+00  -4.116757e+00  -4.725656e+00  -5.552896e+00  -6.651999e+00  -8.067392e+00  -9.809997e+00  -1.182372e+01  -1.394796e+01  -1.591874e+01  -1.744800e+01  -1.838207e+01  -1.881537e+01  -1.899842e+01
   18  -1.817547e+00  -1.818952e+00  -1.819372e+00  -1.820668e+00  -1.821882e+00  -1.823983e+00  -1.826223e+00  -1.830039e+00  -1.834858e+00  -1.842424e+00  -1.852541e+00  -1.866151e+00  -1.885733e+00  -1.910805e+00  -1.941431e+00  -1.981997e+00  -2.028855e+00  -2.081492e+00  -2.141652e+00  -2.206225e+00  -2.274960e+00  -2.346262e+00  -2.418803e+00  -2.489600e+00  -2.554977e+00  -2.612679e+00  -2.659932e+00  -2.696318e+00  -2.724953e+00  -2.750289e+00  -2.779481e+00  -2.819176e+00  -2.875292e+00  -2.955678e+00  -3.070304e+00  -3.233446e+00  -3.464511e+00  -3.789986e+00  -4.244852e+00  -4.873581e+00  -5.729437e+00  -6.869689e+00  -8.343747e+00  -1.016843e+01  -1.229300e+01  -1.455774e+01  -1.668899e+01  -1.837377e+01  -1.942519e+01  -1.991868e+01  -2.011631e+01
   19  -1.864940e+00  -1.866392e+00  -1.866827e+00  -1.868167e+00  -1.869422e+00  -1.871595e+00  -1.873911e+00  -1.877856e+00  -1.882839e+00  -1.890663e+00  -1.901124e+00  -1.915198e+00  -1.935448e+00  -1.961379e+00  -1.993058e+00  -2.035025e+00  -2.083511e+00  -2.137992e+00  -2.200277e+00  -2.267152e+00  -2.338361e+00  -2.412253e+00  -2.487453e+00  -2.560864e+00  -2.628669e+00  -2.688514e+00  -2.737504e+00  -2.775180e+00  -2.804752e+00  -2.830815e+00  -2.860765e+00  -2.901464e+00  -2.958994e+00  -3.041423e+00  -3.158985e+00  -3.326364e+00  -3.563535e+00  -3.897828e+00  -4.365444e+00  -5.012631e+00  -5.895213e+00  -7.074069e+00  -8.603488e+00  -1.050620e+01  -1.273720e+01  -1.513859e+01  -1.742859e+01  -1.927086e+01  -2.044503e+01  -2.100448e+01  -2.121988e+01
   20  -1.909706e+00  -1.911204e+00  -1.911652e+00  -1.913033e+00  -1.914327e+00  -1.916568e+00  -1.918956e+00  -1.923023e+00  -1.928160e+00  -1.936228e+00  -1.947014e+00  -1.961527e+00  -1.982408e+00  -2.009150e+00  -2.041824e+00  -2.085115e+00  -2.135141e+00  -2.191367e+00  -2.255664e+00  -2.324721e+00  -2.398275e+00  -2.474626e+00  -2.552350e+00  -2.628245e+00  -2.698358e+00  -2.760241e+00  -2.810880e+00  -2.849779e+00  -2.880234e+00  -2.906972e+00  -2.937810e+00  -2.979240e+00  -3.038068e+00  -3.122369e+00  -3.242627e+00  -3.413897e+00  -3.656684e+00  -3.999098e+00  -4.478480e+00  -5.142750e+00  -6.050157e+00  -7.265046e+00  -8.846456e+00  -1.082304e+01  -1.315581e+01  -1.568957e+01  -1.813601e+01  -2.013711e+01  -2.143903e+01  -2.207038e+01  -2.230720e+01
   21  -1.951890e+00  -1.953430e+00  -1.953891e+00  -1.955311e+00  -1.956642e+00  -1.958945e+00  -1.961401e+00  -1.965583e+00  -1.970866e+00  -1.979162e+00  -1.990254e+00  -2.005178e+00  -2.026654e+00  -2.054159e+00  -2.087768e+00  -2.132305e+00  -2.183780e+00  -2.241650e+00  -2.307843e+00  -2.378957e+00  -2.454725e+00  -2.533398e+00  -2.613507e+00  -2.691751e+00  -2.764049e+00  -2.827860e+00  -2.880058e+00  -2.920110e+00  -2.951392e+00  -2.978755e+00  -3.010237e+00  -3.052500e+00  -3.112509e+00  -3.198518e+00  -3.321235e+00  -3.496056e+00  -3.743975e+00  -4.093823e+00  -4.584002e+00  -5.263993e+00  -6.194338e+00  -7.442692e+00  -9.072705e+00  -1.111892e+01  -1.354859e+01  -1.621009e+01  -1.881012e+01  -2.097067e+01  -2.240485e+01  -2.311403e+01  -2.337620e+01
   22  -1.991557e+00  -1.993137e+00  -1.993609e+00  -1.995066e+00  -1.996431e+00  -1.998794e+00  -2.001313e+00  -2.005603e+00  -2.011021e+00  -2.019531e+00  -2.030909e+00  -2.046219e+00  -2.068250e+00  -2.096468e+00  -2.130954e+00  -2.176657e+00  -2.229490e+00  -2.288900e+00  -2.356873e+00  -2.429918e+00  -2.507766e+00  -2.588621e+00  -2.670975e+00  -2.751430e+00  -2.825784e+00  -2.891411e+00  -2.945078e+00  -2.986211e+00  -3.018264e+00  -3.046203e+00  -3.078271e+00  -3.121288e+00  -3.182366e+00  -3.269920e+00  -3.394865e+00  -3.572907e+00  -3.825487e+00  -4.182104e+00  -4.682127e+00  -5.376506e+00  -6.327938e+00  -7.607224e+00  -9.282474e+00  -1.139403e+01  -1.391565e+01  -1.669994e+01  -1.945009e+01  -2.177003e+01  -2.334038e+01  -2.413310e+01  -2.442480e+01
   23  -2.028792e+00  -2.030408e+00  -2.030891e+00  -2.032382e+00  -2.033779e+00  -2.036197e+00  -2.038774e+00  -2.043164e+00  -2.048710e+00  -2.057418e+00  -2.069062e+00  -2.084732e+00  -2.107280e+00  -2.136163e+00  -2.171465e+00  -2.218256e+00  -2.272356e+00  -2.333204e+00  -2.402837e+00  -2.477687e+00  -2.557479e+00  -2.640377e+00  -2.724833e+00  -2.807360e+00  -2.883643e+00  -2.950973e+00  -3.006015e+00  -3.048160e+00  -3.080928e+00  -3.109392e+00  -3.141990e+00  -3.185685e+00  -3.247724e+00  -3.336669e+00  -3.463619e+00  -3.644565e+00  -3.901351e+00  -4.264088e+00  -4.773043e+00  -5.480521e+00  -6.451238e+00  -7.758982e+00  -9.475987e+00  -1.164881e+01  -1.425730e+01  -1.715918e+01  -2.005551e+01  -2.253395e+01  -2.424359e+01  -2.512524e+01  -2.545076e+01
   24  -2.063690e+00  -2.065340e+00  -2.065834e+00  -2.067356e+00  -2.068782e+00  -2.071252e+00  -2.073884e+00  -2.078367e+00  -2.084029e+00  -2.092922e+00  -2.104813e+00  -2.120815e+00  -2.143844e+00  -2.173343e+00  -2.209402e+00  -2.257202e+00  -2.312478e+00  -2.374662e+00  -2.445840e+00  -2.522368e+00  -2.603972e+00  -2.688773e+00  -2.775188e+00  -2.859649e+00  -2.937732e+00  -3.006652e+00  -3.062977e+00  -3.106063e+00  -3.139492e+00  -3.168435e+00  -3.201508e+00  -3.245809e+00  -3.308706e+00  -3.398893e+00  -3.527637e+00  -3.711182e+00  -3.971743e+00  -4.339981e+00  -4.856993e+00  -5.576332e+00  -6.564600e+00  -7.898407e+00  -9.654092e+00  -1.188381e+01  -1.457409e+01  -1.758812e+01  -2.062616e+01  -2.326146e+01  -2.511269e+01  -2.608821e+01  -2.645182e+01
   25  -2.096360e+00  -2.098042e+00  -2.098545e+00  -2.100096e+00  -2.101550e+00  -2.104067e+00  -2.106749e+00  -2.111317e+00  -2.117088e+00  -2.126152e+00  -2.138270e+00  -2.154579e+00  -2.178051e+00  -2.208120e+00  -2.244878e+00  -2.293611e+00  -2.349974e+00  -2.413393e+00  -2.486000e+00  -2.564085e+00  -2.647367e+00  -2.733934e+00  -2.822169e+00  -2.908426e+00  -2.988182e+00  -3.058579e+00  -3.116097e+00  -3.160054e+00  -3.194090e+00  -3.223467e+00  -3.256965e+00  -3.301803e+00  -3.365460e+00  -3.456750e+00  -3.587088e+00  -3.772946e+00  -4.036871e+00  -4.410019e+00  -4.934261e+00  -5.664282e+00  -6.668446e+00  -8.026014e+00  -9.817244e+00  -1.209974e+01  -1.486671e+01  -1.798730e+01  -2.116212e+01  -2.395183e+01  -2.594607e+01  -2.701976e+01  -2.742561e+01
   26  -2.126917e+00  -2.128628e+00  -2.129140e+00  -2.130718e+00  -2.132196e+00  -2.134756e+00  -2.137484e+00  -2.142132e+00  -2.148002e+00  -2.157222e+00  -2.169550e+00  -2.186141e+00  -2.210020e+00  -2.240612e+00  -2.278014e+00  -2.327604e+00  -2.384968e+00  -2.449526e+00  -2.523450e+00  -2.602969e+00  -2.687801e+00  -2.775999e+00  -2.865916e+00  -2.953835e+00  -3.035141e+00  -3.106906e+00  -3.165525e+00  -3.210286e+00  -3.244878e+00  -3.274645e+00  -3.308519e+00  -3.353831e+00  -3.418157e+00  -3.510419e+00  -3.642162e+00  -3.830064e+00  -4.096968e+00  -4.474482e+00  -5.005163e+00  -5.744754e+00  -6.763241e+00  -8.142373e+00  -9.966131e+00  -1.229738e+01  -1.513601e+01  -1.835743e+01  -2.166366e+01  -2.460458e+01  -2.674225e+01  -2.791771e+01  -2.836972e+01
   27  -2.155480e+00  -2.157217e+00  -2.157737e+00  -2.159339e+00  -2.160840e+00  -2.163440e+00  -2.166211e+00  -2.170930e+00  -2.176891e+00  -2.186254e+00  -2.198774e+00  -2.215623e+00  -2.239875e+00  -2.270946e+00  -2.308937e+00  -2.359312e+00  -2.417593e+00  -2.483194e+00  -2.558328e+00  -2.639164e+00  -2.725420e+00  -2.815119e+00  -2.906585e+00  -2.996034e+00  -3.078767e+00  -3.151793e+00  -3.211428e+00  -3.256926e+00  -3.292025e+00  -3.322142e+00  -3.356347e+00  -3.402072e+00  -3.466983e+00  -3.560094e+00  -3.693067e+00  -3.882762e+00  -4.152284e+00  -4.533650e+00  -5.070036e+00  -5.818148e+00  -6.849475e+00  -8.248087e+00  -1.010148e+01  -1.247762e+01  -1.538289e+01  -1.869932e+01  -2.213125e+01  -2.521940e+01  -2.749997e+01  -2.878000e+01  -2.928172e+01
   28  -2.182169e+00  -2.183930e+00  -2.184457e+00  -2.186081e+00  -2.187604e+00  -2.190239e+00  -2.193048e+00  -2.197833e+00  -2.203878e+00  -2.213371e+00  -2.226064e+00  -2.243149e+00  -2.267740e+00  -2.299248e+00  -2.337775e+00  -2.388867e+00  -2.447984e+00  -2.514538e+00  -2.590776e+00  -2.672817e+00  -2.760376e+00  -2.851450e+00  -2.944334e+00  -3.035188e+00  -3.119231e+00  -3.193414e+00  -3.253980e+00  -3.300152e+00  -3.335710e+00  -3.366138e+00  -3.400632e+00  -3.446715e+00  -3.512132e+00  -3.605979e+00  -3.740021e+00  -3.931275e+00  -4.203082e+00  -4.587819e+00  -5.129225e+00  -5.884881e+00  -6.927654e+00  -8.343774e+00  -1.022406e+01  -1.264129e+01  -1.560834e+01  -1.901390e+01  -2.256546e+01  -2.579617e+01  -2.821814e+01  -2.960461e+01  -3.015925e+01
   29  -2.207104e+00  -2.208887e+00  -2.209421e+00  -2.211066e+00  -2.212607e+00  -2.215275e+00  -2.218119e+00  -2.222963e+00  -2.229083e+00  -2.238694e+00  -2.251546e+00  -2.268844e+00  -2.293742e+00  -2.325645e+00  -2.364659e+00  -2.416401e+00  -2.476278e+00  -2.543698e+00  -2.620940e+00  -2.704077e+00  -2.792824e+00  -2.885150e+00  -2.979329e+00  -3.071465e+00  -3.156704e+00  -3.231944e+00  -3.293360e+00  -3.340146e+00  -3.376118e+00  -3.406822e+00  -3.441566e+00  -3.487956e+00  -3.553806e+00  -3.648285e+00  -3.783245e+00  -3.975843e+00  -4.249625e+00  -4.637291e+00  -5.183080e+00  -5.945367e+00  -6.998283e+00  -8.430054e+00  -1.033461e+01  -1.278935e+01  -1.581337e+01  -1.930218e+01  -2.296702e+01  -2.633497e+01  -2.889583e+01  -3.038973e+01  -3.099991e+01
   30  -2.230406e+00  -2.232208e+00  -2.232748e+00  -2.234411e+00  -2.235969e+00  -2.238667e+00  -2.241542e+00  -2.246440e+00  -2.252627e+00  -2.262344e+00  -2.275339e+00  -2.292829e+00  -2.318005e+00  -2.350265e+00  -2.389718e+00  -2.442047e+00  -2.502609e+00  -2.570812e+00  -2.648963e+00  -2.733093e+00  -2.822915e+00  -2.916378e+00  -3.011733e+00  -3.105034e+00  -3.191361e+00  -3.267562e+00  -3.329750e+00  -3.377092e+00  -3.413436e+00  -3.444381e+00  -3.479340e+00  -3.525989e+00  -3.592206e+00  -3.687221e+00  -3.822962e+00  -4.016705e+00  -4.292178e+00  -4.682364e+00  -5.231985e+00  -6.000019e+00  -7.061860e+00  -8.507539e+00  -1.043388e+01  -1.292266e+01  -1.599898e+01  -1.956515e+01  -2.333670e+01  -2.683595e+01  -2.953228e+01  -3.113361e+01  -3.180142e+01
   31  -2.252188e+00  -2.254008e+00  -2.254553e+00  -2.256232e+00  -2.257806e+00  -2.260530e+00  -2.263433e+00  -2.268379e+00  -2.274627e+00  -2.284440e+00  -2.297562e+00  -2.315224e+00  -2.340649e+00  -2.373229e+00  -2.413077e+00  -2.465932e+00  -2.527111e+00  -2.596017e+00  -2.674986e+00  -2.760011e+00  -2.850804e+00  -2.945293e+00  -3.041710e+00  -3.136064e+00  -3.223375e+00  -3.300446e+00  -3.363331e+00  -3.411173e+00  -3.447849e+00  -3.479005e+00  -3.514145e+00  -3.561011e+00  -3.627534e+00  -3.722997e+00  -3.859392e+00  -4.054099e+00  -4.331001e+00  -4.723329e+00  -5.276201e+00  -6.049235e+00  -7.118868e+00  -8.576819e+00  -1.052260e+01  -1.304211e+01  -1.616620e+01  -1.980386e+01  -2.367536e+01  -2.729945e+01  -3.012694e+01  -3.183476e+01  -3.256161e+01
   32  -2.272563e+00  -2.274398e+00  -2.274948e+00  -2.276642e+00  -2.278229e+00  -2.280976e+00  -2.283905e+00  -2.288893e+00  -2.295195e+00  -2.305093e+00  -2.318329e+00  -2.336145e+00  -2.361791e+00  -2.394657e+00  -2.434856e+00  -2.488182e+00  -2.549911e+00  -2.619447e+00  -2.699148e+00  -2.784974e+00  -2.876637e+00  -2.972047e+00  -3.069418e+00  -3.164719e+00  -3.252916e+00  -3.330769e+00  -3.394281e+00  -3.442571e+00  -3.479540e+00  -3.510877e+00  -3.546169e+00  -3.593213e+00  -3.659986e+00  -3.755816e+00  -3.892749e+00  -4.088254e+00  -4.366345e+00  -4.760469e+00  -5.316091e+00  -6.093399e+00  -7.169770e+00  -8.638463e+00  -1.060147e+01  -1.314852e+01  -1.631597e+01  -2.001935e+01  -2.398389e+01  -2.772590e+01  -3.067940e+01  -3.249178e+01  -3.327842e+01
   33  -2.291635e+00  -2.293485e+00  -2.294039e+00  -2.295745e+00  -2.297344e+00  -2.300113e+00  -2.303064e+00  -2.308090e+00  -2.314439e+00  -2.324412e+00  -2.337749e+00  -2.355701e+00  -2.381543e+00  -2.414662e+00  -2.455173e+00  -2.508915e+00  -2.571133e+00  -2.641227e+00  -2.721579e+00  -2.808118e+00  -2.900557e+00  -2.996788e+00  -3.095012e+00  -3.191158e+00  -3.280147e+00  -3.358699e+00  -3.422772e+00  -3.471460e+00  -3.508687e+00  -3.540178e+00  -3.575593e+00  -3.622779e+00  -3.689752e+00  -3.785877e+00  -3.923243e+00  -4.119392e+00  -4.398452e+00  -4.794054e+00  -5.351965e+00  -6.132875e+00  -7.215004e+00  -8.693980e+00  -1.067115e+01  -1.324273e+01  -1.644927e+01  -2.021265e+01  -2.426323e+01  -2.811580e+01  -3.118941e+01  -3.310351e+01  -3.394999e+01
   34  -2.309508e+00  -2.311370e+00  -2.311927e+00  -2.313645e+00  -2.315254e+00  -2.318041e+00  -2.321011e+00  -2.326071e+00  -2.332462e+00  -2.342501e+00  -2.355926e+00  -2.373997e+00  -2.400012e+00  -2.433352e+00  -2.474137e+00  -2.528246e+00  -2.590894e+00  -2.661481e+00  -2.742407e+00  -2.829576e+00  -2.922700e+00  -3.019659e+00  -3.118638e+00  -3.215535e+00  -3.305226e+00  -3.384400e+00  -3.448969e+00  -3.498008e+00  -3.535460e+00  -3.567081e+00  -3.602594e+00  -3.649890e+00  -3.717015e+00  -3.813367e+00  -3.951070e+00  -4.147725e+00  -4.427552e+00  -4.824340e+00  -5.384115e+00  -6.168008e+00  -7.254984e+00  -8.741931e+00  -1.073226e+01  -1.332548e+01  -1.656699e+01  -2.038473e+01  -2.451431e+01  -2.846977e+01  -3.165688e+01  -3.366896e+01  -3.457460e+01
   35  -2.326274e+00  -2.328147e+00  -2.328707e+00  -2.330435e+00  -2.332053e+00  -2.334856e+00  -2.337843e+00  -2.342931e+00  -2.349359e+00  -2.359455e+00  -2.372957e+00  -2.391132e+00  -2.417297e+00  -2.450830e+00  -2.491853e+00  -2.546282e+00  -2.609305e+00  -2.680322e+00  -2.761750e+00  -2.849471e+00  -2.943197e+00  -3.040795e+00  -3.140437e+00  -3.237995e+00  -3.328306e+00  -3.408026e+00  -3.473032e+00  -3.522378e+00  -3.560024e+00  -3.591751e+00  -3.627339e+00  -3.674713e+00  -3.741950e+00  -3.838468e+00  -3.976419e+00  -4.173453e+00  -4.453864e+00  -4.851569e+00  -5.412817e+00  -6.199118e+00  -7.290096e+00  -8.783769e+00  -1.078539e+01  -1.339750e+01  -1.667000e+01  -2.053658e+01  -2.473807e+01  -2.878845e+01  -3.208184e+01  -3.418734e+01  -3.515073e+01
   36  -2.342024e+00  -2.343906e+00  -2.344469e+00  -2.346205e+00  -2.347832e+00  -2.350648e+00  -2.353650e+00  -2.358763e+00  -2.365222e+00  -2.375367e+00  -2.388935e+00  -2.407199e+00  -2.433493e+00  -2.467192e+00  -2.508421e+00  -2.563125e+00  -2.626471e+00  -2.697860e+00  -2.779722e+00  -2.867922e+00  -2.962169e+00  -3.060323e+00  -3.160544e+00  -3.258678e+00  -3.349528e+00  -3.429725e+00  -3.495111e+00  -3.544723e+00  -3.582532e+00  -3.614345e+00  -3.649986e+00  -3.697413e+00  -3.764722e+00  -3.861350e+00  -3.999469e+00  -4.196765e+00  -4.477590e+00  -4.875967e+00  -5.438327e+00  -6.226505e+00  -7.320697e+00  -8.819917e+00  -1.083107e+01  -1.345945e+01  -1.675909e+01  -2.066911e+01  -2.493543e+01  -2.907256e+01  -3.246448e+01  -3.465808e+01  -3.567715e+01
   37  -2.356842e+00  -2.358731e+00  -2.359297e+00  -2.361040e+00  -2.362673e+00  -2.365501e+00  -2.368515e+00  -2.373649e+00  -2.380134e+00  -2.390321e+00  -2.403945e+00  -2.422285e+00  -2.448688e+00  -2.482528e+00  -2.523931e+00  -2.578869e+00  -2.642491e+00  -2.714196e+00  -2.796430e+00  -2.885038e+00  -2.979734e+00  -3.078365e+00  -3.179083e+00  -3.277713e+00  -3.369029e+00  -3.449637e+00  -3.515348e+00  -3.565187e+00  -3.603133e+00  -3.635010e+00  -3.670685e+00  -3.718140e+00  -3.785486e+00  -3.882174e+00  -4.020388e+00  -4.217838e+00  -4.498923e+00  -4.897745e+00  -5.460884e+00  -6.250448e+00  -7.347119e+00  -8.850779e+00  -1.086980e+01  -1.351196e+01  -1.683504e+01  -2.078323e+01  -2.510735e+01  -2.932289e+01  -3.280513e+01  -3.508081e+01  -3.615282e+01
   38  -2.370804e+00  -2.372700e+00  -2.373267e+00  -2.375016e+00  -2.376655e+00  -2.379492e+00  -2.382516e+00  -2.387668e+00  -2.394175e+00  -2.404397e+00  -2.418067e+00  -2.436470e+00  -2.462963e+00  -2.496921e+00  -2.538469e+00  -2.593602e+00  -2.657455e+00  -2.729426e+00  -2.811971e+00  -2.900925e+00  -2.995998e+00  -3.095033e+00  -3.196172e+00  -3.295223e+00  -3.386934e+00  -3.467891e+00  -3.533879e+00  -3.583907e+00  -3.621964e+00  -3.653888e+00  -3.689579e+00  -3.737038e+00  -3.804389e+00  -3.901091e+00  -4.039331e+00  -4.236838e+00  -4.518040e+00  -4.917098e+00  -5.480709e+00  -6.271201e+00  -7.369667e+00  -8.876731e+00  -1.090226e+01  -1.355560e+01  -1.689857e+01  -2.087976e+01  -2.525471e+01  -2.954020e+01  -3.310423e+01  -3.545534e+01  -3.657692e+01
   39  -2.383983e+00  -2.385884e+00  -2.386453e+00  -2.388207e+00  -2.389850e+00  -2.392695e+00  -2.395727e+00  -2.400893e+00  -2.407418e+00  -2.417668e+00  -2.431376e+00  -2.449829e+00  -2.476397e+00  -2.510450e+00  -2.552116e+00  -2.607408e+00  -2.671449e+00  -2.743638e+00  -2.826440e+00  -2.915677e+00  -3.011063e+00  -3.110432e+00  -3.211922e+00  -3.311323e+00  -3.403364e+00  -3.484611e+00  -3.550828e+00  -3.601011e+00  -3.639154e+00  -3.671109e+00  -3.706799e+00  -3.754242e+00  -3.821569e+00  -3.918240e+00  -4.056445e+00  -4.253920e+00  -4.535106e+00  -4.934208e+00  -5.498005e+00  -6.289000e+00  -7.388620e+00  -8.898118e+00  -1.092846e+01  -1.359092e+01  -1.695033e+01  -2.095952e+01  -2.537843e+01  -2.972541e+01  -3.336232e+01  -3.578170e+01  -3.694897e+01
   40  -2.396446e+00  -2.398351e+00  -2.398921e+00  -2.400678e+00  -2.402325e+00  -2.405176e+00  -2.408215e+00  -2.413392e+00  -2.419931e+00  -2.430202e+00  -2.443939e+00  -2.462433e+00  -2.489058e+00  -2.523186e+00  -2.564945e+00  -2.620363e+00  -2.684552e+00  -2.756914e+00  -2.839921e+00  -2.929386e+00  -3.025023e+00  -3.124662e+00  -3.226435e+00  -3.326120e+00  -3.418428e+00  -3.499911e+00  -3.566313e+00  -3.616619e+00  -3.654826e+00  -3.686794e+00  -3.722468e+00  -3.769876e+00  -3.837151e+00  -3.933753e+00  -4.071867e+00  -4.269225e+00  -4.550275e+00  -4.949241e+00  -5.512960e+00  -6.304061e+00  -7.404237e+00  -8.915253e+00  -1.094900e+01  -1.361842e+01  -1.699096e+01  -2.102328e+01  -2.547936e+01  -2.987932e+01  -3.358003e+01  -3.606011e+01  -3.726870e+01
   41  -2.408254e+00  -2.410161e+00  -2.410732e+00  -2.412493e+00  -2.414142e+00  -2.416997e+00  -2.420041e+00  -2.425226e+00  -2.431775e+00  -2.442063e+00  -2.455822e+00  -2.474345e+00  -2.501013e+00  -2.535196e+00  -2.577025e+00  -2.632537e+00  -2.696838e+00  -2.769331e+00  -2.852494e+00  -2.942134e+00  -3.037965e+00  -3.137813e+00  -3.239807e+00  -3.339714e+00  -3.432231e+00  -3.513898e+00  -3.580443e+00  -3.630840e+00  -3.669090e+00  -3.701058e+00  -3.736702e+00  -3.784056e+00  -3.851255e+00  -3.947752e+00  -4.085720e+00  -4.282886e+00  -4.563687e+00  -4.962352e+00  -5.525747e+00  -6.316584e+00  -7.412747e+00  -8.928422e+00  -1.096424e+01  -1.363852e+01  -1.702105e+01  -2.107177e+01  -2.555837e+01  -3.000285e+01  -3.375816e+01  -3.629102e+01  -3.753609e+01
   42  -2.419463e+00  -2.421373e+00  -2.421944e+00  -2.423706e+00  -2.425357e+00  -2.428216e+00  -2.431263e+00  -2.436453e+00  -2.443009e+00  -2.453308e+00  -2.467081e+00  -2.485624e+00  -2.512321e+00  -2.546542e+00  -2.588418e+00  -2.643995e+00  -2.708374e+00  -2.780960e+00  -2.864233e+00  -2.953998e+00  -3.049969e+00  -3.149971e+00  -3.252127e+00  -3.352197e+00  -3.444869e+00  -3.526671e+00  -3.593319e+00  -3.643780e+00  -3.682053e+00  -3.714006e+00  -3.749607e+00  -3.796892e+00  -3.863991e+00  -3.960348e+00  -4.098124e+00  -4.295025e+00  -4.575473e+00  -4.973683e+00  -5.536522e+00  -6.326748e+00  -7.422364e+00  -8.937885e+00  -1.097451e+01  -1.365170e+01  -1.704114e+01  -2.110565e+01  -2.561629e+01  -3.009690e+01  -3.389752e+01  -3.647496e+01  -3.775136e+01
   43  -2.430126e+00  -2.432037e+00  -2.432609e+00  -2.434372e+00  -2.436024e+00  -2.438884e+00  -2.441932e+00  -2.447125e+00  -2.453685e+00  -2.463990e+00  -2.477771e+00  -2.496325e+00  -2.523038e+00  -2.557280e+00  -2.599183e+00  -2.654797e+00  -2.719223e+00  -2.791864e+00  -2.875205e+00  -2.965050e+00  -3.061111e+00  -3.161212e+00  -3.263475e+00  -3.363655e+00  -3.456430e+00  -3.538322e+00  -3.605036e+00  -3.655534e+00  -3.693811e+00  -3.725736e+00  -3.761282e+00  -3.808483e+00  -3.875461e+00  -3.971647e+00  -4.109184e+00  -4.305754e+00  -4.585752e+00  -4.983362e+00  -5.545430e+00  -6.334720e+00  -7.429281e+00  -8.943877e+00  -1.098011e+01  -1.365829e+01  -1.705173e+01  -2.112562e+01  -2.565394e+01  -3.016241e+01  -3.399908e+01  -3.661276e+01  -3.791511e+01
   44  -2.440290e+00  -2.442201e+00  -2.442773e+00  -2.444537e+00  -2.446189e+00  -2.449049e+00  -2.452098e+00  -2.457292e+00  -2.463853e+00  -2.474159e+00  -2.487942e+00  -2.506498e+00  -2.533215e+00  -2.567463e+00  -2.609374e+00  -2.665000e+00  -2.729442e+00  -2.802104e+00  -2.885475e+00  -2.975355e+00  -3.071459e+00  -3.171610e+00  -3.273929e+00  -3.374166e+00  -3.466996e+00  -3.548935e+00  -3.615682e+00  -3.666190e+00  -3.704454e+00  -3.736340e+00  -3.771819e+00  -3.818921e+00  -3.885758e+00  -3.981745e+00  -4.119001e+00  -4.315179e+00  -4.594635e+00  -4.991510e+00  -5.552605e+00  -6.340651e+00  -7.433707e+00  -8.946640e+00  -1.098130e+01  -1.365870e+01  -1.705330e+01  -2.113228e+01  -2.567211e+01  -3.020029e+01  -3.406378e+01  -3.670530e+01  -3.802801e+01
   45  -2.450000e+00  -2.451911e+00  -2.452482e+00  -2.454245e+00  -2.455897e+00  -2.458756e+00  -2.461804e+00  -2.466996e+00  -2.473555e+00  -2.483858e+00  -2.497637e+00  -2.516189e+00  -2.542898e+00  -2.577137e+00  -2.619038e+00  -2.674653e+00  -2.739083e+00  -2.811735e+00  -2.895098e+00  -2.984973e+00  -3.081077e+00  -3.181232e+00  -3.283557e+00  -3.383804e+00  -3.476644e+00  -3.558590e+00  -3.625336e+00  -3.675831e+00  -3.714066e+00  -3.745901e+00  -3.781303e+00  -3.828293e+00  -3.894970e+00  -3.990730e+00  -4.127665e+00  -4.323393e+00  -4.602222e+00  -4.998236e+00  -5.558168e+00  -6.344681e+00  -7.435790e+00  -8.946336e+00  -1.097837e+01  -1.365324e+01  -1.704630e+01  -2.112625e+01  -2.567156e+01  -3.021156e+01  -3.409273e+01  -3.675368e+01  -3.809109e+01
   46  -2.459295e+00  -2.461204e+00  -2.461776e+00  -2.463537e+00  -2.465188e+00  -2.468045e+00  -2.471091e+00  -2.476280e+00  -2.482834e+00  -2.493130e+00  -2.506900e+00  -2.525439e+00  -2.552131e+00  -2.586348e+00  -2.628222e+00  -2.683802e+00  -2.748195e+00  -2.820808e+00  -2.904128e+00  -2.993961e+00  -3.090023e+00  -3.190137e+00  -3.292425e+00  -3.392636e+00  -3.485444e+00  -3.567359e+00  -3.634073e+00  -3.684533e+00  -3.722723e+00  -3.754496e+00  -3.789812e+00  -3.836677e+00  -3.903177e+00  -3.998685e+00  -4.135262e+00  -4.330485e+00  -4.608607e+00  -5.003640e+00  -5.562229e+00  -6.346936e+00  -7.435659e+00  -8.943198e+00  -1.097154e+01  -1.364224e+01  -1.703114e+01  -2.110806e+01  -2.565308e+01  -3.019716e+01  -3.408710e+01  -3.675914e+01  -3.810552e+01
   47  -2.468212e+00  -2.470119e+00  -2.470690e+00  -2.472450e+00  -2.474098e+00  -2.476953e+00  -2.479996e+00  -2.485179e+00  -2.491727e+00  -2.502012e+00  -2.515767e+00  -2.534287e+00  -2.560952e+00  -2.595133e+00  -2.636966e+00  -2.692491e+00  -2.756822e+00  -2.829368e+00  -2.912613e+00  -3.002369e+00  -3.098351e+00  -3.198384e+00  -3.300591e+00  -3.400724e+00  -3.493460e+00  -3.575309e+00  -3.641963e+00  -3.692366e+00  -3.730496e+00  -3.762198e+00  -3.797417e+00  -3.844147e+00  -3.910453e+00  -4.005685e+00  -4.141869e+00  -4.336536e+00  -4.613875e+00  -5.007815e+00  -5.564891e+00  -6.347533e+00  -7.433475e+00  -8.937372e+00  -1.096102e+01  -1.362596e+01  -1.700824e+01  -2.107828e+01  -2.561742e+01  -3.015806e+01  -3.404808e+01  -3.672302e+01  -3.807275e+01
   48  -2.476785e+00  -2.478689e+00  -2.479259e+00  -2.481016e+00  -2.482663e+00  -2.485513e+00  -2.488552e+00  -2.493728e+00  -2.500267e+00  -2.510537e+00  -2.524274e+00  -2.542768e+00  -2.569396e+00  -2.603532e+00  -2.645308e+00  -2.700759e+00  -2.765006e+00  -2.837459e+00  -2.920599e+00  -3.010243e+00  -3.106109e+00  -3.206024e+00  -3.308110e+00  -3.408126e+00  -3.500752e+00  -3.582501e+00  -3.649068e+00  -3.699395e+00  -3.737452e+00  -3.769073e+00  -3.804186e+00  -3.850770e+00  -3.916867e+00  -4.011799e+00  -4.147557e+00  -4.341619e+00  -4.618104e+00  -5.010844e+00  -5.566247e+00  -6.346578e+00  -7.429381e+00  -8.928999e+00  -1.094704e+01  -1.360470e+01  -1.697795e+01  -2.103743e+01  -2.556525e+01  -3.009525e+01  -3.397691e+01  -3.664675e+01  -3.799434e+01
   49  -2.485043e+00  -2.486944e+00  -2.487513e+00  -2.489268e+00  -2.490911e+00  -2.493757e+00  -2.496790e+00  -2.501957e+00  -2.508485e+00  -2.518738e+00  -2.532452e+00  -2.550914e+00  -2.577498e+00  -2.611575e+00  -2.653282e+00  -2.708642e+00  -2.772783e+00  -2.845118e+00  -2.928125e+00  -3.017628e+00  -3.113344e+00  -3.213104e+00  -3.315033e+00  -3.414894e+00  -3.507376e+00  -3.588993e+00  -3.655448e+00  -3.705679e+00  -3.743650e+00  -3.775181e+00  -3.810181e+00  -3.856607e+00  -3.922480e+00  -4.017092e+00  -4.152393e+00  -4.345805e+00  -4.621368e+00  -5.012806e+00  -5.566383e+00  -6.344170e+00  -7.423449e+00  -8.918259e+00  -1.092975e+01  -1.357871e+01  -1.694065e+01  -2.098603e+01  -2.549736e+01  -3.000973e+01  -3.387490e+01  -3.653200e+01  -3.787206e+01
   50  -2.493015e+00  -2.494913e+00  -2.495481e+00  -2.497232e+00  -2.498872e+00  -2.501712e+00  -2.504739e+00  -2.509896e+00  -2.516410e+00  -2.526643e+00  -2.540329e+00  -2.558755e+00  -2.585285e+00  -2.619296e+00  -2.660920e+00  -2.716171e+00  -2.780187e+00  -2.852382e+00  -2.935230e+00  -3.024563e+00  -3.120097e+00  -3.219668e+00  -3.321405e+00  -3.421077e+00  -3.513380e+00  -3.594838e+00  -3.661155e+00  -3.711274e+00  -3.749146e+00  -3.780578e+00  -3.815457e+00  -3.861716e+00  -3.927351e+00  -4.021622e+00  -4.156437e+00  -4.349155e+00  -4.623731e+00  -5.013773e+00  -5.565379e+00  -6.340398e+00  -7.415831e+00  -8.905255e+00  -1.090934e+01  -1.354819e+01  -1.689664e+01  -2.092455e+01  -2.541442e+01  -2.990250e+01  -3.374339e+01  -3.638039e+01  -3.770780e+01
   51  -2.500727e+00  -2.502620e+00  -2.503187e+00  -2.504933e+00  -2.506570e+00  -2.509404e+00  -2.512424e+00  -2.517569e+00  -2.524069e+00  -2.534278e+00  -2.547933e+00  -2.566317e+00  -2.592787e+00  -2.626720e+00  -2.668250e+00  -2.723376e+00  -2.787249e+00  -2.859284e+00  -2.941948e+00  -3.031083e+00  -3.126406e+00  -3.225758e+00  -3.327268e+00  -3.426718e+00  -3.518813e+00  -3.600082e+00  -3.666239e+00  -3.716229e+00  -3.753991e+00  -3.785317e+00  -3.820067e+00  -3.866149e+00  -3.931533e+00  -4.025444e+00  -4.159745e+00  -4.351727e+00  -4.625256e+00  -5.013809e+00  -5.563305e+00  -6.335345e+00  -7.410594e+00  -8.890114e+00  -1.088597e+01  -1.351342e+01  -1.684627e+01  -2.085346e+01  -2.531711e+01  -2.977452e+01  -3.358371e+01  -3.619368e+01  -3.750361e+01
   52  -2.508201e+00  -2.510089e+00  -2.510654e+00  -2.512397e+00  -2.514029e+00  -2.516855e+00  -2.519868e+00  -2.525000e+00  -2.531483e+00  -2.541667e+00  -2.555286e+00  -2.573624e+00  -2.600027e+00  -2.633874e+00  -2.675299e+00  -2.730286e+00  -2.793998e+00  -2.865852e+00  -2.948309e+00  -3.037221e+00  -3.132306e+00  -3.231408e+00  -3.332663e+00  -3.431859e+00  -3.523716e+00  -3.604770e+00  -3.670747e+00  -3.720591e+00  -3.758232e+00  -3.789445e+00  -3.824058e+00  -3.869956e+00  -3.935076e+00  -4.028609e+00  -4.162367e+00  -4.353575e+00  -4.625998e+00  -5.012975e+00  -5.560230e+00  -6.329089e+00  -7.399829e+00  -8.872950e+00  -1.085981e+01  -1.347458e+01  -1.678984e+01  -2.077324e+01  -2.520614e+01  -2.962683e+01  -3.339734e+01  -3.597367e+01  -3.726164e+01
   53  -2.515458e+00  -2.517341e+00  -2.517905e+00  -2.519642e+00  -2.521270e+00  -2.524088e+00  -2.527093e+00  -2.532210e+00  -2.538675e+00  -2.548830e+00  -2.562412e+00  -2.580699e+00  -2.607028e+00  -2.640781e+00  -2.682090e+00  -2.736925e+00  -2.800460e+00  -2.872115e+00  -2.954343e+00  -3.043008e+00  -3.137829e+00  -3.236654e+00  -3.337623e+00  -3.436537e+00  -3.528129e+00  -3.608944e+00  -3.674720e+00  -3.724404e+00  -3.761914e+00  -3.793006e+00  -3.827476e+00  -3.873179e+00  -3.938024e+00  -4.031161e+00  -4.164352e+00  -4.354748e+00  -4.626010e+00  -5.011328e+00  -5.556215e+00  -6.321700e+00  -7.387631e+00  -8.853899e+00  -1.083098e+01  -1.343187e+01  -1.672762e+01  -2.068427e+01  -2.508215e+01  -2.946042e+01  -3.318563e+01  -3.572220e+01  -3.698412e+01
   54  -2.522518e+00  -2.524395e+00  -2.524957e+00  -2.526689e+00  -2.528312e+00  -2.531122e+00  -2.534117e+00  -2.539219e+00  -2.545665e+00  -2.555789e+00  -2.569330e+00  -2.587561e+00  -2.613810e+00  -2.647461e+00  -2.688646e+00  -2.743315e+00  -2.806658e+00  -2.878096e+00  -2.960076e+00  -3.048472e+00  -3.143004e+00  -3.241526e+00  -3.342183e+00  -3.440787e+00  -3.532088e+00  -3.612641e+00  -3.678197e+00  -3.727707e+00  -3.765075e+00  -3.796039e+00  -3.830360e+00  -3.875862e+00  -3.940420e+00  -4.033144e+00  -4.165743e+00  -4.355291e+00  -4.625338e+00  -5.008918e+00  -5.551318e+00  -6.313244e+00  -7.374079e+00  -8.833038e+00  -1.079964e+01  -1.338550e+01  -1.665993e+01  -2.058707e+01  -2.494583e+01  -2.927626e+01  -3.295004e+01  -3.544124e+01  -3.667335e+01
   55  -2.529397e+00  -2.531269e+00  -2.531829e+00  -2.533555e+00  -2.535173e+00  -2.537974e+00  -2.540959e+00  -2.546044e+00  -2.552469e+00  -2.562560e+00  -2.576057e+00  -2.594229e+00  -2.620393e+00  -2.653935e+00  -2.694986e+00  -2.749477e+00  -2.812615e+00  -2.883820e+00  -2.965532e+00  -3.053638e+00  -3.147858e+00  -3.246052e+00  -3.346372e+00  -3.444641e+00  -3.535626e+00  -3.615895e+00  -3.681213e+00  -3.730536e+00  -3.767754e+00  -3.798584e+00  -3.832749e+00  -3.878041e+00  -3.942301e+00  -4.034596e+00  -4.166581e+00  -4.355245e+00  -4.624027e+00  -5.005793e+00  -5.545591e+00  -6.303783e+00  -7.359247e+00  -8.810468e+00  -1.076589e+01  -1.333563e+01  -1.658702e+01  -2.048196e+01  -2.479780e+01  -2.907540e+01  -3.269200e+01  -3.513268e+01  -3.633161e+01
   56  -2.536112e+00  -2.537977e+00  -2.538535e+00  -2.540256e+00  -2.541868e+00  -2.544659e+00  -2.547634e+00  -2.552702e+00  -2.559104e+00  -2.569161e+00  -2.582611e+00  -2.600720e+00  -2.626794e+00  -2.660219e+00  -2.701128e+00  -2.755430e+00  -2.818349e+00  -2.889306e+00  -2.970732e+00  -3.058529e+00  -3.152416e+00  -3.250260e+00  -3.350217e+00  -3.448127e+00  -3.538774e+00  -3.618738e+00  -3.683802e+00  -3.732924e+00  -3.769984e+00  -3.800673e+00  -3.834676e+00  -3.879752e+00  -3.943703e+00  -4.035554e+00  -4.166902e+00  -4.354651e+00  -4.622119e+00  -5.001998e+00  -5.539083e+00  -6.293372e+00  -7.343205e+00  -8.786256e+00  -1.072986e+01  -1.328246e+01  -1.650916e+01  -2.036941e+01  -2.463871e+01  -2.885874e+01  -3.241299e+01  -3.479850e+01  -3.596131e+01
   57  -2.542677e+00  -2.544535e+00  -2.545091e+00  -2.546806e+00  -2.548412e+00  -2.551193e+00  -2.554157e+00  -2.559206e+00  -2.565585e+00  -2.575605e+00  -2.589006e+00  -2.607048e+00  -2.633027e+00  -2.666330e+00  -2.707089e+00  -2.761192e+00  -2.823878e+00  -2.894573e+00  -2.975698e+00  -3.063167e+00  -3.156700e+00  -3.254172e+00  -3.353744e+00  -3.451273e+00  -3.541559e+00  -3.621200e+00  -3.685993e+00  -3.734904e+00  -3.771796e+00  -3.802339e+00  -3.836175e+00  -3.881026e+00  -3.944659e+00  -4.036051e+00  -4.166740e+00  -4.353542e+00  -4.619650e+00  -4.997572e+00  -5.531841e+00  -6.282066e+00  -7.326017e+00  -8.760528e+00  -1.069166e+01  -1.322612e+01  -1.642660e+01  -2.024982e+01  -2.446923e+01  -2.862731e+01  -3.211438e+01  -3.444061e+01  -3.556484e+01
   58  -2.549105e+00  -2.550956e+00  -2.551510e+00  -2.553218e+00  -2.554817e+00  -2.557588e+00  -2.560540e+00  -2.565570e+00  -2.571925e+00  -2.581906e+00  -2.595255e+00  -2.613229e+00  -2.639107e+00  -2.672281e+00  -2.712883e+00  -2.766777e+00  -2.829220e+00  -2.899639e+00  -2.980446e+00  -3.067570e+00  -3.160731e+00  -3.257810e+00  -3.356977e+00  -3.454102e+00  -3.544008e+00  -3.623307e+00  -3.687814e+00  -3.736502e+00  -3.773219e+00  -3.803610e+00  -3.837274e+00  -3.881894e+00  -3.945199e+00  -4.036118e+00  -4.166128e+00  -4.351953e+00  -4.616656e+00  -4.992555e+00  -5.523907e+00  -6.269914e+00  -7.307745e+00  -8.733335e+00  -1.065143e+01  -1.316680e+01  -1.633957e+01  -2.012355e+01  -2.428988e+01  -2.838206e+01  -3.179764e+01  -3.406097e+01  -3.514449e+01
   59  -2.555408e+00  -2.557251e+00  -2.557803e+00  -2.559503e+00  -2.561097e+00  -2.563856e+00  -2.566797e+00  -2.571807e+00  -2.578135e+00  -2.588076e+00  -2.601372e+00  -2.619273e+00  -2.645046e+00  -2.678087e+00  -2.718524e+00  -2.772199e+00  -2.834388e+00  -2.904520e+00  -2.984994e+00  -3.071757e+00  -3.164527e+00  -3.261195e+00  -3.359937e+00  -3.456638e+00  -3.546145e+00  -3.625084e+00  -3.689291e+00  -3.737746e+00  -3.774280e+00  -3.804514e+00  -3.838000e+00  -3.882383e+00  -3.945350e+00  -4.035783e+00  -4.165094e+00  -4.349914e+00  -4.613169e+00  -4.986982e+00  -5.515320e+00  -6.256963e+00  -7.288446e+00  -8.704760e+00  -1.060925e+01  -1.310464e+01  -1.624834e+01  -1.999097e+01  -2.410136e+01  -2.812396e+01  -3.146424e+01  -3.366147e+01  -3.470266e+01
   60  -2.561595e+00  -2.563431e+00  -2.563980e+00  -2.565674e+00  -2.567261e+00  -2.570008e+00  -2.572937e+00  -2.577926e+00  -2.584228e+00  -2.594127e+00  -2.607367e+00  -2.625192e+00  -2.650857e+00  -2.683759e+00  -2.724025e+00  -2.777473e+00  -2.839398e+00  -2.909229e+00  -2.989357e+00  -3.075743e+00  -3.168107e+00  -3.264345e+00  -3.362642e+00  -3.458901e+00  -3.547991e+00  -3.626554e+00  -3.690448e+00  -3.738660e+00  -3.775004e+00  -3.805076e+00  -3.838379e+00  -3.882519e+00  -3.945139e+00  -4.035073e+00  -4.163666e+00  -4.347452e+00  -4.609219e+00  -4.980885e+00  -5.506118e+00  -6.243257e+00  -7.268175e+00  -8.674863e+00  -1.056522e+01  -1.303979e+01  -1.615311e+01  -1.985248e+01  -2.390421e+01  -2.785390e+01  -3.111544e+01  -3.324411e+01  -3.424160e+01
   61  -2.567678e+00  -2.569506e+00  -2.570053e+00  -2.571739e+00  -2.573319e+00  -2.576054e+00  -2.578970e+00  -2.583937e+00  -2.590212e+00  -2.600068e+00  -2.613250e+00  -2.630997e+00  -2.656550e+00  -2.689307e+00  -2.729397e+00  -2.782609e+00  -2.844260e+00  -2.913781e+00  -2.993549e+00  -3.079544e+00  -3.171485e+00  -3.267277e+00  -3.365112e+00  -3.460910e+00  -3.549566e+00  -3.627738e+00  -3.691306e+00  -3.739265e+00  -3.775413e+00  -3.805317e+00  -3.838434e+00  -3.882324e+00  -3.944589e+00  -4.034012e+00  -4.161869e+00  -4.344596e+00  -4.604835e+00  -4.974296e+00  -5.496336e+00  -6.228836e+00  -7.246983e+00  -8.643714e+00  -1.051943e+01  -1.297241e+01  -1.605414e+01  -1.970843e+01  -2.369903e+01  -2.757288e+01  -3.075269e+01  -3.281063e+01  -3.376357e+01
   62  -2.573664e+00  -2.575484e+00  -2.576028e+00  -2.577707e+00  -2.579280e+00  -2.582003e+00  -2.584905e+00  -2.589850e+00  -2.596096e+00  -2.605908e+00  -2.619030e+00  -2.636697e+00  -2.662134e+00  -2.694743e+00  -2.734649e+00  -2.787619e+00  -2.848986e+00  -2.918186e+00  -2.997582e+00  -3.083173e+00  -3.174676e+00  -3.270007e+00  -3.367362e+00  -3.462683e+00  -3.550889e+00  -3.628656e+00  -3.691886e+00  -3.739583e+00  -3.775529e+00  -3.805261e+00  -3.838185e+00  -3.881820e+00  -3.943723e+00  -4.032622e+00  -4.159727e+00  -4.341368e+00  -4.600043e+00  -4.967243e+00  -5.486006e+00  -6.213741e+00  -7.224920e+00  -8.611427e+00  -1.047201e+01  -1.290261e+01  -1.595162e+01  -1.955917e+01  -2.348641e+01  -2.728172e+01  -3.037735e+01  -3.236287e+01  -3.327068e+01
   63  -2.579562e+00  -2.581373e+00  -2.581915e+00  -2.583586e+00  -2.585151e+00  -2.587862e+00  -2.590751e+00  -2.595672e+00  -2.601889e+00  -2.611655e+00  -2.624716e+00  -2.642300e+00  -2.667618e+00  -2.700073e+00  -2.739792e+00  -2.792511e+00  -2.853587e+00  -2.922456e+00  -3.001469e+00  -3.086642e+00  -3.177694e+00  -3.272547e+00  -3.369408e+00  -3.464237e+00  -3.551976e+00  -3.629324e+00  -3.692206e+00  -3.739633e+00  -3.775370e+00  -3.804926e+00  -3.837654e+00  -3.881028e+00  -3.942560e+00  -4.030924e+00  -4.157260e+00  -4.337792e+00  -4.594866e+00  -4.959752e+00  -5.475159e+00  -6.198007e+00  -7.202031e+00  -8.577982e+00  -1.042299e+01  -1.283057e+01  -1.584576e+01  -1.940506e+01  -2.326689e+01  -2.698137e+01  -2.999072e+01  -3.190258e+01  -3.276511e+01
   64  -2.585379e+00  -2.587181e+00  -2.587720e+00  -2.589383e+00  -2.590941e+00  -2.593638e+00  -2.596513e+00  -2.601411e+00  -2.607598e+00  -2.617317e+00  -2.630315e+00  -2.647814e+00  -2.673010e+00  -2.705308e+00  -2.744833e+00  -2.797295e+00  -2.858072e+00  -2.926600e+00  -3.005220e+00  -3.089963e+00  -3.180551e+00  -3.274913e+00  -3.371264e+00  -3.465585e+00  -3.552845e+00  -3.629761e+00  -3.692283e+00  -3.739432e+00  -3.774954e+00  -3.804330e+00  -3.836858e+00  -3.879966e+00  -3.941120e+00  -4.028939e+00  -4.154489e+00  -4.333889e+00  -4.589329e+00  -4.951851e+00  -5.463825e+00  -6.181670e+00  -7.178363e+00  -8.543505e+00  -1.037233e+01  -1.275639e+01  -1.573680e+01  -1.924638e+01  -2.304104e+01  -2.667262e+01  -2.959407e+01  -3.143149e+01  -3.224882e+01
   65  -2.591120e+00  -2.592914e+00  -2.593450e+00  -2.595105e+00  -2.596655e+00  -2.599339e+00  -2.602200e+00  -2.607073e+00  -2.613230e+00  -2.622900e+00  -2.635833e+00  -2.653246e+00  -2.678316e+00  -2.710453e+00  -2.749781e+00  -2.801980e+00  -2.862449e+00  -2.930628e+00  -3.008844e+00  -3.093147e+00  -3.183257e+00  -3.277115e+00  -3.372943e+00  -3.466741e+00  -3.553508e+00  -3.629980e+00  -3.692133e+00  -3.738996e+00  -3.774299e+00  -3.803491e+00  -3.835814e+00  -3.878651e+00  -3.939420e+00  -4.026683e+00  -4.151433e+00  -4.329678e+00  -4.583452e+00  -4.943561e+00  -5.451997e+00  -6.164764e+00  -7.153957e+00  -8.508022e+00  -1.032045e+01  -1.268018e+01  -1.562490e+01  -1.908356e+01  -2.280933e+01  -2.635640e+01  -2.918856e+01  -3.095121e+01  -3.172371e+01
   66  -2.596793e+00  -2.598577e+00  -2.599111e+00  -2.600757e+00  -2.602299e+00  -2.604970e+00  -2.607816e+00  -2.612664e+00  -2.618790e+00  -2.628411e+00  -2.641278e+00  -2.658602e+00  -2.683544e+00  -2.715516e+00  -2.754642e+00  -2.806571e+00  -2.866726e+00  -2.934548e+00  -3.012350e+00  -3.096202e+00  -3.185824e+00  -3.279165e+00  -3.374456e+00  -3.467719e+00  -3.553980e+00  -3.629997e+00  -3.691770e+00  -3.738342e+00  -3.773419e+00  -3.802423e+00  -3.834539e+00  -3.877100e+00  -3.937477e+00  -4.024174e+00  -4.148109e+00  -4.325179e+00  -4.577255e+00  -4.934905e+00  -5.439769e+00  -6.147319e+00  -7.128853e+00  -8.471602e+00  -1.026725e+01  -1.260209e+01  -1.551029e+01  -1.891683e+01  -2.257234e+01  -2.603346e+01  -2.877550e+01  -3.046335e+01  -3.119163e+01
   67  -2.602401e+00  -2.604176e+00  -2.604707e+00  -2.606345e+00  -2.607879e+00  -2.610535e+00  -2.613367e+00  -2.618190e+00  -2.624283e+00  -2.633854e+00  -2.646654e+00  -2.663887e+00  -2.688698e+00  -2.720503e+00  -2.759422e+00  -2.811076e+00  -2.870911e+00  -2.938368e+00  -3.015747e+00  -3.099138e+00  -3.188260e+00  -3.281072e+00  -3.375814e+00  -3.468529e+00  -3.554273e+00  -3.629824e+00  -3.691209e+00  -3.737481e+00  -3.772330e+00  -3.801142e+00  -3.833046e+00  -3.875327e+00  -3.935305e+00  -4.021427e+00  -4.144534e+00  -4.320408e+00  -4.570757e+00  -4.925905e+00  -5.427130e+00  -6.129366e+00  -7.103091e+00  -8.434306e+00  -1.021282e+01  -1.252225e+01  -1.539313e+01  -1.874655e+01  -2.233060e+01  -2.570462e+01  -2.835600e+01  -2.996931e+01  -3.065431e+01
   68  -2.607950e+00  -2.609716e+00  -2.610244e+00  -2.611873e+00  -2.613399e+00  -2.616041e+00  -2.618858e+00  -2.623655e+00  -2.629716e+00  -2.639235e+00  -2.651967e+00  -2.669107e+00  -2.693785e+00  -2.725418e+00  -2.764127e+00  -2.815501e+00  -2.875008e+00  -2.942093e+00  -3.019042e+00  -3.101962e+00  -3.190574e+00  -3.282846e+00  -3.377027e+00  -3.469183e+00  -3.554398e+00  -3.629473e+00  -3.690462e+00  -3.736429e+00  -3.771043e+00  -3.799660e+00  -3.831349e+00  -3.873346e+00  -3.932919e+00  -4.018457e+00  -4.140723e+00  -4.315382e+00  -4.563976e+00  -4.916580e+00  -5.414105e+00  -6.110933e+00  -7.076709e+00  -8.395223e+00  -1.015722e+01  -1.244075e+01  -1.527364e+01  -1.857298e+01  -2.208454e+01  -2.537062e+01  -2.793110e+01  -2.947057e+01  -3.011332e+01
   69  -2.613445e+00  -2.615200e+00  -2.615726e+00  -2.617346e+00  -2.618863e+00  -2.621491e+00  -2.624292e+00  -2.629063e+00  -2.635091e+00  -2.644558e+00  -2.657220e+00  -2.674266e+00  -2.698809e+00  -2.730268e+00  -2.768763e+00  -2.819851e+00  -2.879025e+00  -2.945732e+00  -3.022241e+00  -3.104682e+00  -3.192774e+00  -3.284496e+00  -3.378105e+00  -3.469691e+00  -3.554366e+00  -3.628955e+00  -3.689541e+00  -3.735196e+00  -3.769572e+00  -3.797991e+00  -3.829462e+00  -3.871169e+00  -3.930332e+00  -4.015277e+00  -4.136690e+00  -4.310116e+00  -4.556928e+00  -4.906949e+00  -5.400716e+00  -6.092048e+00  -7.049741e+00  -8.356298e+00  -1.010054e+01  -1.235771e+01  -1.515198e+01  -1.839647e+01  -2.183466e+01  -2.503221e+01  -2.750190e+01  -2.896851e+01  -2.957017e+01
   70  -2.618888e+00  -2.620634e+00  -2.621156e+00  -2.622767e+00  -2.624276e+00  -2.626889e+00  -2.629675e+00  -2.634419e+00  -2.640413e+00  -2.649827e+00  -2.662418e+00  -2.679369e+00  -2.703774e+00  -2.735055e+00  -2.773333e+00  -2.824131e+00  -2.882967e+00  -2.949288e+00  -3.025351e+00  -3.107304e+00  -3.194867e+00  -3.286029e+00  -3.379056e+00  -3.470061e+00  -3.554187e+00  -3.628281e+00  -3.688455e+00  -3.733794e+00  -3.767927e+00  -3.796145e+00  -3.827395e+00  -3.868810e+00  -3.927557e+00  -4.011901e+00  -4.132448e+00  -4.304625e+00  -4.549630e+00  -4.897031e+00  -5.386984e+00  -6.072737e+00  -7.022223e+00  -8.316636e+00  -1.004283e+01  -1.227324e+01  -1.502834e+01  -1.821728e+01  -2.158140e+01  -2.469011e+01  -2.706941e+01  -2.846428e+01  -2.902627e+01
   71  -2.624283e+00  -2.626019e+00  -2.626538e+00  -2.628140e+00  -2.629640e+00  -2.632239e+00  -2.635008e+00  -2.639726e+00  -2.645685e+00  -2.655046e+00  -2.667565e+00  -2.684419e+00  -2.708684e+00  -2.739786e+00  -2.777842e+00  -2.828345e+00  -2.886838e+00  -2.952768e+00  -3.028377e+00  -3.109835e+00  -3.196860e+00  -3.287453e+00  -3.379888e+00  -3.470302e+00  -3.553870e+00  -3.627461e+00  -3.687217e+00  -3.732233e+00  -3.766120e+00  -3.794134e+00  -3.825160e+00  -3.866278e+00  -3.924604e+00  -4.008340e+00  -4.128010e+00  -4.298921e+00  -4.542095e+00  -4.886841e+00  -5.372928e+00  -6.053025e+00  -6.994189e+00  -8.276283e+00  -9.984179e+00  -1.218747e+01  -1.490288e+01  -1.803564e+01  -2.132523e+01  -2.434495e+01  -2.663456e+01  -2.795912e+01  -2.848294e+01
   72  -2.629633e+00  -2.631359e+00  -2.631875e+00  -2.633468e+00  -2.634960e+00  -2.637543e+00  -2.640296e+00  -2.644986e+00  -2.650911e+00  -2.660217e+00  -2.672663e+00  -2.689419e+00  -2.713542e+00  -2.744462e+00  -2.782294e+00  -2.832499e+00  -2.890643e+00  -2.956176e+00  -3.031324e+00  -3.112279e+00  -3.198759e+00  -3.288773e+00  -3.380608e+00  -3.470423e+00  -3.553423e+00  -3.626503e+00  -3.685834e+00  -3.730523e+00  -3.764161e+00  -3.791968e+00  -3.822767e+00  -3.863585e+00  -3.921484e+00  -4.004604e+00  -4.123387e+00  -4.293017e+00  -4.534338e+00  -4.876396e+00  -5.358568e+00  -6.032937e+00  -6.965669e+00  -8.235283e+00  -9.924653e+00  -1.210046e+01  -1.477576e+01  -1.785192e+01  -2.106659e+01  -2.399746e+01  -2.619824e+01  -2.745414e+01  -2.794135e+01
   73  -2.634941e+00  -2.636657e+00  -2.637170e+00  -2.638753e+00  -2.640236e+00  -2.642804e+00  -2.645541e+00  -2.650203e+00  -2.656093e+00  -2.665344e+00  -2.677716e+00  -2.694372e+00  -2.718352e+00  -2.749087e+00  -2.786693e+00  -2.836595e+00  -2.894385e+00  -2.959516e+00  -3.034198e+00  -3.114643e+00  -3.200569e+00  -3.289998e+00  -3.381223e+00  -3.470429e+00  -3.552854e+00  -3.625416e+00  -3.684316e+00  -3.728674e+00  -3.762058e+00  -3.789656e+00  -3.820226e+00  -3.860741e+00  -3.918208e+00  -4.000706e+00  -4.118592e+00  -4.286925e+00  -4.526372e+00  -4.865711e+00  -5.343923e+00  -6.012496e+00  -6.936695e+00  -8.193681e+00  -9.864291e+00  -1.201236e+01  -1.464715e+01  -1.766630e+01  -2.080584e+01  -2.364818e+01  -2.576131e+01  -2.695031e+01  -2.740253e+01
   74  -2.640209e+00  -2.641914e+00  -2.642425e+00  -2.643998e+00  -2.645472e+00  -2.648025e+00  -2.650745e+00  -2.655380e+00  -2.661234e+00  -2.670429e+00  -2.682727e+00  -2.699282e+00  -2.723116e+00  -2.753664e+00  -2.791040e+00  -2.840636e+00  -2.898069e+00  -2.962792e+00  -3.037002e+00  -3.116931e+00  -3.202297e+00  -3.291131e+00  -3.381739e+00  -3.470328e+00  -3.552170e+00  -3.624207e+00  -3.682670e+00  -3.726692e+00  -3.759820e+00  -3.787207e+00  -3.817545e+00  -3.857753e+00  -3.914786e+00  -3.996654e+00  -4.113633e+00  -4.280657e+00  -4.518210e+00  -4.854801e+00  -5.329010e+00  -5.991723e+00  -6.907297e+00  -8.151519e+00  -9.803184e+00  -1.192323e+01  -1.451722e+01  -1.747906e+01  -2.054344e+01  -2.329777e+01  -2.532455e+01  -2.644867e+01  -2.686756e+01
   75  -2.645440e+00  -2.647135e+00  -2.647642e+00  -2.649206e+00  -2.650671e+00  -2.653208e+00  -2.655911e+00  -2.660517e+00  -2.666336e+00  -2.675474e+00  -2.687696e+00  -2.704150e+00  -2.727837e+00  -2.758196e+00  -2.795340e+00  -2.844626e+00  -2.901698e+00  -2.966009e+00  -3.039740e+00  -3.119147e+00  -3.203946e+00  -3.292179e+00  -3.382162e+00  -3.470127e+00  -3.551379e+00  -3.622884e+00  -3.680905e+00  -3.724587e+00  -3.757456e+00  -3.784629e+00  -3.814733e+00  -3.854632e+00  -3.911225e+00  -3.992458e+00  -4.108522e+00  -4.274224e+00  -4.509864e+00  -4.843679e+00  -5.313846e+00  -5.970641e+00  -6.877504e+00  -8.108838e+00  -9.741384e+00  -1.183319e+01  -1.438612e+01  -1.729047e+01  -2.027974e+01  -2.294673e+01  -2.488874e+01  -2.594995e+01  -2.633726e+01
   76  -2.650635e+00  -2.652319e+00  -2.652823e+00  -2.654377e+00  -2.655833e+00  -2.658354e+00  -2.661041e+00  -2.665618e+00  -2.671400e+00  -2.680482e+00  -2.692628e+00  -2.708978e+00  -2.732517e+00  -2.762685e+00  -2.799595e+00  -2.848567e+00  -2.905274e+00  -2.969168e+00  -3.042416e+00  -3.121295e+00  -3.205520e+00  -3.293146e+00  -3.382497e+00  -3.469831e+00  -3.550486e+00  -3.621453e+00  -3.679027e+00  -3.722366e+00  -3.754973e+00  -3.781931e+00  -3.811798e+00  -3.851385e+00  -3.907534e+00  -3.988126e+00  -4.103267e+00  -4.267634e+00  -4.501345e+00  -4.832359e+00  -5.298446e+00  -5.949269e+00  -6.847343e+00  -8.065677e+00  -9.678950e+00  -1.174231e+01  -1.425396e+01  -1.710069e+01  -2.001510e+01  -2.259560e+01  -2.445449e+01  -2.545502e+01  -2.581248e+01
   77  -2.655795e+00  -2.657469e+00  -2.657970e+00  -2.659514e+00  -2.660961e+00  -2.663466e+00  -2.666136e+00  -2.670684e+00  -2.676430e+00  -2.685454e+00  -2.697523e+00  -2.713769e+00  -2.737158e+00  -2.767134e+00  -2.803806e+00  -2.852463e+00  -2.908800e+00  -2.972274e+00  -3.045034e+00  -3.123379e+00  -3.207025e+00  -3.294037e+00  -3.382750e+00  -3.469446e+00  -3.549497e+00  -3.619921e+00  -3.677044e+00  -3.720036e+00  -3.752378e+00  -3.779118e+00  -3.808747e+00  -3.848020e+00  -3.903721e+00  -3.983667e+00  -4.097877e+00  -4.260899e+00  -4.492663e+00  -4.820854e+00  -5.282827e+00  -5.927629e+00  -6.816842e+00  -8.022075e+00  -9.615941e+00  -1.165068e+01  -1.412089e+01  -1.691001e+01  -1.974985e+01  -2.224491e+01  -2.402255e+01  -2.496460e+01  -2.529389e+01
   78  -2.660924e+00  -2.662587e+00  -2.663084e+00  -2.664619e+00  -2.666056e+00  -2.668545e+00  -2.671198e+00  -2.675717e+00  -2.681425e+00  -2.690392e+00  -2.702383e+00  -2.718524e+00  -2.741762e+00  -2.771543e+00  -2.807976e+00  -2.856314e+00  -2.912279e+00  -2.975329e+00  -3.047596e+00  -3.125402e+00  -3.208464e+00  -3.294855e+00  -3.382924e+00  -3.468976e+00  -3.548418e+00  -3.618294e+00  -3.674961e+00  -3.717602e+00  -3.749679e+00  -3.776199e+00  -3.805588e+00  -3.844543e+00  -3.899793e+00  -3.979088e+00  -4.092360e+00  -4.254027e+00  -4.483830e+00  -4.809175e+00  -5.267003e+00  -5.905738e+00  -6.786026e+00  -7.978070e+00  -9.552410e+00  -1.155840e+01  -1.398709e+01  -1.671864e+01  -1.948436e+01  -2.189507e+01  -2.359344e+01  -2.447933e+01  -2.478215e+01
   79  -2.666021e+00  -2.667673e+00  -2.668167e+00  -2.669692e+00  -2.671120e+00  -2.673593e+00  -2.676228e+00  -2.680718e+00  -2.686389e+00  -2.695297e+00  -2.707209e+00  -2.723245e+00  -2.746330e+00  -2.775916e+00  -2.812108e+00  -2.860124e+00  -2.915713e+00  -2.978335e+00  -3.050105e+00  -3.127368e+00  -3.209840e+00  -3.295606e+00  -3.383024e+00  -3.468426e+00  -3.547254e+00  -3.616576e+00  -3.672784e+00  -3.715072e+00  -3.746880e+00  -3.773179e+00  -3.802326e+00  -3.840962e+00  -3.895758e+00  -3.974398e+00  -4.086724e+00  -4.247026e+00  -4.474854e+00  -4.797334e+00  -5.250988e+00  -5.883616e+00  -6.754922e+00  -7.933697e+00  -9.488590e+00  -1.146557e+01  -1.385267e+01  -1.652675e+01  -1.921893e+01  -2.154660e+01  -2.316773e+01  -2.399981e+01  -2.427778e+01
   80  -2.671088e+00  -2.672729e+00  -2.673220e+00  -2.674734e+00  -2.676153e+00  -2.678610e+00  -2.681228e+00  -2.685687e+00  -2.691321e+00  -2.700170e+00  -2.712003e+00  -2.727933e+00  -2.750864e+00  -2.780252e+00  -2.816201e+00  -2.863893e+00  -2.919104e+00  -2.981294e+00  -3.052564e+00  -3.129279e+00  -3.211156e+00  -3.296292e+00  -3.383054e+00  -3.467801e+00  -3.546010e+00  -3.614774e+00  -3.670519e+00  -3.712451e+00  -3.743988e+00  -3.770065e+00  -3.798969e+00  -3.837283e+00  -3.891622e+00  -3.969602e+00  -4.080978e+00  -4.239905e+00  -4.465746e+00  -4.785342e+00  -5.234797e+00  -5.861281e+00  -6.723552e+00  -7.888992e+00  -9.424171e+00  -1.137221e+01  -1.371774e+01  -1.633456e+01  -1.895386e+01  -2.119984e+01  -2.274593e+01  -2.352647e+01  -2.378128e+01
   81  -2.676126e+00  -2.677756e+00  -2.678244e+00  -2.679748e+00  -2.681157e+00  -2.683597e+00  -2.686198e+00  -2.690627e+00  -2.696223e+00  -2.705013e+00  -2.716767e+00  -2.732589e+00  -2.755365e+00  -2.784554e+00  -2.820259e+00  -2.867625e+00  -2.922454e+00  -2.984209e+00  -3.054974e+00  -3.131138e+00  -3.212416e+00  -3.296916e+00  -3.383018e+00  -3.467105e+00  -3.544690e+00  -3.612893e+00  -3.668171e+00  -3.709745e+00  -3.741009e+00  -3.766862e+00  -3.795521e+00  -3.833512e+00  -3.887392e+00  -3.964707e+00  -4.075126e+00  -4.232672e+00  -4.456514e+00  -4.773211e+00  -5.218442e+00  -5.838749e+00  -6.691942e+00  -7.843987e+00  -9.359392e+00  -1.127848e+01  -1.358245e+01  -1.614226e+01  -1.868942e+01  -2.085523e+01  -2.232846e+01  -2.305988e+01  -2.329306e+01
   82  -2.681135e+00  -2.682755e+00  -2.683239e+00  -2.684733e+00  -2.686133e+00  -2.688556e+00  -2.691139e+00  -2.695539e+00  -2.701096e+00  -2.709826e+00  -2.721500e+00  -2.737214e+00  -2.759835e+00  -2.788824e+00  -2.824282e+00  -2.871319e+00  -2.925764e+00  -2.987082e+00  -3.057339e+00  -3.132947e+00  -3.213622e+00  -3.297483e+00  -3.382919e+00  -3.466342e+00  -3.543298e+00  -3.610936e+00  -3.665744e+00  -3.706958e+00  -3.737948e+00  -3.763575e+00  -3.791988e+00  -3.829654e+00  -3.883072e+00  -3.959720e+00  -4.069178e+00  -4.225334e+00  -4.447167e+00  -4.760949e+00  -5.201936e+00  -5.816037e+00  -6.660113e+00  -7.798717e+00  -9.294317e+00  -1.118441e+01  -1.344688e+01  -1.595005e+01  -1.842587e+01  -2.051310e+01  -2.191577e+01  -2.260037e+01  -2.281341e+01
   83  -2.686117e+00  -2.687726e+00  -2.688207e+00  -2.689690e+00  -2.691080e+00  -2.693487e+00  -2.696052e+00  -2.700422e+00  -2.705941e+00  -2.714611e+00  -2.726204e+00  -2.741809e+00  -2.764274e+00  -2.793061e+00  -2.828271e+00  -2.874977e+00  -2.929036e+00  -2.989914e+00  -3.059660e+00  -3.134709e+00  -3.214776e+00  -3.297994e+00  -3.382761e+00  -3.465516e+00  -3.541840e+00  -3.608908e+00  -3.663244e+00  -3.704095e+00  -3.734810e+00  -3.760211e+00  -3.788376e+00  -3.825715e+00  -3.878669e+00  -3.954647e+00  -4.063138e+00  -4.217899e+00  -4.437713e+00  -4.748567e+00  -5.185292e+00  -5.793162e+00  -6.628088e+00  -7.753213e+00  -9.228952e+00  -1.109006e+01  -1.331119e+01  -1.575807e+01  -1.816344e+01  -2.017375e+01  -2.150817e+01  -2.214827e+01  -2.234268e+01
   84  -2.691073e+00  -2.692670e+00  -2.693148e+00  -2.694621e+00  -2.696001e+00  -2.698391e+00  -2.700938e+00  -2.705277e+00  -2.710758e+00  -2.719367e+00  -2.730880e+00  -2.746376e+00  -2.768682e+00  -2.797267e+00  -2.832228e+00  -2.878602e+00  -2.932272e+00  -2.992707e+00  -3.061939e+00  -3.136426e+00  -3.215882e+00  -3.298452e+00  -3.382546e+00  -3.464629e+00  -3.540317e+00  -3.606814e+00  -3.660675e+00  -3.701162e+00  -3.731599e+00  -3.756773e+00  -3.784690e+00  -3.821701e+00  -3.874188e+00  -3.949493e+00  -4.057014e+00  -4.210373e+00  -4.428160e+00  -4.736074e+00  -5.168521e+00  -5.770138e+00  -6.595888e+00  -7.707505e+00  -9.163377e+00  -1.099554e+01  -1.317546e+01  -1.556651e+01  -1.790245e+01  -1.983753e+01  -2.110605e+01  -2.170395e+01  -2.188105e+01
   85  -2.696002e+00  -2.697588e+00  -2.698062e+00  -2.699525e+00  -2.700895e+00  -2.703269e+00  -2.705798e+00  -2.710106e+00  -2.715549e+00  -2.724097e+00  -2.735528e+00  -2.750914e+00  -2.773062e+00  -2.801443e+00  -2.836154e+00  -2.882193e+00  -2.935473e+00  -2.995463e+00  -3.064177e+00  -3.138099e+00  -3.216942e+00  -3.298861e+00  -3.382278e+00  -3.463685e+00  -3.538735e+00  -3.604657e+00  -3.658041e+00  -3.698162e+00  -3.728321e+00  -3.753266e+00  -3.780934e+00  -3.817616e+00  -3.869635e+00  -3.944263e+00  -4.050811e+00  -4.202762e+00  -4.418516e+00  -4.723480e+00  -5.151635e+00  -5.746981e+00  -6.563533e+00  -7.661623e+00  -9.097629e+00  -1.090088e+01  -1.303980e+01  -1.537552e+01  -1.764306e+01  -1.950468e+01  -2.070971e+01  -2.126757e+01  -2.142873e+01
   86  -2.700905e+00  -2.702479e+00  -2.702951e+00  -2.704403e+00  -2.705764e+00  -2.708120e+00  -2.710631e+00  -2.714909e+00  -2.720312e+00  -2.728799e+00  -2.740148e+00  -2.755424e+00  -2.777413e+00  -2.805590e+00  -2.840049e+00  -2.885752e+00  -2.938639e+00  -2.998182e+00  -3.066377e+00  -3.139730e+00  -3.217957e+00  -3.299222e+00  -3.381959e+00  -3.462688e+00  -3.537096e+00  -3.602441e+00  -3.655346e+00  -3.695099e+00  -3.724979e+00  -3.749695e+00  -3.777113e+00  -3.813464e+00  -3.865013e+00  -3.938963e+00  -4.044534e+00  -4.195074e+00  -4.408787e+00  -4.710792e+00  -5.134644e+00  -5.723706e+00  -6.531045e+00  -7.615597e+00  -9.031733e+00  -1.080617e+01  -1.290429e+01  -1.518523e+01  -1.738545e+01  -1.917547e+01  -2.031932e+01  -2.083941e+01  -2.098585e+01
   87  -2.705783e+00  -2.707346e+00  -2.707814e+00  -2.709256e+00  -2.710607e+00  -2.712946e+00  -2.715439e+00  -2.719686e+00  -2.725050e+00  -2.733476e+00  -2.744742e+00  -2.759908e+00  -2.781737e+00  -2.809707e+00  -2.843914e+00  -2.889279e+00  -2.941773e+00  -3.000866e+00  -3.068539e+00  -3.141322e+00  -3.218929e+00  -3.299538e+00  -3.381592e+00  -3.461639e+00  -3.535403e+00  -3.600168e+00  -3.652593e+00  -3.691977e+00  -3.721578e+00  -3.746064e+00  -3.773230e+00  -3.809250e+00  -3.860329e+00  -3.933598e+00  -4.038189e+00  -4.187314e+00  -4.398981e+00  -4.698021e+00  -5.117559e+00  -5.700326e+00  -6.498441e+00  -7.569453e+00  -8.965772e+00  -1.071144e+01  -1.276906e+01  -1.499580e+01  -1.712984e+01  -1.885012e+01  -1.993520e+01  -2.041959e+01  -2.055248e+01
   88  -2.710636e+00  -2.712187e+00  -2.712652e+00  -2.714083e+00  -2.715424e+00  -2.717746e+00  -2.720221e+00  -2.724437e+00  -2.729762e+00  -2.738126e+00  -2.749310e+00  -2.764364e+00  -2.786033e+00  -2.813797e+00  -2.847749e+00  -2.892776e+00  -2.944874e+00  -3.003516e+00  -3.070665e+00  -3.142876e+00  -3.219861e+00  -3.299810e+00  -3.381180e+00  -3.460542e+00  -3.533660e+00  -3.597844e+00  -3.649786e+00  -3.688801e+00  -3.718121e+00  -3.742376e+00  -3.769291e+00  -3.804979e+00  -3.855585e+00  -3.928173e+00  -4.031781e+00  -4.179488e+00  -4.389104e+00  -4.685173e+00  -5.100391e+00  -5.676854e+00  -6.465741e+00  -7.523218e+00  -8.899713e+00  -1.061681e+01  -1.263417e+01  -1.480734e+01  -1.687645e+01  -1.852884e+01  -1.955746e+01  -2.000824e+01  -2.012868e+01
   89  -2.715464e+00  -2.717004e+00  -2.717465e+00  -2.718885e+00  -2.720217e+00  -2.722522e+00  -2.724978e+00  -2.729163e+00  -2.734449e+00  -2.742751e+00  -2.753852e+00  -2.768795e+00  -2.790302e+00  -2.817859e+00  -2.851557e+00  -2.896243e+00  -2.947944e+00  -3.006133e+00  -3.072757e+00  -3.144392e+00  -3.220753e+00  -3.300041e+00  -3.380723e+00  -3.459400e+00  -3.531869e+00  -3.595470e+00  -3.646929e+00  -3.685573e+00  -3.714611e+00  -3.738636e+00  -3.765299e+00  -3.800653e+00  -3.850786e+00  -3.922691e+00  -4.025315e+00  -4.171601e+00  -4.379163e+00  -4.672256e+00  -5.083149e+00  -5.653305e+00  -6.432963e+00  -7.476919e+00  -8.833676e+00  -1.052226e+01  -1.249973e+01  -1.462000e+01  -1.662536e+01  -1.821185e+01  -1.918632e+01  -1.960540e+01  -1.971449e+01
   90  -2.720267e+00  -2.721795e+00  -2.722253e+00  -2.723663e+00  -2.724984e+00  -2.727272e+00  -2.729710e+00  -2.733864e+00  -2.739110e+00  -2.747350e+00  -2.758369e+00  -2.773199e+00  -2.794545e+00  -2.821894e+00  -2.855336e+00  -2.899681e+00  -2.950983e+00  -3.008718e+00  -3.074814e+00  -3.145874e+00  -3.221608e+00  -3.300233e+00  -3.380226e+00  -3.458214e+00  -3.530033e+00  -3.593050e+00  -3.644024e+00  -3.682297e+00  -3.711053e+00  -3.734847e+00  -3.761257e+00  -3.796278e+00  -3.845937e+00  -3.917158e+00  -4.018796e+00  -4.163659e+00  -4.369165e+00  -4.659279e+00  -5.065843e+00  -5.629690e+00  -6.400124e+00  -7.430580e+00  -8.767644e+00  -1.042791e+01  -1.236581e+01  -1.443386e+01  -1.637677e+01  -1.789921e+01  -1.882185e+01  -1.921123e+01  -1.930989e+01
   91  -2.725046e+00  -2.726563e+00  -2.727017e+00  -2.728416e+00  -2.729728e+00  -2.731998e+00  -2.734418e+00  -2.738540e+00  -2.743747e+00  -2.751925e+00  -2.762860e+00  -2.777578e+00  -2.798761e+00  -2.825902e+00  -2.859087e+00  -2.903091e+00  -2.953993e+00  -3.011272e+00  -3.076840e+00  -3.147321e+00  -3.222427e+00  -3.300387e+00  -3.379688e+00  -3.456987e+00  -3.528155e+00  -3.590586e+00  -3.641075e+00  -3.678976e+00  -3.707450e+00  -3.731013e+00  -3.757170e+00  -3.791857e+00  -3.841041e+00  -3.911576e+00  -4.012228e+00  -4.155666e+00  -4.359114e+00  -4.646247e+00  -5.048483e+00  -5.606021e+00  -6.367241e+00  -7.384225e+00  -8.701676e+00  -1.033379e+01  -1.223246e+01  -1.424908e+01  -1.613081e+01  -1.759119e+01  -1.846424e+01  -1.882571e+01  -1.891481e+01
   92  -2.729800e+00  -2.731306e+00  -2.731756e+00  -2.733145e+00  -2.734446e+00  -2.736700e+00  -2.739101e+00  -2.743192e+00  -2.748359e+00  -2.756474e+00  -2.767326e+00  -2.781931e+00  -2.802952e+00  -2.829883e+00  -2.862812e+00  -2.906472e+00  -2.956973e+00  -3.013796e+00  -3.078833e+00  -3.148734e+00  -3.223212e+00  -3.300505e+00  -3.379114e+00  -3.455722e+00  -3.526237e+00  -3.588082e+00  -3.638085e+00  -3.675613e+00  -3.703805e+00  -3.727136e+00  -3.753040e+00  -3.787392e+00  -3.836102e+00  -3.905952e+00  -4.005616e+00  -4.147628e+00  -4.349017e+00  -4.633169e+00  -5.031076e+00  -5.582311e+00  -6.334330e+00  -7.337878e+00  -8.635798e+00  -1.023993e+01  -1.209982e+01  -1.406572e+01  -1.588759e+01  -1.728780e+01  -1.811350e+01  -1.844879e+01  -1.852922e+01
   93  -2.734530e+00  -2.736024e+00  -2.736471e+00  -2.737849e+00  -2.739141e+00  -2.741377e+00  -2.743760e+00  -2.747819e+00  -2.752946e+00  -2.760999e+00  -2.771767e+00  -2.786259e+00  -2.807117e+00  -2.833839e+00  -2.866509e+00  -2.909826e+00  -2.959925e+00  -3.016290e+00  -3.080796e+00  -3.150116e+00  -3.223964e+00  -3.300589e+00  -3.378504e+00  -3.454419e+00  -3.524282e+00  -3.585539e+00  -3.635056e+00  -3.672212e+00  -3.700121e+00  -3.723220e+00  -3.748870e+00  -3.782889e+00  -3.831123e+00  -3.900287e+00  -3.998963e+00  -4.139550e+00  -4.338880e+00  -4.620051e+00  -5.013631e+00  -5.558571e+00  -6.301406e+00  -7.291560e+00  -8.570029e+00  -1.014640e+01  -1.196789e+01  -1.388388e+01  -1.564725e+01  -1.698924e+01  -1.776972e+01  -1.808052e+01  -1.815304e+01
   94  -2.739236e+00  -2.740718e+00  -2.741162e+00  -2.742529e+00  -2.743811e+00  -2.746029e+00  -2.748394e+00  -2.752421e+00  -2.757509e+00  -2.765499e+00  -2.776183e+00  -2.790561e+00  -2.811256e+00  -2.837768e+00  -2.870181e+00  -2.913152e+00  -2.962850e+00  -3.018755e+00  -3.082729e+00  -3.151468e+00  -3.224683e+00  -3.300640e+00  -3.377860e+00  -3.453082e+00  -3.522291e+00  -3.582961e+00  -3.631991e+00  -3.668774e+00  -3.696401e+00  -3.719268e+00  -3.744665e+00  -3.778349e+00  -3.826108e+00  -3.894586e+00  -3.992274e+00  -4.131435e+00  -4.328707e+00  -4.606899e+00  -4.996158e+00  -5.534812e+00  -6.268485e+00  -7.245293e+00  -8.504448e+00  -1.005326e+01  -1.183677e+01  -1.370366e+01  -1.540985e+01  -1.669558e+01  -1.743293e+01  -1.772080e+01  -1.778616e+01
   95  -2.743917e+00  -2.745388e+00  -2.745828e+00  -2.747185e+00  -2.748456e+00  -2.750658e+00  -2.753003e+00  -2.756999e+00  -2.762047e+00  -2.769974e+00  -2.780574e+00  -2.794839e+00  -2.815370e+00  -2.841672e+00  -2.873826e+00  -2.916452e+00  -2.965746e+00  -3.021193e+00  -3.084633e+00  -3.152789e+00  -3.225372e+00  -3.300659e+00  -3.377183e+00  -3.451713e+00  -3.520267e+00  -3.580349e+00  -3.628892e+00  -3.665303e+00  -3.692647e+00  -3.715283e+00  -3.740427e+00  -3.773776e+00  -3.821060e+00  -3.888852e+00  -3.985552e+00  -4.123289e+00  -4.318504e+00  -4.593720e+00  -4.978663e+00  -5.511043e+00  -6.235582e+00  -7.199098e+00  -8.439040e+00  -9.960512e+00  -1.170651e+01  -1.352512e+01  -1.517554e+01  -1.640688e+01  -1.710314e+01  -1.736966e+01  -1.742843e+01
   96  -2.748575e+00  -2.750034e+00  -2.750470e+00  -2.751817e+00  -2.753078e+00  -2.755261e+00  -2.757589e+00  -2.761553e+00  -2.766560e+00  -2.774425e+00  -2.784940e+00  -2.799092e+00  -2.819459e+00  -2.845551e+00  -2.877445e+00  -2.919726e+00  -2.968616e+00  -3.023602e+00  -3.086509e+00  -3.154081e+00  -3.226032e+00  -3.300648e+00  -3.376476e+00  -3.450312e+00  -3.518211e+00  -3.577706e+00  -3.625763e+00  -3.661801e+00  -3.688863e+00  -3.711267e+00  -3.736158e+00  -3.769173e+00  -3.815982e+00  -3.883088e+00  -3.978802e+00  -4.115115e+00  -4.308275e+00  -4.580519e+00  -4.961155e+00  -5.487276e+00  -6.202710e+00  -7.152994e+00  -8.373838e+00  -9.868202e+00  -1.157719e+01  -1.334835e+01  -1.494440e+01  -1.612318e+01  -1.678033e+01  -1.702697e+01  -1.707983e+01
   97  -2.753208e+00  -2.754655e+00  -2.755088e+00  -2.756424e+00  -2.757675e+00  -2.759841e+00  -2.762150e+00  -2.766082e+00  -2.771050e+00  -2.778851e+00  -2.789282e+00  -2.803320e+00  -2.823523e+00  -2.849404e+00  -2.881039e+00  -2.922973e+00  -2.971459e+00  -3.025985e+00  -3.088357e+00  -3.155346e+00  -3.226663e+00  -3.300608e+00  -3.375740e+00  -3.448882e+00  -3.516127e+00  -3.575034e+00  -3.622604e+00  -3.658271e+00  -3.685051e+00  -3.707223e+00  -3.731861e+00  -3.764543e+00  -3.810877e+00  -3.877298e+00  -3.972027e+00  -4.106918e+00  -4.298026e+00  -4.567303e+00  -4.943640e+00  -5.463521e+00  -6.169882e+00  -7.107000e+00  -8.308841e+00  -9.776411e+00  -1.144881e+01  -1.317341e+01  -1.471640e+01  -1.584454e+01  -1.646457e+01  -1.669257e+01  -1.674007e+01
   98  -2.757816e+00  -2.759252e+00  -2.759682e+00  -2.761006e+00  -2.762247e+00  -2.764396e+00  -2.766686e+00  -2.770587e+00  -2.775514e+00  -2.783252e+00  -2.793599e+00  -2.807523e+00  -2.827562e+00  -2.853231e+00  -2.884607e+00  -2.926195e+00  -2.974277e+00  -3.028341e+00  -3.090179e+00  -3.156583e+00  -3.227266e+00  -3.300541e+00  -3.374977e+00  -3.447424e+00  -3.514015e+00  -3.572335e+00  -3.619420e+00  -3.654715e+00  -3.681213e+00  -3.703154e+00  -3.727540e+00  -3.759888e+00  -3.805748e+00  -3.871486e+00  -3.965230e+00  -4.098701e+00  -4.287761e+00  -4.554078e+00  -4.926126e+00  -5.439786e+00  -6.137113e+00  -7.061135e+00  -8.244145e+00  -9.685169e+00  -1.132149e+01  -1.300039e+01  -1.449173e+01  -1.557102e+01  -1.615574e+01  -1.636639e+01  -1.640909e+01
   99  -2.762400e+00  -2.763824e+00  -2.764251e+00  -2.765564e+00  -2.766795e+00  -2.768927e+00  -2.771198e+00  -2.775067e+00  -2.779954e+00  -2.787629e+00  -2.797892e+00  -2.811702e+00  -2.831576e+00  -2.857034e+00  -2.888150e+00  -2.929391e+00  -2.977068e+00  -3.030672e+00  -3.091974e+00  -3.157794e+00  -3.227843e+00  -3.300447e+00  -3.374187e+00  -3.445941e+00  -3.511878e+00  -3.569611e+00  -3.616211e+00  -3.651135e+00  -3.677352e+00  -3.699063e+00  -3.723196e+00  -3.755211e+00  -3.800598e+00  -3.865653e+00  -3.958414e+00  -4.090469e+00  -4.277484e+00  -4.540847e+00  -4.908621e+00  -5.416081e+00  -6.104413e+00  -7.015416e+00  -8.179757e+00  -9.594482e+00  -1.119525e+01  -1.282930e+01  -1.427036e+01  -1.530265e+01  -1.585380e+01  -1.604838e+01  -1.608671e+01
  100  -2.766960e+00  -2.768372e+00  -2.768795e+00  -2.770098e+00  -2.771319e+00  -2.773433e+00  -2.775685e+00  -2.779523e+00  -2.784370e+00  -2.791982e+00  -2.802159e+00  -2.815856e+00  -2.835566e+00  -2.860812e+00  -2.891668e+00  -2.932562e+00  -2.979834e+00  -3.032976e+00  -3.093743e+00  -3.158979e+00  -3.228394e+00  -3.300328e+00  -3.373372e+00  -3.444433e+00  -3.509717e+00  -3.566864e+00  -3.612979e+00  -3.647533e+00  -3.673470e+00  -3.694950e+00  -3.718832e+00  -3.750515e+00  -3.795430e+00  -3.859803e+00  -3.951583e+00  -4.082224e+00  -4.267200e+00  -4.527618e+00  -4.891129e+00  -5.392414e+00  -6.071795e+00  -6.969859e+00  -8.115646e+00  -9.504376e+00  -1.107009e+01  -1.266022e+01  -1.405231e+01  -1.503938e+01  -1.555873e+01  -1.573842e+01  -1.577269e+01
