# h loading Love number for a Heaviside load
# Computed by ISSM on 19-Mar-2026 11:28:55
#
#   n         h_n(t)
    1  -1.252810e+00  -1.252816e+00  -1.252819e+00  -1.252824e+00  -1.252830e+00  -1.252838e+00  -1.252851e+00  -1.252869e+00  -1.252895e+00  -1.252932e+00  -1.252985e+00  -1.253062e+00  -1.253171e+00  -1.253328e+00  -1.253553e+00  -1.253875e+00  -1.254334e+00  -1.254987e+00  -1.255916e+00  -1.257227e+00  -1.259063e+00  -1.261613e+00  -1.265103e+00  -1.269791e+00  -1.275932e+00  -1.283712e+00  -1.293163e+00  -1.304038e+00  -1.315700e+00  -1.327056e+00  -1.336684e+00  -1.343382e+00  -1.346997e+00  -1.348603e+00  -1.349590e+00  -1.350744e+00  -1.352361e+00  -1.354644e+00  -1.357850e+00  -1.362309e+00  -1.368423e+00  -1.376641e+00  -1.387374e+00  -1.400831e+00  -1.416743e+00  -1.434060e+00  -1.450809e+00  -1.464539e+00  -1.473525e+00  -1.477985e+00  -1.479868e+00
    2  -9.616526e-01  -9.617628e-01  -9.618109e-01  -9.618798e-01  -9.619788e-01  -9.621210e-01  -9.623251e-01  -9.626173e-01  -9.630380e-01  -9.636423e-01  -9.645062e-01  -9.657482e-01  -9.675268e-01  -9.700708e-01  -9.737077e-01  -9.788940e-01  -9.862717e-01  -9.967208e-01  -1.011432e+00  -1.031971e+00  -1.060305e+00  -1.098727e+00  -1.149598e+00  -1.214744e+00  -1.294425e+00  -1.386020e+00  -1.483080e+00  -1.575942e+00  -1.654881e+00  -1.714455e+00  -1.755120e+00  -1.780376e+00  -1.794158e+00  -1.801290e+00  -1.806727e+00  -1.813502e+00  -1.822992e+00  -1.836303e+00  -1.854823e+00  -1.880249e+00  -1.914491e+00  -1.959390e+00  -2.016103e+00  -2.084170e+00  -2.160405e+00  -2.238344e+00  -2.309166e+00  -2.364550e+00  -2.400499e+00  -2.419692e+00  -2.429919e+00
    3  -1.024664e+00  -1.024807e+00  -1.024870e+00  -1.024959e+00  -1.025088e+00  -1.025273e+00  -1.025539e+00  -1.025920e+00  -1.026467e+00  -1.027253e+00  -1.028379e+00  -1.029994e+00  -1.032311e+00  -1.035627e+00  -1.040374e+00  -1.047154e+00  -1.056815e+00  -1.070538e+00  -1.089942e+00  -1.117199e+00  -1.155123e+00  -1.207196e+00  -1.277382e+00  -1.369567e+00  -1.486416e+00  -1.627502e+00  -1.787023e+00  -1.952178e+00  -2.104335e+00  -2.225000e+00  -2.305000e+00  -2.349112e+00  -2.370475e+00  -2.381676e+00  -2.391061e+00  -2.402989e+00  -2.419673e+00  -2.443070e+00  -2.475587e+00  -2.520155e+00  -2.580039e+00  -2.658262e+00  -2.756480e+00  -2.873206e+00  -3.001879e+00  -3.130155e+00  -3.242467e+00  -3.326360e+00  -3.378957e+00  -3.408097e+00  -3.427038e+00
    4  -1.020277e+00  -1.020435e+00  -1.020504e+00  -1.020603e+00  -1.020745e+00  -1.020949e+00  -1.021242e+00  -1.021662e+00  -1.022266e+00  -1.023132e+00  -1.024374e+00  -1.026157e+00  -1.028713e+00  -1.032374e+00  -1.037618e+00  -1.045115e+00  -1.055814e+00  -1.071041e+00  -1.092633e+00  -1.123086e+00  -1.165708e+00  -1.224725e+00  -1.305226e+00  -1.412771e+00  -1.552381e+00  -1.726642e+00  -1.932790e+00  -2.159315e+00  -2.384088e+00  -2.577825e+00  -2.715998e+00  -2.793872e+00  -2.829041e+00  -2.845786e+00  -2.859866e+00  -2.877913e+00  -2.903120e+00  -2.938485e+00  -2.987716e+00  -3.055318e+00  -3.146377e+00  -3.265697e+00  -3.416107e+00  -3.595580e+00  -3.794005e+00  -3.991557e+00  -4.162679e+00  -4.287194e+00  -4.362508e+00  -4.404357e+00  -4.434567e+00
    5  -1.041455e+00  -1.041622e+00  -1.041695e+00  -1.041800e+00  -1.041950e+00  -1.042168e+00  -1.042477e+00  -1.042923e+00  -1.043564e+00  -1.044482e+00  -1.045801e+00  -1.047691e+00  -1.050405e+00  -1.054292e+00  -1.059859e+00  -1.067826e+00  -1.079201e+00  -1.095408e+00  -1.118427e+00  -1.150964e+00  -1.196644e+00  -1.260181e+00  -1.347401e+00  -1.464979e+00  -1.619570e+00  -1.815994e+00  -2.054139e+00  -2.324717e+00  -2.605417e+00  -2.861566e+00  -3.057122e+00  -3.175053e+00  -3.229949e+00  -3.254313e+00  -3.273177e+00  -3.297074e+00  -3.330394e+00  -3.377186e+00  -3.442468e+00  -3.532391e+00  -3.654036e+00  -3.814416e+00  -4.018263e+00  -4.264218e+00  -4.539987e+00  -4.819145e+00  -5.064959e+00  -5.245637e+00  -5.354354e+00  -5.413922e+00  -5.457380e+00
    6  -1.087978e+00  -1.088155e+00  -1.088233e+00  -1.088344e+00  -1.088503e+00  -1.088733e+00  -1.089062e+00  -1.089534e+00  -1.090212e+00  -1.091184e+00  -1.092581e+00  -1.094585e+00  -1.097457e+00  -1.101577e+00  -1.107478e+00  -1.115921e+00  -1.127988e+00  -1.145190e+00  -1.169640e+00  -1.204243e+00  -1.252915e+00  -1.320788e+00  -1.414302e+00  -1.541018e+00  -1.708841e+00  -1.924250e+00  -2.189111e+00  -2.495932e+00  -2.822760e+00  -3.131805e+00  -3.378949e+00  -3.536558e+00  -3.613709e+00  -3.647389e+00  -3.671168e+00  -3.700440e+00  -3.741127e+00  -3.798293e+00  -3.878209e+00  -3.988614e+00  -4.138598e+00  -4.337509e+00  -4.592421e+00  -4.903544e+00  -5.257917e+00  -5.624212e+00  -5.955325e+00  -6.205999e+00  -6.360581e+00  -6.445282e+00  -6.505182e+00
    7  -1.148010e+00  -1.148198e+00  -1.148280e+00  -1.148398e+00  -1.148567e+00  -1.148809e+00  -1.149159e+00  -1.149658e+00  -1.150379e+00  -1.151411e+00  -1.152889e+00  -1.155014e+00  -1.158063e+00  -1.162430e+00  -1.168689e+00  -1.177647e+00  -1.190449e+00  -1.208711e+00  -1.234682e+00  -1.271469e+00  -1.323280e+00  -1.395649e+00  -1.495608e+00  -1.631522e+00  -1.812389e+00  -2.046094e+00  -2.336115e+00  -2.676396e+00  -3.045281e+00  -3.402611e+00  -3.697831e+00  -3.894205e+00  -3.994795e+00  -4.039024e+00  -4.068006e+00  -4.102372e+00  -4.149909e+00  -4.216702e+00  -4.310230e+00  -4.439760e+00  -4.616331e+00  -4.851686e+00  -5.155446e+00  -5.529958e+00  -5.962589e+00  -6.418595e+00  -6.841836e+00  -7.173206e+00  -7.385033e+00  -7.502930e+00  -7.583111e+00
    8  -1.213792e+00  -1.213991e+00  -1.214078e+00  -1.214203e+00  -1.214381e+00  -1.214639e+00  -1.215007e+00  -1.215538e+00  -1.216300e+00  -1.217390e+00  -1.218955e+00  -1.221205e+00  -1.224431e+00  -1.229062e+00  -1.235685e+00  -1.245174e+00  -1.258735e+00  -1.278088e+00  -1.305622e+00  -1.344649e+00  -1.399661e+00  -1.476608e+00  -1.583091e+00  -1.728243e+00  -1.922106e+00  -2.173860e+00  -2.488430e+00  -2.861016e+00  -3.270241e+00  -3.673880e+00  -4.015762e+00  -4.250841e+00  -4.375998e+00  -4.431907e+00  -4.466477e+00  -4.505823e+00  -4.559904e+00  -4.635873e+00  -4.742382e+00  -4.890199e+00  -5.092291e+00  -5.362774e+00  -5.713989e+00  -6.150692e+00  -6.661300e+00  -7.208713e+00  -7.728869e+00  -8.149027e+00  -8.427460e+00  -8.585543e+00  -8.688874e+00
    9  -1.281311e+00  -1.281521e+00  -1.281613e+00  -1.281744e+00  -1.281933e+00  -1.282205e+00  -1.282592e+00  -1.283154e+00  -1.283956e+00  -1.285109e+00  -1.286764e+00  -1.289137e+00  -1.292542e+00  -1.297423e+00  -1.304420e+00  -1.314434e+00  -1.328755e+00  -1.349195e+00  -1.378290e+00  -1.419548e+00  -1.477752e+00  -1.559254e+00  -1.672204e+00  -1.826516e+00  -2.033215e+00  -2.302724e+00  -2.641361e+00  -3.045540e+00  -3.494178e+00  -3.943236e+00  -4.331409e+00  -4.605775e+00  -4.756803e+00  -4.825523e+00  -4.866125e+00  -4.910436e+00  -4.970871e+00  -5.055721e+00  -5.174809e+00  -5.340362e+00  -5.567279e+00  -5.872037e+00  -6.269773e+00  -6.767875e+00  -7.356301e+00  -7.996388e+00  -8.617055e+00  -9.132156e+00  -9.484531e+00  -9.688232e+00  -9.816160e+00
   10  -1.348617e+00  -1.348838e+00  -1.348935e+00  -1.349073e+00  -1.349272e+00  -1.349557e+00  -1.349964e+00  -1.350554e+00  -1.351399e+00  -1.352610e+00  -1.354348e+00  -1.356846e+00  -1.360427e+00  -1.365559e+00  -1.372914e+00  -1.383450e+00  -1.398510e+00  -1.420017e+00  -1.450639e+00  -1.494086e+00  -1.555418e+00  -1.641376e+00  -1.760665e+00  -1.923930e+00  -2.143189e+00  -2.430075e+00  -2.792266e+00  -3.227384e+00  -3.714735e+00  -4.208709e+00  -4.643227e+00  -4.957750e+00  -5.136058e+00  -5.218768e+00  -5.265891e+00  -5.315184e+00  -5.381820e+00  -5.475332e+00  -5.606666e+00  -5.789539e+00  -6.040690e+00  -6.379064e+00  -6.822545e+00  -7.381407e+00  -8.047416e+00  -8.780982e+00  -9.504699e+00  -1.011940e+01  -1.055142e+01  -1.080491e+01  -1.095780e+01
   11  -1.414748e+00  -1.414979e+00  -1.415080e+00  -1.415225e+00  -1.415433e+00  -1.415732e+00  -1.416161e+00  -1.416776e+00  -1.417659e+00  -1.418929e+00  -1.420747e+00  -1.423362e+00  -1.427114e+00  -1.432491e+00  -1.440199e+00  -1.451233e+00  -1.467015e+00  -1.489558e+00  -1.521658e+00  -1.567222e+00  -1.631582e+00  -1.721863e+00  -1.847299e+00  -2.019262e+00  -2.250722e+00  -2.554496e+00  -2.939642e+00  -3.405004e+00  -3.930401e+00  -4.468853e+00  -4.949875e+00  -5.305517e+00  -5.512565e+00  -5.610430e+00  -5.664572e+00  -5.718879e+00  -5.791588e+00  -5.893539e+00  -6.036837e+00  -6.236630e+00  -6.511510e+00  -6.882812e+00  -7.371270e+00  -7.990098e+00  -8.733228e+00  -9.560542e+00  -1.038903e+01  -1.110684e+01  -1.162304e+01  -1.192964e+01  -1.210749e+01
   12  -1.479182e+00  -1.479423e+00  -1.479529e+00  -1.479680e+00  -1.479897e+00  -1.480208e+00  -1.480656e+00  -1.481298e+00  -1.482221e+00  -1.483542e+00  -1.485444e+00  -1.488174e+00  -1.492082e+00  -1.497697e+00  -1.505740e+00  -1.517255e+00  -1.533730e+00  -1.557259e+00  -1.590782e+00  -1.638381e+00  -1.705660e+00  -1.800097e+00  -1.931450e+00  -2.111789e+00  -2.355015e+00  -2.675144e+00  -3.082554e+00  -3.577383e+00  -4.140068e+00  -4.722524e+00  -5.250181e+00  -5.647836e+00  -5.885016e+00  -5.999219e+00  -6.060880e+00  -6.120219e+00  -6.198854e+00  -6.309046e+00  -6.464001e+00  -6.680269e+00  -6.978329e+00  -7.381866e+00  -7.914432e+00  -8.592316e+00  -9.411743e+00  -1.033261e+01  -1.126683e+01  -1.209030e+01  -1.269442e+01  -1.305711e+01  -1.325997e+01
   13  -1.541600e+00  -1.541851e+00  -1.541961e+00  -1.542118e+00  -1.542344e+00  -1.542668e+00  -1.543133e+00  -1.543800e+00  -1.544760e+00  -1.546136e+00  -1.548112e+00  -1.550949e+00  -1.555012e+00  -1.560846e+00  -1.569212e+00  -1.581186e+00  -1.598321e+00  -1.622796e+00  -1.657674e+00  -1.707214e+00  -1.777262e+00  -1.875678e+00  -2.012683e+00  -2.201046e+00  -2.455565e+00  -2.791414e+00  -3.220318e+00  -3.743739e+00  -4.342856e+00  -4.968725e+00  -5.542986e+00  -5.983448e+00  -6.252046e+00  -6.383718e+00  -6.453389e+00  -6.517787e+00  -6.602210e+00  -6.720388e+00  -6.886683e+00  -7.119006e+00  -7.439625e+00  -7.874575e+00  -8.450275e+00  -9.186076e+00  -1.008072e+01  -1.109445e+01  -1.213477e+01  -1.306580e+01  -1.376101e+01  -1.418266e+01  -1.441113e+01
   14  -1.601782e+00  -1.602042e+00  -1.602155e+00  -1.602318e+00  -1.602552e+00  -1.602888e+00  -1.603369e+00  -1.604064e+00  -1.605054e+00  -1.606481e+00  -1.608528e+00  -1.611466e+00  -1.615681e+00  -1.621723e+00  -1.630389e+00  -1.642802e+00  -1.660559e+00  -1.685927e+00  -1.722084e+00  -1.773468e+00  -1.846150e+00  -1.948324e+00  -2.090701e+00  -2.286694e+00  -2.551982e+00  -2.902861e+00  -3.352409e+00  -3.903433e+00  -4.537985e+00  -5.206503e+00  -5.827181e+00  -6.311037e+00  -6.612226e+00  -6.762428e+00  -6.840599e+00  -6.910077e+00  -7.000117e+00  -7.126033e+00  -7.303321e+00  -7.551192e+00  -7.893709e+00  -8.359188e+00  -8.976905e+00  -9.769278e+00  -1.073780e+01  -1.184335e+01  -1.298961e+01  -1.402960e+01  -1.481877e+01  -1.530243e+01  -1.555765e+01
   15  -1.659565e+00  -1.659834e+00  -1.659951e+00  -1.660119e+00  -1.660360e+00  -1.660707e+00  -1.661204e+00  -1.661919e+00  -1.662944e+00  -1.664418e+00  -1.666531e+00  -1.669564e+00  -1.673917e+00  -1.680158e+00  -1.689109e+00  -1.701927e+00  -1.720270e+00  -1.746481e+00  -1.783842e+00  -1.836956e+00  -1.912112e+00  -2.017836e+00  -2.165276e+00  -2.368480e+00  -2.643967e+00  -3.009133e+00  -3.478383e+00  -4.055933e+00  -4.724788e+00  -5.435011e+00  -6.101705e+00  -6.629320e+00  -6.964116e+00  -7.133855e+00  -7.220973e+00  -7.295532e+00  -7.391009e+00  -7.524410e+00  -7.712282e+00  -7.975170e+00  -8.338861e+00  -8.833907e+00  -9.492385e+00  -1.033987e+01  -1.138065e+01  -1.257669e+01  -1.382836e+01  -1.497831e+01  -1.586412e+01  -1.641303e+01  -1.669676e+01
   16  -1.714833e+00  -1.715110e+00  -1.715230e+00  -1.715403e+00  -1.715650e+00  -1.716008e+00  -1.716521e+00  -1.717256e+00  -1.718312e+00  -1.719827e+00  -1.722003e+00  -1.725127e+00  -1.729607e+00  -1.736033e+00  -1.745251e+00  -1.758448e+00  -1.777340e+00  -1.804328e+00  -1.842820e+00  -1.897542e+00  -1.975019e+00  -2.084058e+00  -2.236242e+00  -2.446211e+00  -2.731293e+00  -3.109963e+00  -3.597922e+00  -4.200799e+00  -4.902700e+00  -5.653511e+00  -6.365578e+00  -6.937107e+00  -7.306311e+00  -7.496498e+00  -7.593021e+00  -7.672654e+00  -7.773378e+00  -7.913951e+00  -8.112019e+00  -8.389359e+00  -8.773430e+00  -9.296996e+00  -9.994905e+00  -1.089585e+01  -1.200712e+01  -1.329201e+01  -1.464831e+01  -1.590893e+01  -1.689394e+01  -1.751147e+01  -1.782616e+01
   17  -1.767508e+00  -1.767792e+00  -1.767915e+00  -1.768093e+00  -1.768348e+00  -1.768715e+00  -1.769239e+00  -1.769995e+00  -1.771083e+00  -1.772636e+00  -1.774870e+00  -1.778075e+00  -1.782675e+00  -1.789274e+00  -1.798731e+00  -1.812281e+00  -1.831674e+00  -1.859392e+00  -1.898926e+00  -1.955144e+00  -2.034765e+00  -2.146884e+00  -2.303485e+00  -2.519757e+00  -2.813819e+00  -3.205161e+00  -3.710780e+00  -4.337727e+00  -5.071272e+00  -5.861384e+00  -6.617970e+00  -7.233301e+00  -7.637546e+00  -7.848971e+00  -7.955318e+00  -8.040013e+00  -8.145784e+00  -8.293240e+00  -8.501052e+00  -8.792233e+00  -9.195885e+00  -9.746877e+00  -1.048277e+01  -1.143543e+01  -1.261522e+01  -1.398717e+01  -1.544703e+01  -1.681880e+01  -1.790541e+01  -1.859518e+01  -1.894369e+01
   18  -1.817547e+00  -1.817837e+00  -1.817964e+00  -1.818146e+00  -1.818407e+00  -1.818782e+00  -1.819320e+00  -1.820093e+00  -1.821202e+00  -1.822793e+00  -1.825079e+00  -1.828364e+00  -1.833075e+00  -1.839827e+00  -1.849510e+00  -1.863382e+00  -1.883242e+00  -1.911626e+00  -1.952114e+00  -2.009710e+00  -2.091311e+00  -2.206271e+00  -2.366943e+00  -2.589057e+00  -2.891458e+00  -3.294628e+00  -3.816818e+00  -4.466496e+00  -5.230202e+00  -6.058158e+00  -6.858204e+00  -7.516995e+00  -7.956672e+00  -8.190029e+00  -8.306592e+00  -8.396334e+00  -8.506931e+00  -8.660946e+00  -8.878066e+00  -9.182476e+00  -9.604810e+00  -1.018209e+01  -1.095449e+01  -1.195703e+01  -1.320327e+01  -1.466029e+01  -1.622242e+01  -1.770558e+01  -1.889606e+01  -1.966176e+01  -2.004737e+01
   19  -1.864940e+00  -1.865237e+00  -1.865366e+00  -1.865552e+00  -1.865818e+00  -1.866201e+00  -1.866751e+00  -1.867540e+00  -1.868674e+00  -1.870299e+00  -1.872634e+00  -1.875985e+00  -1.880795e+00  -1.887690e+00  -1.897579e+00  -1.911749e+00  -1.932028e+00  -1.961019e+00  -2.002382e+00  -2.061234e+00  -2.144640e+00  -2.262200e+00  -2.426617e+00  -2.654102e+00  -2.964202e+00  -3.378339e+00  -3.915981e+00  -4.587026e+00  -5.379319e+00  -6.243542e+00  -7.085782e+00  -7.787438e+00  -8.262746e+00  -8.518602e+00  -8.645718e+00  -8.740491e+00  -8.855686e+00  -9.015930e+00  -9.241217e+00  -9.558897e+00  -9.999069e+00  -1.060142e+01  -1.140878e+01  -1.245930e+01  -1.376981e+01  -1.530979e+01  -1.697270e+01  -1.856724e+01  -1.986367e+01  -2.070898e+01  -2.113525e+01
   20  -1.909706e+00  -1.910005e+00  -1.910140e+00  -1.910329e+00  -1.910601e+00  -1.910989e+00  -1.911551e+00  -1.912354e+00  -1.913509e+00  -1.915165e+00  -1.917544e+00  -1.920957e+00  -1.925855e+00  -1.932883e+00  -1.942957e+00  -1.957390e+00  -1.978055e+00  -2.007595e+00  -2.049753e+00  -2.109742e+00  -2.194789e+00  -2.314711e+00  -2.482535e+00  -2.714931e+00  -3.032098e+00  -3.456345e+00  -4.008318e+00  -4.699321e+00  -5.518584e+00  -6.417387e+00  -7.300379e+00  -8.044096e+00  -8.555008e+00  -8.833767e+00  -8.971752e+00  -9.071514e+00  -9.191115e+00  -9.357259e+00  -9.590889e+00  -9.920528e+00  -1.037764e+01  -1.100389e+01  -1.184462e+01  -1.294115e+01  -1.431369e+01  -1.593434e+01  -1.769637e+01  -1.940202e+01  -2.080622e+01  -2.173472e+01  -2.220533e+01
   21  -1.951890e+00  -1.952197e+00  -1.952331e+00  -1.952523e+00  -1.952799e+00  -1.953196e+00  -1.953765e+00  -1.954582e+00  -1.955755e+00  -1.957439e+00  -1.959856e+00  -1.963327e+00  -1.968303e+00  -1.975446e+00  -1.985688e+00  -2.000361e+00  -2.021366e+00  -2.051402e+00  -2.094271e+00  -2.155288e+00  -2.241815e+00  -2.363872e+00  -2.534780e+00  -2.771631e+00  -3.095232e+00  -3.528744e+00  -4.093941e+00  -4.803504e+00  -5.648064e+00  -6.579681e+00  -7.501838e+00  -8.286600e+00  -8.832878e+00  -9.134842e+00  -9.283939e+00  -9.388672e+00  -9.512427e+00  -9.684151e+00  -9.926404e+00  -1.026661e+01  -1.073975e+01  -1.138866e+01  -1.226120e+01  -1.340175e+01  -1.483401e+01  -1.653293e+01  -1.839220e+01  -2.020838e+01  -2.172183e+01  -2.273691e+01  -2.325561e+01
   22  -1.991557e+00  -1.991869e+00  -1.992005e+00  -1.992200e+00  -1.992480e+00  -1.992880e+00  -1.993458e+00  -1.994284e+00  -1.995477e+00  -1.997186e+00  -1.999634e+00  -2.003157e+00  -2.008208e+00  -2.015453e+00  -2.025839e+00  -2.040725e+00  -2.062040e+00  -2.092518e+00  -2.136020e+00  -2.197953e+00  -2.285800e+00  -2.409770e+00  -2.583442e+00  -2.824316e+00  -3.153751e+00  -3.595703e+00  -4.173032e+00  -4.899766e+00  -5.767961e+00  -6.730555e+00  -7.690179e+00  -8.514782e+00  -9.095982e+00  -9.421284e+00  -9.581705e+00  -9.691367e+00  -9.819056e+00  -9.996023e+00  -1.024572e+01  -1.059655e+01  -1.108483e+01  -1.175521e+01  -1.265793e+01  -1.384051e+01  -1.533007e+01  -1.710481e+01  -1.905919e+01  -2.098504e+01  -2.260881e+01  -2.371353e+01  -2.428404e+01
   23  -2.028792e+00  -2.029105e+00  -2.029244e+00  -2.029442e+00  -2.029725e+00  -2.030132e+00  -2.030717e+00  -2.031555e+00  -2.032761e+00  -2.034490e+00  -2.036974e+00  -2.040538e+00  -2.045649e+00  -2.052987e+00  -2.063507e+00  -2.078579e+00  -2.100167e+00  -2.131031e+00  -2.175098e+00  -2.237839e+00  -2.326860e+00  -2.452531e+00  -2.628679e+00  -2.873154e+00  -3.207839e+00  -3.657435e+00  -4.245833e+00  -4.988375e+00  -5.878537e+00  -6.870250e+00  -7.865531e+00  -8.728619e+00  -9.344116e+00  -9.692753e+00  -9.864617e+00  -9.979154e+00  -1.011058e+01  -1.029245e+01  -1.054914e+01  -1.090997e+01  -1.141250e+01  -1.210313e+01  -1.303446e+01  -1.425700e+01  -1.580148e+01  -1.764942e+01  -1.969661e+01  -2.173085e+01  -2.346561e+01  -2.466264e+01  -2.528846e+01
   24  -2.063690e+00  -2.064009e+00  -2.064148e+00  -2.064347e+00  -2.064632e+00  -2.065043e+00  -2.065636e+00  -2.066486e+00  -2.067703e+00  -2.069450e+00  -2.071961e+00  -2.075558e+00  -2.080729e+00  -2.088146e+00  -2.098781e+00  -2.114018e+00  -2.135839e+00  -2.167050e+00  -2.211608e+00  -2.275068e+00  -2.365120e+00  -2.492286e+00  -2.670626e+00  -2.918305e+00  -3.257688e+00  -3.714172e+00  -4.312622e+00  -5.069645e+00  -5.980130e+00  -6.999101e+00  -8.028170e+00  -8.928244e+00  -9.577237e+00  -9.949044e+00  -1.013244e+01  -1.025180e+01  -1.038673e+01  -1.057319e+01  -1.083642e+01  -1.120660e+01  -1.172251e+01  -1.243219e+01  -1.339055e+01  -1.465104e+01  -1.624796e+01  -1.816637e+01  -2.030382e+01  -2.244486e+01  -2.429076e+01  -2.558232e+01  -2.626673e+01
   25  -2.096360e+00  -2.096682e+00  -2.096823e+00  -2.097024e+00  -2.097310e+00  -2.097728e+00  -2.098324e+00  -2.099180e+00  -2.100409e+00  -2.102173e+00  -2.104707e+00  -2.108342e+00  -2.113562e+00  -2.121041e+00  -2.131774e+00  -2.147157e+00  -2.169189e+00  -2.200692e+00  -2.245679e+00  -2.309759e+00  -2.400713e+00  -2.529197e+00  -2.709461e+00  -2.959968e+00  -3.303529e+00  -3.766181e+00  -4.373711e+00  -5.143936e+00  -6.073153e+00  -7.117508e+00  -8.178456e+00  -9.113894e+00  -9.795415e+00  -1.019013e+01  -1.038506e+01  -1.050916e+01  -1.064740e+01  -1.083813e+01  -1.110747e+01  -1.148639e+01  -1.201480e+01  -1.274237e+01  -1.372618e+01  -1.502258e+01  -1.666945e+01  -1.865551e+01  -2.088046e+01  -2.312628e+01  -2.508292e+01  -2.647067e+01  -2.721662e+01
   26  -2.126917e+00  -2.127241e+00  -2.127383e+00  -2.127586e+00  -2.127877e+00  -2.128296e+00  -2.128897e+00  -2.129759e+00  -2.130997e+00  -2.132776e+00  -2.135330e+00  -2.138992e+00  -2.144251e+00  -2.151793e+00  -2.162613e+00  -2.178121e+00  -2.200322e+00  -2.232082e+00  -2.277439e+00  -2.342054e+00  -2.433789e+00  -2.563414e+00  -2.745354e+00  -2.998341e+00  -3.345586e+00  -3.813735e+00  -4.429421e+00  -5.211626e+00  -6.158024e+00  -7.225943e+00  -8.316817e+00  -9.285915e+00  -9.998871e+00  -1.041607e+01  -1.062248e+01  -1.075123e+01  -1.089257e+01  -1.108728e+01  -1.136229e+01  -1.174933e+01  -1.228943e+01  -1.303373e+01  -1.404142e+01  -1.537172e+01  -1.706601e+01  -1.911678e+01  -2.142625e+01  -2.377444e+01  -2.584089e+01  -2.732592e+01  -2.813591e+01
   27  -2.155480e+00  -2.155806e+00  -2.155948e+00  -2.156153e+00  -2.156446e+00  -2.156867e+00  -2.157472e+00  -2.158341e+00  -2.159590e+00  -2.161377e+00  -2.163944e+00  -2.167639e+00  -2.172929e+00  -2.180521e+00  -2.191411e+00  -2.207020e+00  -2.229379e+00  -2.261357e+00  -2.307020e+00  -2.372093e+00  -2.464497e+00  -2.595101e+00  -2.778494e+00  -3.033637e+00  -3.384114e+00  -3.857119e+00  -4.480094e+00  -5.273122e+00  -6.235211e+00  -7.324888e+00  -8.443757e+00  -9.444744e+00  -1.018791e+01  -1.062705e+01  -1.084480e+01  -1.097811e+01  -1.112235e+01  -1.132074e+01  -1.160099e+01  -1.199559e+01  -1.254654e+01  -1.330644e+01  -1.433650e+01  -1.569865e+01  -1.743781e+01  -1.955027e+01  -2.194104e+01  -2.438880e+01  -2.656353e+01  -2.814627e+01  -2.902243e+01
   28  -2.182169e+00  -2.182497e+00  -2.182640e+00  -2.182846e+00  -2.183140e+00  -2.183564e+00  -2.184172e+00  -2.185046e+00  -2.186299e+00  -2.188099e+00  -2.190683e+00  -2.194394e+00  -2.199715e+00  -2.207353e+00  -2.218300e+00  -2.233996e+00  -2.256480e+00  -2.288636e+00  -2.334572e+00  -2.400027e+00  -2.492993e+00  -2.624431e+00  -2.809058e+00  -3.066064e+00  -3.419354e+00  -3.896622e+00  -4.526067e+00  -5.328825e+00  -6.305176e+00  -7.414866e+00  -8.559792e+00  -9.590860e+00  -1.036290e+01  -1.082333e+01  -1.105223e+01  -1.118999e+01  -1.133693e+01  -1.153872e+01  -1.182381e+01  -1.222539e+01  -1.278638e+01  -1.356078e+01  -1.461168e+01  -1.600369e+01  -1.778514e+01  -1.995619e+01  -2.242480e+01  -2.496892e+01  -2.724986e+01  -2.893012e+01  -2.987395e+01
   29  -2.207104e+00  -2.207434e+00  -2.207578e+00  -2.207784e+00  -2.208080e+00  -2.208506e+00  -2.209117e+00  -2.209994e+00  -2.211249e+00  -2.213062e+00  -2.215654e+00  -2.219380e+00  -2.224725e+00  -2.232398e+00  -2.243401e+00  -2.259167e+00  -2.281750e+00  -2.314058e+00  -2.360214e+00  -2.425980e+00  -2.519422e+00  -2.651560e+00  -2.837237e+00  -3.095821e+00  -3.451534e+00  -3.932521e+00  -4.567685e+00  -5.379127e+00  -6.368384e+00  -7.496410e+00  -8.665483e+00  -9.724763e+00  -1.052427e+01  -1.100526e+01  -1.124504e+01  -1.138711e+01  -1.153656e+01  -1.174146e+01  -1.203102e+01  -1.243900e+01  -1.300928e+01  -1.379708e+01  -1.486733e+01  -1.628721e+01  -1.810833e+01  -2.033476e+01  -2.287759e+01  -2.551450e+01  -2.789897e+01  -2.967589e+01  -3.068837e+01
   30  -2.230406e+00  -2.230737e+00  -2.230881e+00  -2.231088e+00  -2.231385e+00  -2.231813e+00  -2.232425e+00  -2.233305e+00  -2.234569e+00  -2.236384e+00  -2.238987e+00  -2.242728e+00  -2.248090e+00  -2.255787e+00  -2.266830e+00  -2.282657e+00  -2.305321e+00  -2.337754e+00  -2.384079e+00  -2.450106e+00  -2.543933e+00  -2.676649e+00  -2.863192e+00  -3.123113e+00  -3.480890e+00  -3.965094e+00  -4.605266e+00  -5.424431e+00  -6.425300e+00  -7.570026e+00  -8.761389e+00  -9.847022e+00  -1.067253e+01  -1.117322e+01  -1.142356e+01  -1.156980e+01  -1.172158e+01  -1.192933e+01  -1.222296e+01  -1.263682e+01  -1.321560e+01  -1.401573e+01  -1.510389e+01  -1.654962e+01  -1.840785e+01  -2.068634e+01  -2.329956e+01  -2.602534e+01  -2.851010e+01  -3.038213e+01  -3.146364e+01
   31  -2.252188e+00  -2.252520e+00  -2.252664e+00  -2.252872e+00  -2.253170e+00  -2.253598e+00  -2.254213e+00  -2.255096e+00  -2.256363e+00  -2.258182e+00  -2.260794e+00  -2.264536e+00  -2.269922e+00  -2.277643e+00  -2.288710e+00  -2.304579e+00  -2.327315e+00  -2.359843e+00  -2.406303e+00  -2.472544e+00  -2.566675e+00  -2.699845e+00  -2.887104e+00  -3.148127e+00  -3.507636e+00  -3.994593e+00  -4.639117e+00  -5.465096e+00  -6.476365e+00  -7.636243e+00  -8.848057e+00  -9.958192e+00  -1.080815e+01  -1.132763e+01  -1.158818e+01  -1.173841e+01  -1.189233e+01  -1.210267e+01  -1.240000e+01  -1.281921e+01  -1.340576e+01  -1.421720e+01  -1.532178e+01  -1.679142e+01  -1.868410e+01  -2.101132e+01  -2.369094e+01  -2.650126e+01  -2.908260e+01  -3.104752e+01  -3.219786e+01
   32  -2.272563e+00  -2.272895e+00  -2.273040e+00  -2.273248e+00  -2.273547e+00  -2.273976e+00  -2.274592e+00  -2.275474e+00  -2.276745e+00  -2.278568e+00  -2.281182e+00  -2.284945e+00  -2.290335e+00  -2.298069e+00  -2.309165e+00  -2.325065e+00  -2.347843e+00  -2.380438e+00  -2.427009e+00  -2.493406e+00  -2.587772e+00  -2.721305e+00  -2.909130e+00  -3.171050e+00  -3.531990e+00  -4.021275e+00  -4.669552e+00  -5.501498e+00  -6.522012e+00  -7.695546e+00  -8.926036e+00  -1.005882e+01  -1.093168e+01  -1.146898e+01  -1.173929e+01  -1.189334e+01  -1.204923e+01  -1.226190e+01  -1.256258e+01  -1.298662e+01  -1.358021e+01  -1.440192e+01  -1.552154e+01  -1.701311e+01  -1.893760e+01  -2.131016e+01  -2.405198e+01  -2.694227e+01  -2.961593e+01  -3.167087e+01  -3.288916e+01
   33  -2.291635e+00  -2.291968e+00  -2.292113e+00  -2.292322e+00  -2.292622e+00  -2.293050e+00  -2.293664e+00  -2.294553e+00  -2.295825e+00  -2.297650e+00  -2.300275e+00  -2.304029e+00  -2.309431e+00  -2.317176e+00  -2.328286e+00  -2.344214e+00  -2.367021e+00  -2.399669e+00  -2.446312e+00  -2.512815e+00  -2.607356e+00  -2.741168e+00  -2.929425e+00  -3.192043e+00  -3.554155e+00  -4.045365e+00  -4.696832e+00  -5.533954e+00  -6.562629e+00  -7.748407e+00  -8.995866e+00  -1.014948e+01  -1.104365e+01  -1.159773e+01  -1.187733e+01  -1.203500e+01  -1.219268e+01  -1.240744e+01  -1.271111e+01  -1.313950e+01  -1.373944e+01  -1.457041e+01  -1.570365e+01  -1.721523e+01  -1.916890e+01  -2.158332e+01  -2.438302e+01  -2.734843e+01  -3.010966e+01  -3.225114e+01  -3.353594e+01
   34  -2.309508e+00  -2.309841e+00  -2.309986e+00  -2.310194e+00  -2.310494e+00  -2.310922e+00  -2.311541e+00  -2.312427e+00  -2.313700e+00  -2.315529e+00  -2.318150e+00  -2.321917e+00  -2.327312e+00  -2.335068e+00  -2.346184e+00  -2.362125e+00  -2.384959e+00  -2.417636e+00  -2.464325e+00  -2.530906e+00  -2.625556e+00  -2.759558e+00  -2.948127e+00  -3.211284e+00  -3.574307e+00  -4.067091e+00  -4.721215e+00  -5.562796e+00  -6.598611e+00  -7.795279e+00  -9.058049e+00  -1.023070e+01  -1.114459e+01  -1.171437e+01  -1.200276e+01  -1.216383e+01  -1.232313e+01  -1.253974e+01  -1.284607e+01  -1.327832e+01  -1.388389e+01  -1.472318e+01  -1.586866e+01  -1.739831e+01  -1.937853e+01  -2.183131e+01  -2.468448e+01  -2.771983e+01  -3.056351e+01  -3.278749e+01  -3.413669e+01
   35  -2.326274e+00  -2.326609e+00  -2.326753e+00  -2.326961e+00  -2.327261e+00  -2.327691e+00  -2.328308e+00  -2.329193e+00  -2.330467e+00  -2.332296e+00  -2.334919e+00  -2.338678e+00  -2.344086e+00  -2.351843e+00  -2.362963e+00  -2.378910e+00  -2.401746e+00  -2.434441e+00  -2.481151e+00  -2.547765e+00  -2.642489e+00  -2.776594e+00  -2.965373e+00  -3.228906e+00  -3.592620e+00  -4.086638e+00  -4.742962e+00  -5.588296e+00  -6.630304e+00  -7.836580e+00  -9.113076e+00  -1.030301e+01  -1.123502e+01  -1.181941e+01  -1.211603e+01  -1.228029e+01  -1.244102e+01  -1.265925e+01  -1.296791e+01  -1.340354e+01  -1.401410e+01  -1.486072e+01  -1.601707e+01  -1.756290e+01  -1.956704e+01  -2.205463e+01  -2.495676e+01  -2.805674e+01  -3.097728e+01  -3.327911e+01  -3.469012e+01
   36  -2.342024e+00  -2.342358e+00  -2.342503e+00  -2.342711e+00  -2.343010e+00  -2.343441e+00  -2.344058e+00  -2.344945e+00  -2.346212e+00  -2.348047e+00  -2.350667e+00  -2.354433e+00  -2.359832e+00  -2.367583e+00  -2.378704e+00  -2.394652e+00  -2.417488e+00  -2.450177e+00  -2.496889e+00  -2.563511e+00  -2.658243e+00  -2.792402e+00  -2.981291e+00  -3.245054e+00  -3.609245e+00  -4.104200e+00  -4.762277e+00  -5.610738e+00  -6.658035e+00  -7.872708e+00  -9.161399e+00  -1.036692e+01  -1.131547e+01  -1.191333e+01  -1.221761e+01  -1.238482e+01  -1.254683e+01  -1.276643e+01  -1.307710e+01  -1.351565e+01  -1.413054e+01  -1.498356e+01  -1.614948e+01  -1.770956e+01  -1.973502e+01  -2.225388e+01  -2.520036e+01  -2.835941e+01  -3.135095e+01  -3.372555e+01  -3.519512e+01
   37  -2.356842e+00  -2.357175e+00  -2.357320e+00  -2.357528e+00  -2.357828e+00  -2.358257e+00  -2.358873e+00  -2.359760e+00  -2.361032e+00  -2.362858e+00  -2.365473e+00  -2.369238e+00  -2.374642e+00  -2.382392e+00  -2.393499e+00  -2.409440e+00  -2.432264e+00  -2.464937e+00  -2.511620e+00  -2.578225e+00  -2.672931e+00  -2.807071e+00  -2.995979e+00  -3.259857e+00  -3.624337e+00  -4.119951e+00  -4.779371e+00  -5.630361e+00  -6.682116e+00  -7.904036e+00  -9.203455e+00  -1.042291e+01  -1.138643e+01  -1.199661e+01  -1.230796e+01  -1.247786e+01  -1.264096e+01  -1.286176e+01  -1.317413e+01  -1.361516e+01  -1.423370e+01  -1.509221e+01  -1.626637e+01  -1.783889e+01  -1.988304e+01  -2.242960e+01  -2.541578e+01  -2.862820e+01  -3.168456e+01  -3.412635e+01  -3.565084e+01
   38  -2.370804e+00  -2.371137e+00  -2.371282e+00  -2.371490e+00  -2.371789e+00  -2.372218e+00  -2.372834e+00  -2.373719e+00  -2.374990e+00  -2.376814e+00  -2.379436e+00  -2.383189e+00  -2.388584e+00  -2.396324e+00  -2.407433e+00  -2.423348e+00  -2.446155e+00  -2.478796e+00  -2.525454e+00  -2.591998e+00  -2.686640e+00  -2.820722e+00  -3.009565e+00  -3.273428e+00  -3.638020e+00  -4.134044e+00  -4.794428e+00  -5.647401e+00  -6.702815e+00  -7.930895e+00  -9.239645e+00  -1.047142e+01  -1.144838e+01  -1.206974e+01  -1.238755e+01  -1.255987e+01  -1.272392e+01  -1.294567e+01  -1.325943e+01  -1.370251e+01  -1.432411e+01  -1.518721e+01  -1.636829e+01  -1.795142e+01  -2.001167e+01  -2.258243e+01  -2.560357e+01  -2.886357e+01  -3.197834e+01  -3.448139e+01  -3.605659e+01
   39  -2.383983e+00  -2.384315e+00  -2.384460e+00  -2.384668e+00  -2.384967e+00  -2.385395e+00  -2.386012e+00  -2.386895e+00  -2.388168e+00  -2.389984e+00  -2.392604e+00  -2.396351e+00  -2.401747e+00  -2.409474e+00  -2.420557e+00  -2.436457e+00  -2.459230e+00  -2.491836e+00  -2.538444e+00  -2.604912e+00  -2.699462e+00  -2.833415e+00  -3.022129e+00  -3.285873e+00  -3.650431e+00  -4.146612e+00  -4.807619e+00  -5.662059e+00  -6.720393e+00  -7.953603e+00  -9.270345e+00  -1.051290e+01  -1.150178e+01  -1.213318e+01  -1.245682e+01  -1.263132e+01  -1.279613e+01  -1.301863e+01  -1.333348e+01  -1.377818e+01  -1.440222e+01  -1.526900e+01  -1.645579e+01  -1.804771e+01  -2.012152e+01  -2.271290e+01  -2.576433e+01  -2.906599e+01  -3.223255e+01  -3.479060e+01  -3.641193e+01
   40  -2.396446e+00  -2.396777e+00  -2.396922e+00  -2.397128e+00  -2.397428e+00  -2.397856e+00  -2.398470e+00  -2.399352e+00  -2.400619e+00  -2.402438e+00  -2.405053e+00  -2.408794e+00  -2.414177e+00  -2.421895e+00  -2.432963e+00  -2.448838e+00  -2.471581e+00  -2.504131e+00  -2.550667e+00  -2.617039e+00  -2.711462e+00  -2.845255e+00  -3.033765e+00  -3.297299e+00  -3.661658e+00  -4.157800e+00  -4.819099e+00  -5.674529e+00  -6.735087e+00  -7.972446e+00  -9.295919e+00  -1.054776e+01  -1.154708e+01  -1.218738e+01  -1.251621e+01  -1.269263e+01  -1.285802e+01  -1.308107e+01  -1.339673e+01  -1.384265e+01  -1.446851e+01  -1.533814e+01  -1.652938e+01  -1.812830e+01  -2.021316e+01  -2.282165e+01  -2.589865e+01  -2.923607e+01  -3.244767e+01  -3.505418e+01  -3.671675e+01
   41  -2.408254e+00  -2.408584e+00  -2.408729e+00  -2.408936e+00  -2.409233e+00  -2.409661e+00  -2.410274e+00  -2.411150e+00  -2.412418e+00  -2.414234e+00  -2.416840e+00  -2.420577e+00  -2.425954e+00  -2.433657e+00  -2.444701e+00  -2.460549e+00  -2.483243e+00  -2.515744e+00  -2.562191e+00  -2.628447e+00  -2.722712e+00  -2.856298e+00  -3.044558e+00  -3.307775e+00  -3.671820e+00  -4.167718e+00  -4.829003e+00  -5.684978e+00  -6.747094e+00  -7.987700e+00  -9.316685e+00  -1.057636e+01  -1.158471e+01  -1.223278e+01  -1.256618e+01  -1.274421e+01  -1.291006e+01  -1.313346e+01  -1.344966e+01  -1.389636e+01  -1.452347e+01  -1.539510e+01  -1.658956e+01  -1.819376e+01  -2.028719e+01  -2.290935e+01  -2.600722e+01  -2.937444e+01  -3.262423e+01  -3.527249e+01  -3.697109e+01
   42  -2.419463e+00  -2.419793e+00  -2.419937e+00  -2.420144e+00  -2.420440e+00  -2.420867e+00  -2.421479e+00  -2.422355e+00  -2.423619e+00  -2.425431e+00  -2.428031e+00  -2.431759e+00  -2.437122e+00  -2.444799e+00  -2.455829e+00  -2.471645e+00  -2.494289e+00  -2.526727e+00  -2.573065e+00  -2.639200e+00  -2.733283e+00  -2.866643e+00  -3.054578e+00  -3.317406e+00  -3.681001e+00  -4.176466e+00  -4.837468e+00  -5.693562e+00  -6.756643e+00  -7.999607e+00  -9.332933e+00  -1.059909e+01  -1.161505e+01  -1.226979e+01  -1.260713e+01  -1.278652e+01  -1.295264e+01  -1.317621e+01  -1.349263e+01  -1.393974e+01  -1.456755e+01  -1.544035e+01  -1.663686e+01  -1.824464e+01  -2.034420e+01  -2.297658e+01  -2.609070e+01  -2.948176e+01  -3.276289e+01  -3.544600e+01  -3.717523e+01
   43  -2.430126e+00  -2.430455e+00  -2.430599e+00  -2.430805e+00  -2.431101e+00  -2.431526e+00  -2.432137e+00  -2.433013e+00  -2.434272e+00  -2.436078e+00  -2.438675e+00  -2.442398e+00  -2.447742e+00  -2.455418e+00  -2.466415e+00  -2.482179e+00  -2.504780e+00  -2.537142e+00  -2.583382e+00  -2.649362e+00  -2.743244e+00  -2.876310e+00  -3.063884e+00  -3.326253e+00  -3.689292e+00  -4.184140e+00  -4.844596e+00  -5.700432e+00  -6.763881e+00  -8.008389e+00  -9.344962e+00  -1.061627e+01  -1.163849e+01  -1.229886e+01  -1.263946e+01  -1.281994e+01  -1.298618e+01  -1.320972e+01  -1.352614e+01  -1.397327e+01  -1.460119e+01  -1.547438e+01  -1.667177e+01  -1.828144e+01  -2.038476e+01  -2.302399e+01  -2.614978e+01  -2.955885e+01  -3.286436e+01  -3.557543e+01  -3.732966e+01
   44  -2.440290e+00  -2.440619e+00  -2.440762e+00  -2.440968e+00  -2.441263e+00  -2.441687e+00  -2.442296e+00  -2.443170e+00  -2.444426e+00  -2.446225e+00  -2.448816e+00  -2.452531e+00  -2.457861e+00  -2.465511e+00  -2.476482e+00  -2.492220e+00  -2.514753e+00  -2.547024e+00  -2.593146e+00  -2.658972e+00  -2.752633e+00  -2.885393e+00  -3.072557e+00  -3.334379e+00  -3.696764e+00  -4.190843e+00  -4.850500e+00  -5.705701e+00  -6.768979e+00  -8.014244e+00  -9.353032e+00  -1.062821e+01  -1.165541e+01  -1.232030e+01  -1.266360e+01  -1.284486e+01  -1.301110e+01  -1.323444e+01  -1.355057e+01  -1.399733e+01  -1.462485e+01  -1.549766e+01  -1.669481e+01  -1.830474e+01  -2.040943e+01  -2.305226e+01  -2.618524e+01  -2.960646e+01  -3.292955e+01  -3.566156e+01  -3.743521e+01
   45  -2.450000e+00  -2.450329e+00  -2.450470e+00  -2.450675e+00  -2.450970e+00  -2.451394e+00  -2.452000e+00  -2.452872e+00  -2.454119e+00  -2.455923e+00  -2.458501e+00  -2.462210e+00  -2.467506e+00  -2.475143e+00  -2.486085e+00  -2.501773e+00  -2.524253e+00  -2.556440e+00  -2.602445e+00  -2.668083e+00  -2.761488e+00  -2.893916e+00  -3.080608e+00  -3.341847e+00  -3.703476e+00  -4.196641e+00  -4.855281e+00  -5.709503e+00  -6.772102e+00  -8.017371e+00  -9.357375e+00  -1.063521e+01  -1.166615e+01  -1.233456e+01  -1.267990e+01  -1.286173e+01  -1.302775e+01  -1.325070e+01  -1.356631e+01  -1.401239e+01  -1.463897e+01  -1.551060e+01  -1.670641e+01  -1.831501e+01  -2.041885e+01  -2.306207e+01  -2.619778e+01  -2.962549e+01  -3.295945e+01  -3.570551e+01  -3.749282e+01
   46  -2.459295e+00  -2.459622e+00  -2.459764e+00  -2.459969e+00  -2.460266e+00  -2.460684e+00  -2.461289e+00  -2.462158e+00  -2.463410e+00  -2.465197e+00  -2.467771e+00  -2.471464e+00  -2.476769e+00  -2.484370e+00  -2.495278e+00  -2.510920e+00  -2.533334e+00  -2.565410e+00  -2.611286e+00  -2.676742e+00  -2.769893e+00  -2.901951e+00  -3.088155e+00  -3.348722e+00  -3.709495e+00  -4.201588e+00  -4.859014e+00  -5.711927e+00  -6.773363e+00  -8.017961e+00  -9.358218e+00  -1.063756e+01  -1.167101e+01  -1.234193e+01  -1.268877e+01  -1.287084e+01  -1.303656e+01  -1.325894e+01  -1.357379e+01  -1.401878e+01  -1.464392e+01  -1.551366e+01  -1.670706e+01  -1.831284e+01  -2.041360e+01  -2.305407e+01  -2.618827e+01  -2.961688e+01  -3.295504e+01  -3.570836e+01  -3.750368e+01
   47  -2.468212e+00  -2.468538e+00  -2.468680e+00  -2.468883e+00  -2.469176e+00  -2.469596e+00  -2.470200e+00  -2.471066e+00  -2.472307e+00  -2.474098e+00  -2.476661e+00  -2.480340e+00  -2.485622e+00  -2.493209e+00  -2.504083e+00  -2.519673e+00  -2.542016e+00  -2.574002e+00  -2.619730e+00  -2.684983e+00  -2.777848e+00  -2.909523e+00  -3.095191e+00  -3.355045e+00  -3.714878e+00  -4.205790e+00  -4.861779e+00  -5.713079e+00  -6.772889e+00  -8.016160e+00  -9.355761e+00  -1.063552e+01  -1.167031e+01  -1.234280e+01  -1.269052e+01  -1.287262e+01  -1.303787e+01  -1.325953e+01  -1.357337e+01  -1.401698e+01  -1.464020e+01  -1.550730e+01  -1.669729e+01  -1.829868e+01  -2.039425e+01  -2.302891e+01  -2.615745e+01  -2.958155e+01  -3.291745e+01  -3.567133e+01  -3.746914e+01
   48  -2.476785e+00  -2.477109e+00  -2.477251e+00  -2.477454e+00  -2.477745e+00  -2.478166e+00  -2.478765e+00  -2.479629e+00  -2.480869e+00  -2.482647e+00  -2.485206e+00  -2.488870e+00  -2.494140e+00  -2.501703e+00  -2.512529e+00  -2.528072e+00  -2.550341e+00  -2.582217e+00  -2.627801e+00  -2.692845e+00  -2.785422e+00  -2.916671e+00  -3.101772e+00  -3.360864e+00  -3.719670e+00  -4.209277e+00  -4.863646e+00  -5.713052e+00  -6.770807e+00  -8.012099e+00  -9.350216e+00  -1.062932e+01  -1.166438e+01  -1.233750e+01  -1.268553e+01  -1.286739e+01  -1.303203e+01  -1.325283e+01  -1.356542e+01  -1.400731e+01  -1.462810e+01  -1.549194e+01  -1.667746e+01  -1.827310e+01  -2.036136e+01  -2.298731e+01  -2.610618e+01  -2.952053e+01  -3.284796e+01  -3.559592e+01  -3.739069e+01
   49  -2.485043e+00  -2.485366e+00  -2.485507e+00  -2.485710e+00  -2.486001e+00  -2.486418e+00  -2.487017e+00  -2.487878e+00  -2.489114e+00  -2.490888e+00  -2.493438e+00  -2.497096e+00  -2.502342e+00  -2.509867e+00  -2.520665e+00  -2.536159e+00  -2.558349e+00  -2.590118e+00  -2.635540e+00  -2.700367e+00  -2.792621e+00  -2.923443e+00  -3.107947e+00  -3.366213e+00  -3.723926e+00  -4.212114e+00  -4.864687e+00  -5.711916e+00  -6.767204e+00  -8.005936e+00  -9.341749e+00  -1.061921e+01  -1.165345e+01  -1.232632e+01  -1.267415e+01  -1.285554e+01  -1.301940e+01  -1.323917e+01  -1.355032e+01  -1.399014e+01  -1.460808e+01  -1.546796e+01  -1.664814e+01  -1.823655e+01  -2.031554e+01  -2.292997e+01  -2.603528e+01  -2.943483e+01  -3.274781e+01  -3.548357e+01  -3.727014e+01
   50  -2.493015e+00  -2.493338e+00  -2.493478e+00  -2.493680e+00  -2.493969e+00  -2.494385e+00  -2.494983e+00  -2.495840e+00  -2.497071e+00  -2.498842e+00  -2.501379e+00  -2.505019e+00  -2.510259e+00  -2.517747e+00  -2.528511e+00  -2.543939e+00  -2.566052e+00  -2.597714e+00  -2.642968e+00  -2.707566e+00  -2.799503e+00  -2.929858e+00  -3.113737e+00  -3.371128e+00  -3.727675e+00  -4.214323e+00  -4.864948e+00  -5.709759e+00  -6.762185e+00  -7.997786e+00  -9.330528e+00  -1.060538e+01  -1.163779e+01  -1.230957e+01  -1.265668e+01  -1.283733e+01  -1.300034e+01  -1.321893e+01  -1.352842e+01  -1.396588e+01  -1.458053e+01  -1.543577e+01  -1.660963e+01  -1.818957e+01  -2.025736e+01  -2.285755e+01  -2.594563e+01  -2.932557e+01  -3.261830e+01  -3.533594e+01  -3.710927e+01
   51  -2.500727e+00  -2.501048e+00  -2.501188e+00  -2.501389e+00  -2.501677e+00  -2.502092e+00  -2.502687e+00  -2.503541e+00  -2.504768e+00  -2.506529e+00  -2.509054e+00  -2.512693e+00  -2.517886e+00  -2.525370e+00  -2.536087e+00  -2.551463e+00  -2.573493e+00  -2.605031e+00  -2.650123e+00  -2.714476e+00  -2.806070e+00  -2.935959e+00  -3.119167e+00  -3.375658e+00  -3.730972e+00  -4.216000e+00  -4.864486e+00  -5.706618e+00  -6.755833e+00  -7.987769e+00  -9.316703e+00  -1.058804e+01  -1.161766e+01  -1.228756e+01  -1.263343e+01  -1.281313e+01  -1.297514e+01  -1.319240e+01  -1.350000e+01  -1.393483e+01  -1.454577e+01  -1.539583e+01  -1.656247e+01  -1.813264e+01  -2.018743e+01  -2.277082e+01  -2.583805e+01  -2.919379e+01  -3.246083e+01  -3.515466e+01  -3.691001e+01
   52  -2.508201e+00  -2.508521e+00  -2.508662e+00  -2.508860e+00  -2.509145e+00  -2.509560e+00  -2.510155e+00  -2.511004e+00  -2.512224e+00  -2.513980e+00  -2.516498e+00  -2.520112e+00  -2.525299e+00  -2.532745e+00  -2.543429e+00  -2.558734e+00  -2.580682e+00  -2.612093e+00  -2.657014e+00  -2.721121e+00  -2.812366e+00  -2.941760e+00  -3.124284e+00  -3.379818e+00  -3.733838e+00  -4.217130e+00  -4.863345e+00  -5.702581e+00  -6.748233e+00  -7.976011e+00  -9.300431e+00  -1.056740e+01  -1.159332e+01  -1.226053e+01  -1.260468e+01  -1.278324e+01  -1.294413e+01  -1.315993e+01  -1.346547e+01  -1.389739e+01  -1.450418e+01  -1.534846e+01  -1.650711e+01  -1.806626e+01  -2.010630e+01  -2.267045e+01  -2.571350e+01  -2.904068e+01  -3.227681e+01  -3.494152e+01  -3.667445e+01
   53  -2.515458e+00  -2.515777e+00  -2.515915e+00  -2.516115e+00  -2.516401e+00  -2.516812e+00  -2.517402e+00  -2.518250e+00  -2.519467e+00  -2.521216e+00  -2.523722e+00  -2.527320e+00  -2.532483e+00  -2.539910e+00  -2.550537e+00  -2.565798e+00  -2.587650e+00  -2.618939e+00  -2.663674e+00  -2.727524e+00  -2.818406e+00  -2.947289e+00  -3.129104e+00  -3.383657e+00  -3.736322e+00  -4.217772e+00  -4.861577e+00  -5.697704e+00  -6.739449e+00  -7.962583e+00  -9.281839e+00  -1.054361e+01  -1.156497e+01  -1.222877e+01  -1.257077e+01  -1.274796e+01  -1.290762e+01  -1.312185e+01  -1.342513e+01  -1.385386e+01  -1.445614e+01  -1.529406e+01  -1.644387e+01  -1.799088e+01  -2.001453e+01  -2.255706e+01  -2.557278e+01  -2.886726e+01  -3.206774e+01  -3.469833e+01  -3.640472e+01
   54  -2.522518e+00  -2.522835e+00  -2.522973e+00  -2.523172e+00  -2.523457e+00  -2.523866e+00  -2.524456e+00  -2.525300e+00  -2.526506e+00  -2.528253e+00  -2.530743e+00  -2.534334e+00  -2.539481e+00  -2.546865e+00  -2.557452e+00  -2.572643e+00  -2.594406e+00  -2.625570e+00  -2.670118e+00  -2.733717e+00  -2.824219e+00  -2.952576e+00  -3.133634e+00  -3.387168e+00  -3.738427e+00  -4.217967e+00  -4.859220e+00  -5.692022e+00  -6.729568e+00  -7.947592e+00  -9.261043e+00  -1.051685e+01  -1.153281e+01  -1.219253e+01  -1.253194e+01  -1.270757e+01  -1.286590e+01  -1.307840e+01  -1.337930e+01  -1.380457e+01  -1.440196e+01  -1.523302e+01  -1.637324e+01  -1.790700e+01  -1.991269e+01  -2.243142e+01  -2.541683e+01  -2.867482e+01  -3.183501e+01  -3.442692e+01  -3.610303e+01
   55  -2.529397e+00  -2.529713e+00  -2.529851e+00  -2.530048e+00  -2.530332e+00  -2.530740e+00  -2.531324e+00  -2.532163e+00  -2.533374e+00  -2.535111e+00  -2.537590e+00  -2.541161e+00  -2.546289e+00  -2.553642e+00  -2.564180e+00  -2.579310e+00  -2.600976e+00  -2.632007e+00  -2.676370e+00  -2.739688e+00  -2.829810e+00  -2.957625e+00  -3.137936e+00  -3.390397e+00  -3.740190e+00  -4.217738e+00  -4.856313e+00  -5.685589e+00  -6.718628e+00  -7.931123e+00  -9.238210e+00  -1.048730e+01  -1.149708e+01  -1.215205e+01  -1.248849e+01  -1.266238e+01  -1.281926e+01  -1.302994e+01  -1.332826e+01  -1.374982e+01  -1.434201e+01  -1.516571e+01  -1.629559e+01  -1.781510e+01  -1.980130e+01  -2.229419e+01  -2.524649e+01  -2.846441e+01  -3.158017e+01  -3.412919e+01  -3.577156e+01
   56  -2.536112e+00  -2.536427e+00  -2.536564e+00  -2.536761e+00  -2.537043e+00  -2.537452e+00  -2.538032e+00  -2.538871e+00  -2.540072e+00  -2.541792e+00  -2.544267e+00  -2.547824e+00  -2.552919e+00  -2.560246e+00  -2.570752e+00  -2.585802e+00  -2.607378e+00  -2.638267e+00  -2.682439e+00  -2.745477e+00  -2.835212e+00  -2.962466e+00  -3.141993e+00  -3.393366e+00  -3.741646e+00  -4.217110e+00  -4.852888e+00  -5.678462e+00  -6.706715e+00  -7.913268e+00  -9.213398e+00  -1.045509e+01  -1.145798e+01  -1.210757e+01  -1.244066e+01  -1.261264e+01  -1.276799e+01  -1.297674e+01  -1.327228e+01  -1.368997e+01  -1.427660e+01  -1.509244e+01  -1.621133e+01  -1.771557e+01  -1.968099e+01  -2.214608e+01  -2.506267e+01  -2.823721e+01  -3.130476e+01  -3.380703e+01  -3.541267e+01
   57  -2.542677e+00  -2.542990e+00  -2.543127e+00  -2.543323e+00  -2.543604e+00  -2.544003e+00  -2.544588e+00  -2.545421e+00  -2.546613e+00  -2.548335e+00  -2.550802e+00  -2.554330e+00  -2.559414e+00  -2.566702e+00  -2.577155e+00  -2.592147e+00  -2.613628e+00  -2.644371e+00  -2.688342e+00  -2.751092e+00  -2.840435e+00  -2.967125e+00  -3.145841e+00  -3.396074e+00  -3.742788e+00  -4.216110e+00  -4.848981e+00  -5.670666e+00  -6.693858e+00  -7.894080e+00  -9.186750e+00  -1.042036e+01  -1.141567e+01  -1.205933e+01  -1.238868e+01  -1.255862e+01  -1.271236e+01  -1.291907e+01  -1.321172e+01  -1.362524e+01  -1.420603e+01  -1.501361e+01  -1.612088e+01  -1.760896e+01  -1.955221e+01  -2.198778e+01  -2.486626e+01  -2.799437e+01  -3.101022e+01  -3.346233e+01  -3.502857e+01
   58  -2.549105e+00  -2.549417e+00  -2.549552e+00  -2.549747e+00  -2.550028e+00  -2.550430e+00  -2.551007e+00  -2.551836e+00  -2.553026e+00  -2.554732e+00  -2.557192e+00  -2.560708e+00  -2.565768e+00  -2.573012e+00  -2.583420e+00  -2.598348e+00  -2.619721e+00  -2.650335e+00  -2.694097e+00  -2.756565e+00  -2.845481e+00  -2.971584e+00  -3.149475e+00  -3.398553e+00  -3.743657e+00  -4.214771e+00  -4.844604e+00  -5.662240e+00  -6.680135e+00  -7.873651e+00  -9.158339e+00  -1.038330e+01  -1.137034e+01  -1.200752e+01  -1.233287e+01  -1.250056e+01  -1.265260e+01  -1.285718e+01  -1.314677e+01  -1.355603e+01  -1.413062e+01  -1.492952e+01  -1.602456e+01  -1.749563e+01  -1.941560e+01  -2.181994e+01  -2.465812e+01  -2.773705e+01  -3.069805e+01  -3.309697e+01  -3.462150e+01
   59  -2.555408e+00  -2.555718e+00  -2.555853e+00  -2.556043e+00  -2.556326e+00  -2.556726e+00  -2.557300e+00  -2.558127e+00  -2.559309e+00  -2.561011e+00  -2.563447e+00  -2.566954e+00  -2.571987e+00  -2.579206e+00  -2.589563e+00  -2.604412e+00  -2.625693e+00  -2.656158e+00  -2.699715e+00  -2.761883e+00  -2.850387e+00  -2.975887e+00  -3.152935e+00  -3.400832e+00  -3.744281e+00  -4.213084e+00  -4.839802e+00  -5.653220e+00  -6.665564e+00  -7.852038e+00  -9.128275e+00  -1.034397e+01  -1.132217e+01  -1.195237e+01  -1.227337e+01  -1.243873e+01  -1.258899e+01  -1.279134e+01  -1.307776e+01  -1.348251e+01  -1.405071e+01  -1.484049e+01  -1.592277e+01  -1.737606e+01  -1.927161e+01  -2.164326e+01  -2.443909e+01  -2.746631e+01  -3.036973e+01  -3.271283e+01  -3.419366e+01
   60  -2.561595e+00  -2.561904e+00  -2.562038e+00  -2.562232e+00  -2.562509e+00  -2.562907e+00  -2.563479e+00  -2.564300e+00  -2.565479e+00  -2.567169e+00  -2.569602e+00  -2.573086e+00  -2.578100e+00  -2.585284e+00  -2.595580e+00  -2.610365e+00  -2.631538e+00  -2.661858e+00  -2.705209e+00  -2.767063e+00  -2.855137e+00  -2.980030e+00  -3.156219e+00  -3.402893e+00  -3.744651e+00  -4.211109e+00  -4.834593e+00  -5.643648e+00  -6.650213e+00  -7.829314e+00  -9.096649e+00  -1.030255e+01  -1.127132e+01  -1.189408e+01  -1.221046e+01  -1.237338e+01  -1.252178e+01  -1.272180e+01  -1.300494e+01  -1.340501e+01  -1.396654e+01  -1.474692e+01  -1.581589e+01  -1.725067e+01  -1.912079e+01  -2.145833e+01  -2.421000e+01  -2.718336e+01  -3.002668e+01  -3.231171e+01  -3.374733e+01
   61  -2.567678e+00  -2.567985e+00  -2.568119e+00  -2.568311e+00  -2.568587e+00  -2.568983e+00  -2.569553e+00  -2.570370e+00  -2.571542e+00  -2.573227e+00  -2.575647e+00  -2.579117e+00  -2.584096e+00  -2.591243e+00  -2.601501e+00  -2.616213e+00  -2.637273e+00  -2.667448e+00  -2.710578e+00  -2.772138e+00  -2.859761e+00  -2.984038e+00  -3.159345e+00  -3.404786e+00  -3.744787e+00  -4.208837e+00  -4.828995e+00  -5.633555e+00  -6.634126e+00  -7.805532e+00  -9.063557e+00  -1.025913e+01  -1.121795e+01  -1.183284e+01  -1.214436e+01  -1.230470e+01  -1.245120e+01  -1.264881e+01  -1.292858e+01  -1.332378e+01  -1.387843e+01  -1.464902e+01  -1.570423e+01  -1.711986e+01  -1.896365e+01  -2.126580e+01  -2.397173e+01  -2.688921e+01  -2.967037e+01  -3.189546e+01  -3.328454e+01
   62  -2.573664e+00  -2.573970e+00  -2.574103e+00  -2.574294e+00  -2.574568e+00  -2.574963e+00  -2.575527e+00  -2.576342e+00  -2.577509e+00  -2.579188e+00  -2.581591e+00  -2.585045e+00  -2.590008e+00  -2.597107e+00  -2.607314e+00  -2.621948e+00  -2.642907e+00  -2.672923e+00  -2.715836e+00  -2.777087e+00  -2.864283e+00  -2.987906e+00  -3.162322e+00  -3.406494e+00  -3.744723e+00  -4.206289e+00  -4.823046e+00  -5.622947e+00  -6.617323e+00  -7.780744e+00  -9.029062e+00  -1.021384e+01  -1.116220e+01  -1.176882e+01  -1.207525e+01  -1.223293e+01  -1.237744e+01  -1.257261e+01  -1.284886e+01  -1.323907e+01  -1.378663e+01  -1.454713e+01  -1.558821e+01  -1.698402e+01  -1.880066e+01  -2.106629e+01  -2.372506e+01  -2.658498e+01  -2.930217e+01  -3.146576e+01  -3.280746e+01
   63  -2.579562e+00  -2.579866e+00  -2.579999e+00  -2.580189e+00  -2.580462e+00  -2.580854e+00  -2.581418e+00  -2.582226e+00  -2.583384e+00  -2.585055e+00  -2.587446e+00  -2.590889e+00  -2.595811e+00  -2.602890e+00  -2.613035e+00  -2.627596e+00  -2.648455e+00  -2.678307e+00  -2.721001e+00  -2.781944e+00  -2.868664e+00  -2.991668e+00  -3.165155e+00  -3.408032e+00  -3.744455e+00  -4.203499e+00  -4.816744e+00  -5.611869e+00  -6.599859e+00  -7.755030e+00  -8.993222e+00  -1.016676e+01  -1.110422e+01  -1.170223e+01  -1.200337e+01  -1.215828e+01  -1.230079e+01  -1.249341e+01  -1.276605e+01  -1.315116e+01  -1.369137e+01  -1.444159e+01  -1.546807e+01  -1.684360e+01  -1.863229e+01  -2.086047e+01  -2.347073e+01  -2.627164e+01  -2.892340e+01  -3.102438e+01  -3.231798e+01
   64  -2.585379e+00  -2.585681e+00  -2.585813e+00  -2.586002e+00  -2.586274e+00  -2.586664e+00  -2.587224e+00  -2.588029e+00  -2.589185e+00  -2.590842e+00  -2.593223e+00  -2.596641e+00  -2.601542e+00  -2.608582e+00  -2.618678e+00  -2.633157e+00  -2.653902e+00  -2.683611e+00  -2.726077e+00  -2.786671e+00  -2.872966e+00  -2.995300e+00  -3.167869e+00  -3.409434e+00  -3.744007e+00  -4.200447e+00  -4.810116e+00  -5.600350e+00  -6.581764e+00  -7.728400e+00  -8.956175e+00  -1.011803e+01  -1.104419e+01  -1.163320e+01  -1.192887e+01  -1.208095e+01  -1.222140e+01  -1.241143e+01  -1.268043e+01  -1.306026e+01  -1.359305e+01  -1.433263e+01  -1.534424e+01  -1.669892e+01  -1.845903e+01  -2.064889e+01  -2.320959e+01  -2.595027e+01  -2.853538e+01  -3.057285e+01  -3.181806e+01
   65  -2.591120e+00  -2.591421e+00  -2.591552e+00  -2.591740e+00  -2.592011e+00  -2.592399e+00  -2.592956e+00  -2.593756e+00  -2.594905e+00  -2.596555e+00  -2.598930e+00  -2.602319e+00  -2.607201e+00  -2.614195e+00  -2.624254e+00  -2.638645e+00  -2.659291e+00  -2.688825e+00  -2.731065e+00  -2.791350e+00  -2.877157e+00  -2.998825e+00  -3.170441e+00  -3.410681e+00  -3.743366e+00  -4.197180e+00  -4.803195e+00  -5.588400e+00  -6.563062e+00  -7.700934e+00  -8.917928e+00  -1.006774e+01  -1.098219e+01  -1.156195e+01  -1.185197e+01  -1.200117e+01  -1.213951e+01  -1.232689e+01  -1.259213e+01  -1.296659e+01  -1.349174e+01  -1.422054e+01  -1.521691e+01  -1.655036e+01  -1.828132e+01  -2.043207e+01  -2.294235e+01  -2.562177e+01  -2.813943e+01  -3.011279e+01  -3.130955e+01
   66  -2.596793e+00  -2.597092e+00  -2.597222e+00  -2.597409e+00  -2.597678e+00  -2.598064e+00  -2.598620e+00  -2.599414e+00  -2.600557e+00  -2.602198e+00  -2.604553e+00  -2.607931e+00  -2.612781e+00  -2.619759e+00  -2.629741e+00  -2.644057e+00  -2.664585e+00  -2.693971e+00  -2.735979e+00  -2.795922e+00  -2.881255e+00  -3.002263e+00  -3.172919e+00  -3.411796e+00  -3.742560e+00  -4.193690e+00  -4.795975e+00  -5.576047e+00  -6.543807e+00  -7.672677e+00  -8.878613e+00  -1.001600e+01  -1.091836e+01  -1.148862e+01  -1.177286e+01  -1.191910e+01  -1.205531e+01  -1.224001e+01  -1.250139e+01  -1.287041e+01  -1.338778e+01  -1.410559e+01  -1.508647e+01  -1.639835e+01  -1.809964e+01  -2.021066e+01  -2.266974e+01  -2.528711e+01  -2.773666e+01  -2.964573e+01  -3.079410e+01
   67  -2.602401e+00  -2.602699e+00  -2.602828e+00  -2.603015e+00  -2.603282e+00  -2.603666e+00  -2.604217e+00  -2.605008e+00  -2.606138e+00  -2.607779e+00  -2.610118e+00  -2.613478e+00  -2.618303e+00  -2.625224e+00  -2.635157e+00  -2.649401e+00  -2.669812e+00  -2.699029e+00  -2.740800e+00  -2.800422e+00  -2.885272e+00  -3.005596e+00  -3.175290e+00  -3.412788e+00  -3.741609e+00  -4.190005e+00  -4.788478e+00  -5.563314e+00  -6.524011e+00  -7.643650e+00  -8.838229e+00  -9.962868e+00  -1.085285e+01  -1.141334e+01  -1.169170e+01  -1.183494e+01  -1.196898e+01  -1.215092e+01  -1.240847e+01  -1.277194e+01  -1.328145e+01  -1.398805e+01  -1.495316e+01  -1.624317e+01  -1.791435e+01  -1.998512e+01  -2.239241e+01  -2.494721e+01  -2.732823e+01  -2.917299e+01  -3.027347e+01
   68  -2.607950e+00  -2.608246e+00  -2.608375e+00  -2.608560e+00  -2.608826e+00  -2.609208e+00  -2.609756e+00  -2.610543e+00  -2.611673e+00  -2.613295e+00  -2.615625e+00  -2.618969e+00  -2.623777e+00  -2.630660e+00  -2.640534e+00  -2.654694e+00  -2.674989e+00  -2.704039e+00  -2.745573e+00  -2.804845e+00  -2.889218e+00  -3.008845e+00  -3.177556e+00  -3.413655e+00  -3.740506e+00  -4.186119e+00  -4.780729e+00  -5.550216e+00  -6.503693e+00  -7.613928e+00  -8.796867e+00  -9.908456e+00  -1.078578e+01  -1.133627e+01  -1.160867e+01  -1.174887e+01  -1.188071e+01  -1.205990e+01  -1.231347e+01  -1.267133e+01  -1.317287e+01  -1.386813e+01  -1.481737e+01  -1.608512e+01  -1.772592e+01  -1.975604e+01  -2.211106e+01  -2.460290e+01  -2.691531e+01  -2.869596e+01  -2.974909e+01
   69  -2.613445e+00  -2.613739e+00  -2.613867e+00  -2.614051e+00  -2.614315e+00  -2.614695e+00  -2.615240e+00  -2.616018e+00  -2.617146e+00  -2.618759e+00  -2.621074e+00  -2.624399e+00  -2.629167e+00  -2.636015e+00  -2.645833e+00  -2.659909e+00  -2.680099e+00  -2.708966e+00  -2.750279e+00  -2.809211e+00  -2.893095e+00  -3.012018e+00  -3.179726e+00  -3.414405e+00  -3.739256e+00  -4.182071e+00  -4.772724e+00  -5.536803e+00  -6.482928e+00  -7.583534e+00  -8.754606e+00  -9.852872e+00  -1.071723e+01  -1.125759e+01  -1.152389e+01  -1.166108e+01  -1.179068e+01  -1.196707e+01  -1.221665e+01  -1.256886e+01  -1.306229e+01  -1.374614e+01  -1.467926e+01  -1.592461e+01  -1.753472e+01  -1.952380e+01  -2.182630e+01  -2.425503e+01  -2.649884e+01  -2.821589e+01  -2.922243e+01
   70  -2.618888e+00  -2.619180e+00  -2.619307e+00  -2.619491e+00  -2.619753e+00  -2.620131e+00  -2.620672e+00  -2.621453e+00  -2.622567e+00  -2.624171e+00  -2.626473e+00  -2.629777e+00  -2.634518e+00  -2.641325e+00  -2.651092e+00  -2.665082e+00  -2.685149e+00  -2.713864e+00  -2.754916e+00  -2.813509e+00  -2.896890e+00  -3.015107e+00  -3.181818e+00  -3.415045e+00  -3.737876e+00  -4.177820e+00  -4.764498e+00  -5.523050e+00  -6.461691e+00  -7.552503e+00  -8.711492e+00  -9.796139e+00  -1.064734e+01  -1.117742e+01  -1.143759e+01  -1.157168e+01  -1.169905e+01  -1.187259e+01  -1.211819e+01  -1.246464e+01  -1.294992e+01  -1.362225e+01  -1.453916e+01  -1.576191e+01  -1.734111e+01  -1.928902e+01  -2.153878e+01  -2.390431e+01  -2.607989e+01  -2.773398e+01  -2.869479e+01
   71  -2.624283e+00  -2.624573e+00  -2.624700e+00  -2.624882e+00  -2.625143e+00  -2.625518e+00  -2.626057e+00  -2.626830e+00  -2.627937e+00  -2.629541e+00  -2.631821e+00  -2.635108e+00  -2.639817e+00  -2.646588e+00  -2.656295e+00  -2.670202e+00  -2.690146e+00  -2.718688e+00  -2.759505e+00  -2.817745e+00  -2.900618e+00  -3.018124e+00  -3.183800e+00  -3.415599e+00  -3.736370e+00  -4.173422e+00  -4.756043e+00  -5.508986e+00  -6.440036e+00  -7.520883e+00  -8.667556e+00  -9.738401e+00  -1.057621e+01  -1.109586e+01  -1.134983e+01  -1.148086e+01  -1.160598e+01  -1.177670e+01  -1.201821e+01  -1.235889e+01  -1.283599e+01  -1.349670e+01  -1.439724e+01  -1.559732e+01  -1.714544e+01  -1.905203e+01  -2.124903e+01  -2.355157e+01  -2.565936e+01  -2.725130e+01  -2.816744e+01
   72  -2.629633e+00  -2.629922e+00  -2.630048e+00  -2.630233e+00  -2.630488e+00  -2.630861e+00  -2.631396e+00  -2.632163e+00  -2.633269e+00  -2.634861e+00  -2.637126e+00  -2.640395e+00  -2.645073e+00  -2.651813e+00  -2.661453e+00  -2.675298e+00  -2.695092e+00  -2.723481e+00  -2.764030e+00  -2.821923e+00  -2.904303e+00  -3.021077e+00  -3.185715e+00  -3.416053e+00  -3.734743e+00  -4.168865e+00  -4.747383e+00  -5.494651e+00  -6.417982e+00  -7.488712e+00  -8.622882e+00  -9.679699e+00  -1.050396e+01  -1.101306e+01  -1.126081e+01  -1.138879e+01  -1.151166e+01  -1.167949e+01  -1.191694e+01  -1.225184e+01  -1.272068e+01  -1.336968e+01  -1.425385e+01  -1.543110e+01  -1.694814e+01  -1.881331e+01  -2.095763e+01  -2.319746e+01  -2.523808e+01  -2.676894e+01  -2.764151e+01
   73  -2.634941e+00  -2.635228e+00  -2.635353e+00  -2.635533e+00  -2.635791e+00  -2.636161e+00  -2.636694e+00  -2.637458e+00  -2.638554e+00  -2.640136e+00  -2.642391e+00  -2.645642e+00  -2.650293e+00  -2.656977e+00  -2.666568e+00  -2.680318e+00  -2.700016e+00  -2.728210e+00  -2.768528e+00  -2.826052e+00  -2.907923e+00  -3.023959e+00  -3.187573e+00  -3.416417e+00  -3.733009e+00  -4.164172e+00  -4.738524e+00  -5.480025e+00  -6.395538e+00  -7.456020e+00  -8.577503e+00  -9.620124e+00  -1.043067e+01  -1.092915e+01  -1.117068e+01  -1.129557e+01  -1.141617e+01  -1.158116e+01  -1.181453e+01  -1.214358e+01  -1.260412e+01  -1.324142e+01  -1.410914e+01  -1.526356e+01  -1.674946e+01  -1.857329e+01  -2.066512e+01  -2.284265e+01  -2.481688e+01  -2.628777e+01  -2.711805e+01
   74  -2.640209e+00  -2.640494e+00  -2.640619e+00  -2.640797e+00  -2.641054e+00  -2.641422e+00  -2.641951e+00  -2.642707e+00  -2.643799e+00  -2.645365e+00  -2.647609e+00  -2.650841e+00  -2.655474e+00  -2.662109e+00  -2.671633e+00  -2.685297e+00  -2.704879e+00  -2.732900e+00  -2.772961e+00  -2.830125e+00  -2.911483e+00  -3.026798e+00  -3.189331e+00  -3.416686e+00  -3.731160e+00  -4.159325e+00  -4.729474e+00  -5.465155e+00  -6.372752e+00  -7.422835e+00  -8.531491e+00  -9.559722e+00  -1.035643e+01  -1.084424e+01  -1.107955e+01  -1.120136e+01  -1.131973e+01  -1.148183e+01  -1.171108e+01  -1.203429e+01  -1.248657e+01  -1.311213e+01  -1.396336e+01  -1.509498e+01  -1.654972e+01  -1.833235e+01  -2.037192e+01  -2.248774e+01  -2.439654e+01  -2.580871e+01  -2.659803e+01
   75  -2.645440e+00  -2.645723e+00  -2.645847e+00  -2.646024e+00  -2.646279e+00  -2.646645e+00  -2.647171e+00  -2.647917e+00  -2.649008e+00  -2.650564e+00  -2.652798e+00  -2.656002e+00  -2.660605e+00  -2.667204e+00  -2.676674e+00  -2.690245e+00  -2.709692e+00  -2.737547e+00  -2.777363e+00  -2.834156e+00  -2.914993e+00  -3.029571e+00  -3.191050e+00  -3.416887e+00  -3.729205e+00  -4.154345e+00  -4.720255e+00  -5.450054e+00  -6.349634e+00  -7.389195e+00  -8.484866e+00  -9.498580e+00  -1.028134e+01  -1.075845e+01  -1.098754e+01  -1.110632e+01  -1.122243e+01  -1.138162e+01  -1.160679e+01  -1.192415e+01  -1.236812e+01  -1.298192e+01  -1.381673e+01  -1.492553e+01  -1.634924e+01  -1.809085e+01  -2.007857e+01  -2.213329e+01  -2.397775e+01  -2.533259e+01  -2.608224e+01
   76  -2.650635e+00  -2.650916e+00  -2.651039e+00  -2.651216e+00  -2.651469e+00  -2.651832e+00  -2.652355e+00  -2.653104e+00  -2.654181e+00  -2.655722e+00  -2.657944e+00  -2.661129e+00  -2.665694e+00  -2.672264e+00  -2.681663e+00  -2.695155e+00  -2.714480e+00  -2.742154e+00  -2.781714e+00  -2.838141e+00  -2.918456e+00  -3.032273e+00  -3.192697e+00  -3.417010e+00  -3.727168e+00  -4.149238e+00  -4.710862e+00  -5.434703e+00  -6.326195e+00  -7.355143e+00  -8.437719e+00  -9.436772e+00  -1.020552e+01  -1.067189e+01  -1.089481e+01  -1.101055e+01  -1.112441e+01  -1.128073e+01  -1.150178e+01  -1.181330e+01  -1.224895e+01  -1.285109e+01  -1.366940e+01  -1.475547e+01  -1.614831e+01  -1.784911e+01  -1.978546e+01  -2.177991e+01  -2.356109e+01  -2.486004e+01  -2.557145e+01
   77  -2.655795e+00  -2.656075e+00  -2.656197e+00  -2.656373e+00  -2.656624e+00  -2.656988e+00  -2.657504e+00  -2.658249e+00  -2.659319e+00  -2.660858e+00  -2.663055e+00  -2.666218e+00  -2.670762e+00  -2.677283e+00  -2.686628e+00  -2.700040e+00  -2.719231e+00  -2.746724e+00  -2.786022e+00  -2.842100e+00  -2.921864e+00  -3.034943e+00  -3.194275e+00  -3.417048e+00  -3.725017e+00  -4.144032e+00  -4.701318e+00  -5.419140e+00  -6.302451e+00  -7.320699e+00  -8.390028e+00  -9.374357e+00  -1.012904e+01  -1.058466e+01  -1.080139e+01  -1.091416e+01  -1.102581e+01  -1.117922e+01  -1.139620e+01  -1.170188e+01  -1.212927e+01  -1.271968e+01  -1.352170e+01  -1.458509e+01  -1.594717e+01  -1.760752e+01  -1.949300e+01  -2.142800e+01  -2.314717e+01  -2.439178e+01  -2.506644e+01
   78  -2.660924e+00  -2.661202e+00  -2.661323e+00  -2.661497e+00  -2.661747e+00  -2.662106e+00  -2.662621e+00  -2.663357e+00  -2.664424e+00  -2.665949e+00  -2.668141e+00  -2.671289e+00  -2.675794e+00  -2.682273e+00  -2.691563e+00  -2.704873e+00  -2.723944e+00  -2.751254e+00  -2.790284e+00  -2.845998e+00  -2.925230e+00  -3.037538e+00  -3.195807e+00  -3.417030e+00  -3.722806e+00  -4.138688e+00  -4.691618e+00  -5.403376e+00  -6.278455e+00  -7.285882e+00  -8.341885e+00  -9.311387e+00  -1.005194e+01  -1.049684e+01  -1.070748e+01  -1.081730e+01  -1.092673e+01  -1.107726e+01  -1.129015e+01  -1.159002e+01  -1.200916e+01  -1.258791e+01  -1.337364e+01  -1.441451e+01  -1.574610e+01  -1.736635e+01  -1.920155e+01  -2.107807e+01  -2.273662e+01  -2.392844e+01  -2.456773e+01
   79  -2.666021e+00  -2.666297e+00  -2.666418e+00  -2.666590e+00  -2.666839e+00  -2.667195e+00  -2.667707e+00  -2.668442e+00  -2.669498e+00  -2.671019e+00  -2.673189e+00  -2.676312e+00  -2.680793e+00  -2.687220e+00  -2.696441e+00  -2.709679e+00  -2.728619e+00  -2.755751e+00  -2.794538e+00  -2.849848e+00  -2.928570e+00  -3.040110e+00  -3.197274e+00  -3.416948e+00  -3.720513e+00  -4.133257e+00  -4.681781e+00  -5.387438e+00  -6.254209e+00  -7.250726e+00  -8.293341e+00  -9.247944e+00  -9.974321e+00  -1.040857e+01  -1.061317e+01  -1.072005e+01  -1.082727e+01  -1.097494e+01  -1.118376e+01  -1.147786e+01  -1.188876e+01  -1.245597e+01  -1.322545e+01  -1.424401e+01  -1.554530e+01  -1.712587e+01  -1.891149e+01  -2.073053e+01  -2.232980e+01  -2.347047e+01  -2.407590e+01
   80  -2.671088e+00  -2.671362e+00  -2.671482e+00  -2.671654e+00  -2.671900e+00  -2.672254e+00  -2.672763e+00  -2.673493e+00  -2.674549e+00  -2.676046e+00  -2.678208e+00  -2.681307e+00  -2.685762e+00  -2.692146e+00  -2.701312e+00  -2.714445e+00  -2.733285e+00  -2.760216e+00  -2.798729e+00  -2.853678e+00  -2.931850e+00  -3.042625e+00  -3.198687e+00  -3.416792e+00  -3.718137e+00  -4.127717e+00  -4.671815e+00  -5.371311e+00  -6.229699e+00  -7.215283e+00  -8.244407e+00  -9.184045e+00  -9.896305e+00  -1.031991e+01  -1.051850e+01  -1.062253e+01  -1.072755e+01  -1.087239e+01  -1.107715e+01  -1.136550e+01  -1.176824e+01  -1.232392e+01  -1.307734e+01  -1.407370e+01  -1.534505e+01  -1.688640e+01  -1.862311e+01  -2.038578e+01  -2.192724e+01  -2.301835e+01  -2.359135e+01
   81  -2.676126e+00  -2.676398e+00  -2.676517e+00  -2.676688e+00  -2.676933e+00  -2.677284e+00  -2.677790e+00  -2.678515e+00  -2.679556e+00  -2.681051e+00  -2.683202e+00  -2.686282e+00  -2.690692e+00  -2.697039e+00  -2.706143e+00  -2.719195e+00  -2.737886e+00  -2.764648e+00  -2.802898e+00  -2.857467e+00  -2.935102e+00  -3.045097e+00  -3.200065e+00  -3.416583e+00  -3.715662e+00  -4.122087e+00  -4.661721e+00  -5.355025e+00  -6.204996e+00  -7.179545e+00  -8.195134e+00  -9.119795e+00  -9.817905e+00  -1.023096e+01  -1.042364e+01  -1.052484e+01  -1.062769e+01  -1.076971e+01  -1.097042e+01  -1.125305e+01  -1.164770e+01  -1.219194e+01  -1.292941e+01  -1.390378e+01  -1.514551e+01  -1.664812e+01  -1.833673e+01  -2.004416e+01  -2.152928e+01  -2.257259e+01  -2.311463e+01
   82  -2.681135e+00  -2.681406e+00  -2.681524e+00  -2.681693e+00  -2.681937e+00  -2.682286e+00  -2.682788e+00  -2.683508e+00  -2.684542e+00  -2.686027e+00  -2.688152e+00  -2.691224e+00  -2.695608e+00  -2.701916e+00  -2.710953e+00  -2.723906e+00  -2.742474e+00  -2.769051e+00  -2.807033e+00  -2.861225e+00  -2.938310e+00  -3.047540e+00  -3.201372e+00  -3.416312e+00  -3.713151e+00  -4.116378e+00  -4.651511e+00  -5.338570e+00  -6.180075e+00  -7.143557e+00  -8.145564e+00  -9.055199e+00  -9.739230e+00  -1.014178e+01  -1.032863e+01  -1.042705e+01  -1.052778e+01  -1.066697e+01  -1.086370e+01  -1.114066e+01  -1.152726e+01  -1.206018e+01  -1.278180e+01  -1.373444e+01  -1.494686e+01  -1.641130e+01  -1.805266e+01  -1.970598e+01  -2.113629e+01  -2.213342e+01  -2.264592e+01
   83  -2.686117e+00  -2.686386e+00  -2.686503e+00  -2.686672e+00  -2.686913e+00  -2.687260e+00  -2.687752e+00  -2.688474e+00  -2.689501e+00  -2.690972e+00  -2.693094e+00  -2.696130e+00  -2.700484e+00  -2.706737e+00  -2.715715e+00  -2.728588e+00  -2.747024e+00  -2.773409e+00  -2.811134e+00  -2.864944e+00  -2.941491e+00  -3.049925e+00  -3.202647e+00  -3.415980e+00  -3.710542e+00  -4.110560e+00  -4.641192e+00  -5.321991e+00  -6.154989e+00  -7.107324e+00  -8.095710e+00  -8.990356e+00  -9.660322e+00  -1.005249e+01  -1.023358e+01  -1.032929e+01  -1.042788e+01  -1.056429e+01  -1.075707e+01  -1.102839e+01  -1.140699e+01  -1.192870e+01  -1.263470e+01  -1.356581e+01  -1.474936e+01  -1.617616e+01  -1.777113e+01  -1.937155e+01  -2.074865e+01  -2.170122e+01  -2.218557e+01
   84  -2.691073e+00  -2.691340e+00  -2.691456e+00  -2.691623e+00  -2.691863e+00  -2.692208e+00  -2.692702e+00  -2.693413e+00  -2.694432e+00  -2.695896e+00  -2.697996e+00  -2.701012e+00  -2.705343e+00  -2.711555e+00  -2.720482e+00  -2.733259e+00  -2.751555e+00  -2.777751e+00  -2.815208e+00  -2.868628e+00  -2.944627e+00  -3.052261e+00  -3.203864e+00  -3.415601e+00  -3.707897e+00  -4.104676e+00  -4.630765e+00  -5.305272e+00  -6.129717e+00  -7.070893e+00  -8.045645e+00  -8.925265e+00  -9.581267e+00  -9.963127e+00  -1.013858e+01  -1.023160e+01  -1.032811e+01  -1.046176e+01  -1.065061e+01  -1.091637e+01  -1.128709e+01  -1.179767e+01  -1.248819e+01  -1.339807e+01  -1.455306e+01  -1.594291e+01  -1.749233e+01  -1.904110e+01  -2.036648e+01  -2.127629e+01  -2.173387e+01
   85  -2.696002e+00  -2.696267e+00  -2.696382e+00  -2.696552e+00  -2.696787e+00  -2.697129e+00  -2.697620e+00  -2.698325e+00  -2.699338e+00  -2.700791e+00  -2.702878e+00  -2.705874e+00  -2.710174e+00  -2.716332e+00  -2.725190e+00  -2.737877e+00  -2.756047e+00  -2.782068e+00  -2.819239e+00  -2.872289e+00  -2.947724e+00  -3.054580e+00  -3.205049e+00  -3.415176e+00  -3.705183e+00  -4.098717e+00  -4.620250e+00  -5.288439e+00  -6.104296e+00  -7.034282e+00  -7.995361e+00  -8.860022e+00  -9.502099e+00  -9.873796e+00  -1.004372e+01  -1.013408e+01  -1.022853e+01  -1.035945e+01  -1.054440e+01  -1.080462e+01  -1.116754e+01  -1.166715e+01  -1.234239e+01  -1.323128e+01  -1.435820e+01  -1.571166e+01  -1.721650e+01  -1.871495e+01  -1.999019e+01  -2.085877e+01  -2.129089e+01
   86  -2.700905e+00  -2.701168e+00  -2.701283e+00  -2.701448e+00  -2.701684e+00  -2.702024e+00  -2.702511e+00  -2.703212e+00  -2.704217e+00  -2.705660e+00  -2.707732e+00  -2.710704e+00  -2.714972e+00  -2.721092e+00  -2.729886e+00  -2.742477e+00  -2.760528e+00  -2.786354e+00  -2.823263e+00  -2.875922e+00  -2.950799e+00  -3.056863e+00  -3.206188e+00  -3.414708e+00  -3.702399e+00  -4.092691e+00  -4.609648e+00  -5.271499e+00  -6.078735e+00  -6.997523e+00  -7.944925e+00  -8.794668e+00  -9.422904e+00  -9.784533e+00  -9.949018e+00  -1.003682e+01  -1.012922e+01  -1.025747e+01  -1.043856e+01  -1.069333e+01  -1.104852e+01  -1.153726e+01  -1.219739e+01  -1.306566e+01  -1.416489e+01  -1.548268e+01  -1.694380e+01  -1.839314e+01  -1.961988e+01  -2.044893e+01  -2.085688e+01
   87  -2.705783e+00  -2.706044e+00  -2.706158e+00  -2.706322e+00  -2.706556e+00  -2.706893e+00  -2.707378e+00  -2.708073e+00  -2.709071e+00  -2.710503e+00  -2.712560e+00  -2.715513e+00  -2.719751e+00  -2.725827e+00  -2.734551e+00  -2.747058e+00  -2.764958e+00  -2.790605e+00  -2.827240e+00  -2.879504e+00  -2.953832e+00  -3.059105e+00  -3.207294e+00  -3.414199e+00  -3.699578e+00  -4.086595e+00  -4.598958e+00  -5.254432e+00  -6.053067e+00  -6.960603e+00  -7.894343e+00  -8.729188e+00  -9.343732e+00  -9.695443e+00  -9.854589e+00  -9.939898e+00  -1.003026e+01  -1.015582e+01  -1.033312e+01  -1.058251e+01  -1.093005e+01  -1.140809e+01  -1.205335e+01  -1.290124e+01  -1.397328e+01  -1.525599e+01  -1.667444e+01  -1.807594e+01  -1.925572e+01  -2.004685e+01  -2.043189e+01
   88  -2.710636e+00  -2.710895e+00  -2.711008e+00  -2.711170e+00  -2.711403e+00  -2.711737e+00  -2.712219e+00  -2.712909e+00  -2.713899e+00  -2.715323e+00  -2.717364e+00  -2.720294e+00  -2.724500e+00  -2.730539e+00  -2.739188e+00  -2.751602e+00  -2.769378e+00  -2.794834e+00  -2.831206e+00  -2.883069e+00  -2.956843e+00  -3.061313e+00  -3.208369e+00  -3.413631e+00  -3.696699e+00  -4.080438e+00  -4.588193e+00  -5.237282e+00  -6.027262e+00  -6.923572e+00  -7.843680e+00  -8.663698e+00  -9.264619e+00  -9.606549e+00  -9.760479e+00  -9.843324e+00  -9.931729e+00  -1.005462e+01  -1.022819e+01  -1.047224e+01  -1.081229e+01  -1.127973e+01  -1.191033e+01  -1.273816e+01  -1.378345e+01  -1.503185e+01  -1.640856e+01  -1.776353e+01  -1.889787e+01  -1.965269e+01  -2.001601e+01
   89  -2.715464e+00  -2.715721e+00  -2.715833e+00  -2.715994e+00  -2.716226e+00  -2.716558e+00  -2.717035e+00  -2.717720e+00  -2.718703e+00  -2.720115e+00  -2.722136e+00  -2.725048e+00  -2.729224e+00  -2.735223e+00  -2.743816e+00  -2.756121e+00  -2.773773e+00  -2.799032e+00  -2.835129e+00  -2.886617e+00  -2.959824e+00  -3.063482e+00  -3.209391e+00  -3.413025e+00  -3.693769e+00  -4.074213e+00  -4.577354e+00  -5.220041e+00  -6.001382e+00  -6.886452e+00  -7.792942e+00  -8.598189e+00  -9.185636e+00  -9.517940e+00  -9.666768e+00  -9.747213e+00  -9.833672e+00  -9.953949e+00  -1.012383e+01  -1.036260e+01  -1.069519e+01  -1.115227e+01  -1.176839e+01  -1.257650e+01  -1.359557e+01  -1.481026e+01  -1.614622e+01  -1.745606e+01  -1.854650e+01  -1.926647e+01  -1.960921e+01
   90  -2.720267e+00  -2.720522e+00  -2.720634e+00  -2.720794e+00  -2.721023e+00  -2.721353e+00  -2.721826e+00  -2.722506e+00  -2.723482e+00  -2.724883e+00  -2.726892e+00  -2.729779e+00  -2.733920e+00  -2.739872e+00  -2.748401e+00  -2.760629e+00  -2.778143e+00  -2.803203e+00  -2.839039e+00  -2.890114e+00  -2.962767e+00  -3.065632e+00  -3.210396e+00  -3.412383e+00  -3.690794e+00  -4.067938e+00  -4.566459e+00  -5.202743e+00  -5.975401e+00  -6.849230e+00  -7.742155e+00  -8.532732e+00  -9.106825e+00  -9.429655e+00  -9.573496e+00  -9.651602e+00  -9.736135e+00  -9.853862e+00  -1.002006e+01  -1.025368e+01  -1.057897e+01  -1.102574e+01  -1.162767e+01  -1.241640e+01  -1.340970e+01  -1.459141e+01  -1.588760e+01  -1.715350e+01  -1.820164e+01  -1.888827e+01  -1.921163e+01
   91  -2.725046e+00  -2.725299e+00  -2.725410e+00  -2.725568e+00  -2.725796e+00  -2.726123e+00  -2.726593e+00  -2.727268e+00  -2.728236e+00  -2.729624e+00  -2.731627e+00  -2.734494e+00  -2.738601e+00  -2.744505e+00  -2.752965e+00  -2.765095e+00  -2.782482e+00  -2.807353e+00  -2.842901e+00  -2.893610e+00  -2.965692e+00  -3.067750e+00  -3.211350e+00  -3.411698e+00  -3.687766e+00  -4.061611e+00  -4.555498e+00  -5.185363e+00  -5.949364e+00  -6.811966e+00  -7.691347e+00  -8.467351e+00  -9.028241e+00  -9.341747e+00  -9.480730e+00  -9.556523e+00  -9.639208e+00  -9.754407e+00  -9.916994e+00  -1.014549e+01  -1.046359e+01  -1.090026e+01  -1.148818e+01  -1.225787e+01  -1.322593e+01  -1.437544e+01  -1.563280e+01  -1.685612e+01  -1.786340e+01  -1.851816e+01  -1.882314e+01
   92  -2.729800e+00  -2.730052e+00  -2.730161e+00  -2.730319e+00  -2.730545e+00  -2.730869e+00  -2.731336e+00  -2.732005e+00  -2.732966e+00  -2.734348e+00  -2.736329e+00  -2.739170e+00  -2.743250e+00  -2.749105e+00  -2.757510e+00  -2.769554e+00  -2.786789e+00  -2.811481e+00  -2.846751e+00  -2.897069e+00  -2.968580e+00  -3.069824e+00  -3.212286e+00  -3.410977e+00  -3.684710e+00  -4.055253e+00  -4.544482e+00  -5.167927e+00  -5.923258e+00  -6.774654e+00  -7.640551e+00  -8.402062e+00  -8.949903e+00  -9.254258e+00  -9.388505e+00  -9.462135e+00  -9.542925e+00  -9.655607e+00  -9.814662e+00  -1.003814e+01  -1.034910e+01  -1.077587e+01  -1.135005e+01  -1.210106e+01  -1.304430e+01  -1.416231e+01  -1.538189e+01  -1.656384e+01  -1.753179e+01  -1.815611e+01  -1.844372e+01
   93  -2.734530e+00  -2.734780e+00  -2.734888e+00  -2.735045e+00  -2.735269e+00  -2.735591e+00  -2.736054e+00  -2.736718e+00  -2.737675e+00  -2.739041e+00  -2.741009e+00  -2.743825e+00  -2.747886e+00  -2.753698e+00  -2.762021e+00  -2.773970e+00  -2.791085e+00  -2.815580e+00  -2.850576e+00  -2.900483e+00  -2.971446e+00  -3.071882e+00  -3.213170e+00  -3.410218e+00  -3.681613e+00  -4.048844e+00  -4.533425e+00  -5.150442e+00  -5.897118e+00  -6.737332e+00  -7.589782e+00  -8.336927e+00  -8.871895e+00  -9.167250e+00  -9.296867e+00  -9.368357e+00  -9.447323e+00  -9.557542e+00  -9.713121e+00  -9.931655e+00  -1.023564e+01  -1.065259e+01  -1.121328e+01  -1.194595e+01  -1.286496e+01  -1.395214e+01  -1.513498e+01  -1.627685e+01  -1.720688e+01  -1.780204e+01  -1.807330e+01
   94  -2.739236e+00  -2.739483e+00  -2.739591e+00  -2.739747e+00  -2.739969e+00  -2.740289e+00  -2.740748e+00  -2.741407e+00  -2.742353e+00  -2.743712e+00  -2.745662e+00  -2.748464e+00  -2.752475e+00  -2.758247e+00  -2.766512e+00  -2.778374e+00  -2.795342e+00  -2.819650e+00  -2.854368e+00  -2.903891e+00  -2.974276e+00  -3.073900e+00  -3.214042e+00  -3.409437e+00  -3.678473e+00  -4.042393e+00  -4.522306e+00  -5.132905e+00  -5.870947e+00  -6.699983e+00  -7.539082e+00  -8.271979e+00  -8.794207e+00  -9.080768e+00  -9.205901e+00  -9.275263e+00  -9.352462e+00  -9.460257e+00  -9.612399e+00  -9.826031e+00  -1.012319e+01  -1.053054e+01  -1.107798e+01  -1.179264e+01  -1.268792e+01  -1.374504e+01  -1.489205e+01  -1.599511e+01  -1.688860e+01  -1.745604e+01  -1.771188e+01
   95  -2.743917e+00  -2.744163e+00  -2.744270e+00  -2.744424e+00  -2.744645e+00  -2.744962e+00  -2.745418e+00  -2.746071e+00  -2.747010e+00  -2.748358e+00  -2.750292e+00  -2.753066e+00  -2.757062e+00  -2.762787e+00  -2.770989e+00  -2.782733e+00  -2.799577e+00  -2.823700e+00  -2.858140e+00  -2.907273e+00  -2.977079e+00  -3.075885e+00  -3.214876e+00  -3.408628e+00  -3.675317e+00  -4.035896e+00  -4.511170e+00  -5.115339e+00  -5.844724e+00  -6.662662e+00  -7.488462e+00  -8.207219e+00  -8.716906e+00  -8.994841e+00  -9.115584e+00  -9.182930e+00  -9.258365e+00  -9.363745e+00  -9.512558e+00  -9.721424e+00  -1.001180e+01  -1.040972e+01  -1.094413e+01  -1.164120e+01  -1.251325e+01  -1.354103e+01  -1.465317e+01  -1.571865e+01  -1.657699e+01  -1.711798e+01  -1.735923e+01
   96  -2.748575e+00  -2.748818e+00  -2.748925e+00  -2.749077e+00  -2.749294e+00  -2.749611e+00  -2.750059e+00  -2.750712e+00  -2.751643e+00  -2.752980e+00  -2.754900e+00  -2.757658e+00  -2.761608e+00  -2.767284e+00  -2.775426e+00  -2.787087e+00  -2.803798e+00  -2.827725e+00  -2.861897e+00  -2.910622e+00  -2.979860e+00  -3.077865e+00  -3.215680e+00  -3.407762e+00  -3.672121e+00  -4.029376e+00  -4.499989e+00  -5.097750e+00  -5.818494e+00  -6.625350e+00  -7.437949e+00  -8.142710e+00  -8.640022e+00  -8.909511e+00  -9.025999e+00  -9.091390e+00  -9.165078e+00  -9.268155e+00  -9.413613e+00  -9.617778e+00  -9.901504e+00  -1.029021e+01  -1.081189e+01  -1.149164e+01  -1.234099e+01  -1.334014e+01  -1.441841e+01  -1.544751e+01  -1.627208e+01  -1.678780e+01  -1.701530e+01
   97  -2.753208e+00  -2.753449e+00  -2.753555e+00  -2.753706e+00  -2.753924e+00  -2.754236e+00  -2.754684e+00  -2.755328e+00  -2.756252e+00  -2.757578e+00  -2.759480e+00  -2.762216e+00  -2.766139e+00  -2.771772e+00  -2.779829e+00  -2.791400e+00  -2.807989e+00  -2.831714e+00  -2.865606e+00  -2.913942e+00  -2.982625e+00  -3.079806e+00  -3.216456e+00  -3.406890e+00  -3.668884e+00  -4.022812e+00  -4.488791e+00  -5.080129e+00  -5.792288e+00  -6.588104e+00  -7.387571e+00  -8.078463e+00  -8.563584e+00  -8.824817e+00  -8.937176e+00  -9.000638e+00  -9.072656e+00  -9.173447e+00  -9.315591e+00  -9.515159e+00  -9.792415e+00  -1.017201e+01  -1.068118e+01  -1.134407e+01  -1.217120e+01  -1.314244e+01  -1.418780e+01  -1.518166e+01  -1.597378e+01  -1.646541e+01  -1.668002e+01
   98  -2.757816e+00  -2.758056e+00  -2.758161e+00  -2.758311e+00  -2.758526e+00  -2.758836e+00  -2.759281e+00  -2.759919e+00  -2.760836e+00  -2.762154e+00  -2.764040e+00  -2.766761e+00  -2.770647e+00  -2.776226e+00  -2.784234e+00  -2.795701e+00  -2.812150e+00  -2.835679e+00  -2.869307e+00  -2.917239e+00  -2.985340e+00  -3.081712e+00  -3.217205e+00  -3.405974e+00  -3.665619e+00  -4.016229e+00  -4.477550e+00  -5.062497e+00  -5.766048e+00  -6.550892e+00  -7.337328e+00  -8.014531e+00  -8.487650e+00  -8.740793e+00  -8.849168e+00  -8.910741e+00  -8.981105e+00  -9.079632e+00  -9.218591e+00  -9.413613e+00  -9.684499e+00  -1.005519e+01  -1.055207e+01  -1.119841e+01  -1.200388e+01  -1.294787e+01  -1.396124e+01  -1.492113e+01  -1.568193e+01  -1.615074e+01  -1.635312e+01
   99  -2.762400e+00  -2.762638e+00  -2.762742e+00  -2.762891e+00  -2.763116e+00  -2.763412e+00  -2.763853e+00  -2.764486e+00  -2.765395e+00  -2.766697e+00  -2.768574e+00  -2.771263e+00  -2.775123e+00  -2.780660e+00  -2.788603e+00  -2.799986e+00  -2.816272e+00  -2.839614e+00  -2.872975e+00  -2.920499e+00  -2.988051e+00  -3.083610e+00  -3.217942e+00  -3.405043e+00  -3.662333e+00  -4.009618e+00  -4.466289e+00  -5.044855e+00  -5.739874e+00  -6.513765e+00  -7.287234e+00  -7.950893e+00  -8.412210e+00  -8.657460e+00  -8.761950e+00  -8.821716e+00  -8.890467e+00  -8.986775e+00  -9.122572e+00  -9.313179e+00  -9.577778e+00  -9.939755e+00  -1.042462e+01  -1.105476e+01  -1.183908e+01  -1.275654e+01  -1.373892e+01  -1.466589e+01  -1.539681e+01  -1.584366e+01  -1.603461e+01
  100  -2.766960e+00  -2.767196e+00  -2.767299e+00  -2.767447e+00  -2.767662e+00  -2.767963e+00  -2.768401e+00  -2.769029e+00  -2.769930e+00  -2.771225e+00  -2.773083e+00  -2.775743e+00  -2.779578e+00  -2.785065e+00  -2.792946e+00  -2.804233e+00  -2.820405e+00  -2.843550e+00  -2.876616e+00  -2.923749e+00  -2.990744e+00  -3.085488e+00  -3.218649e+00  -3.404085e+00  -3.659019e+00  -4.002993e+00  -4.455035e+00  -5.027190e+00  -5.713678e+00  -6.476696e+00  -7.237344e+00  -7.887587e+00  -8.337317e+00  -8.574821e+00  -8.675569e+00  -8.733602e+00  -8.800742e+00  -8.894854e+00  -9.027669e+00  -9.213803e+00  -9.472329e+00  -9.825731e+00  -1.029886e+01  -1.091317e+01  -1.167682e+01  -1.256848e+01  -1.352064e+01  -1.441593e+01  -1.511798e+01  -1.554408e+01  -1.572416e+01
