# h loading Love number for a Heaviside load
# Computed by ISSM on 19-Mar-2026 11:28:55
#
#   n         h_n(t)
    1  -1.017484e+00  -1.017490e+00  -1.017493e+00  -1.017496e+00  -1.017502e+00  -1.017509e+00  -1.017520e+00  -1.017535e+00  -1.017558e+00  -1.017591e+00  -1.017636e+00  -1.017701e+00  -1.017796e+00  -1.017931e+00  -1.018125e+00  -1.018404e+00  -1.018802e+00  -1.019371e+00  -1.020182e+00  -1.021334e+00  -1.022964e+00  -1.025252e+00  -1.028442e+00  -1.032826e+00  -1.038736e+00  -1.046495e+00  -1.056303e+00  -1.068044e+00  -1.081052e+00  -1.093974e+00  -1.104980e+00  -1.112588e+00  -1.116659e+00  -1.118496e+00  -1.119672e+00  -1.121064e+00  -1.123004e+00  -1.125740e+00  -1.129578e+00  -1.134906e+00  -1.142197e+00  -1.151967e+00  -1.164673e+00  -1.180515e+00  -1.199116e+00  -1.219199e+00  -1.238515e+00  -1.254470e+00  -1.265530e+00  -1.272396e+00  -1.277401e+00
    2  -4.539158e-01  -4.540235e-01  -4.540699e-01  -4.541378e-01  -4.542346e-01  -4.543735e-01  -4.545727e-01  -4.548597e-01  -4.552695e-01  -4.558599e-01  -4.567055e-01  -4.579192e-01  -4.596556e-01  -4.621441e-01  -4.657007e-01  -4.707779e-01  -4.780037e-01  -4.882490e-01  -5.026967e-01  -5.229097e-01  -5.508763e-01  -5.889599e-01  -6.396666e-01  -7.050807e-01  -7.858445e-01  -8.797679e-01  -9.806838e-01  -1.078888e+00  -1.164286e+00  -1.230902e+00  -1.278273e+00  -1.308541e+00  -1.324991e+00  -1.333216e+00  -1.339284e+00  -1.346758e+00  -1.357196e+00  -1.371845e+00  -1.392243e+00  -1.420288e+00  -1.458130e+00  -1.507876e+00  -1.570925e+00  -1.646914e+00  -1.732419e+00  -1.820183e+00  -1.900047e+00  -1.962390e+00  -2.002999e+00  -2.025983e+00  -2.041001e+00
    3  -4.605990e-01  -4.607278e-01  -4.607840e-01  -4.608646e-01  -4.609804e-01  -4.611469e-01  -4.613847e-01  -4.617280e-01  -4.622191e-01  -4.629254e-01  -4.639382e-01  -4.653912e-01  -4.674733e-01  -4.704583e-01  -4.747290e-01  -4.808349e-01  -4.895453e-01  -5.019368e-01  -5.194942e-01  -5.442213e-01  -5.787615e-01  -6.264367e-01  -6.911362e-01  -7.768483e-01  -8.866135e-01  -1.020668e+00  -1.174014e+00  -1.334588e+00  -1.484437e+00  -1.605852e+00  -1.689838e+00  -1.739340e+00  -1.764579e+00  -1.777321e+00  -1.787108e+00  -1.799234e+00  -1.816136e+00  -1.839843e+00  -1.872847e+00  -1.918186e+00  -1.979289e+00  -2.059467e+00  -2.160781e+00  -2.282290e+00  -2.417941e+00  -2.555541e+00  -2.678825e+00  -2.773864e+00  -2.836745e+00  -2.876300e+00  -2.908111e+00
    4  -4.530948e-01  -4.532315e-01  -4.532919e-01  -4.533778e-01  -4.535012e-01  -4.536783e-01  -4.539314e-01  -4.542987e-01  -4.548219e-01  -4.555737e-01  -4.566544e-01  -4.582028e-01  -4.604246e-01  -4.636106e-01  -4.681726e-01  -4.747024e-01  -4.840304e-01  -4.973290e-01  -5.162274e-01  -5.429659e-01  -5.805462e-01  -6.328857e-01  -7.048217e-01  -8.018363e-01  -9.292111e-01  -1.090190e+00  -1.282994e+00  -1.497200e+00  -1.711728e+00  -1.898496e+00  -2.034101e+00  -2.113364e+00  -2.151122e+00  -2.169139e+00  -2.183142e+00  -2.200559e+00  -2.224801e+00  -2.258819e+00  -2.306220e+00  -2.371409e+00  -2.459416e+00  -2.575133e+00  -2.721738e+00  -2.898009e+00  -3.095184e+00  -3.295172e+00  -3.473725e+00  -3.610688e+00  -3.702297e+00  -3.763965e+00  -3.818935e+00
    5  -4.692884e-01  -4.694334e-01  -4.694966e-01  -4.695873e-01  -4.697176e-01  -4.699047e-01  -4.701730e-01  -4.705589e-01  -4.711128e-01  -4.719085e-01  -4.730475e-01  -4.746852e-01  -4.770335e-01  -4.804004e-01  -4.852246e-01  -4.921332e-01  -5.020101e-01  -5.161054e-01  -5.361672e-01  -5.646106e-01  -6.047161e-01  -6.608192e-01  -7.384149e-01  -8.440124e-01  -9.844273e-01  -1.165080e+00  -1.386860e+00  -1.641633e+00  -1.908191e+00  -2.153036e+00  -2.341384e+00  -2.456605e+00  -2.511639e+00  -2.536381e+00  -2.554729e+00  -2.577384e+00  -2.608821e+00  -2.652957e+00  -2.714559e+00  -2.799484e+00  -2.914529e+00  -3.066502e+00  -3.260244e+00  -3.495146e+00  -3.760650e+00  -4.033221e+00  -4.279647e+00  -4.470790e+00  -4.600249e+00  -4.689757e+00  -4.771947e+00
    6  -5.025090e-01  -5.026635e-01  -5.027308e-01  -5.028274e-01  -5.029669e-01  -5.031653e-01  -5.034515e-01  -5.038618e-01  -5.044517e-01  -5.053007e-01  -5.065136e-01  -5.082581e-01  -5.107586e-01  -5.143471e-01  -5.194901e-01  -5.268548e-01  -5.373884e-01  -5.524282e-01  -5.738520e-01  -6.042598e-01  -6.472034e-01  -7.074145e-01  -7.909648e-01  -9.052019e-01  -1.058131e+00  -1.256773e+00  -1.503944e+00  -1.793277e+00  -2.103876e+00  -2.399050e+00  -2.635985e+00  -2.787910e+00  -2.863069e+00  -2.896197e+00  -2.919130e+00  -2.946793e+00  -2.985018e+00  -3.038678e+00  -3.113704e+00  -3.217406e+00  -3.358384e+00  -3.545557e+00  -3.785879e+00  -4.080088e+00  -4.417023e+00  -4.768840e+00  -5.093546e+00  -5.351034e+00  -5.528395e+00  -5.651191e+00  -5.762190e+00
    7  -5.446110e-01  -5.447760e-01  -5.448479e-01  -5.449511e-01  -5.450994e-01  -5.453123e-01  -5.456174e-01  -5.460574e-01  -5.466872e-01  -5.475901e-01  -5.488892e-01  -5.507537e-01  -5.534277e-01  -5.572603e-01  -5.627556e-01  -5.706276e-01  -5.818870e-01  -5.979727e-01  -6.208930e-01  -6.534500e-01  -6.994712e-01  -7.640841e-01  -8.539239e-01  -9.771092e-01  -1.142690e+00  -1.359041e+00  -1.630517e+00  -1.952108e+00  -2.303146e+00  -2.644505e+00  -2.927042e+00  -3.115295e+00  -3.212146e+00  -3.255059e+00  -3.282971e+00  -3.315499e+00  -3.360178e+00  -3.422880e+00  -3.510671e+00  -3.632295e+00  -3.798167e+00  -4.019424e+00  -4.305345e+00  -4.658591e+00  -5.068275e+00  -5.503424e+00  -5.913964e+00  -6.247820e+00  -6.482309e+00  -6.643155e+00  -6.782704e+00
    8  -5.909918e-01  -5.911677e-01  -5.912454e-01  -5.913545e-01  -5.915123e-01  -5.917396e-01  -5.920656e-01  -5.925343e-01  -5.932055e-01  -5.941696e-01  -5.955553e-01  -5.975424e-01  -6.003919e-01  -6.044803e-01  -6.103425e-01  -6.187362e-01  -6.307509e-01  -6.479120e-01  -6.723795e-01  -7.071431e-01  -7.563212e-01  -8.254370e-01  -9.216666e-01  -1.053884e+00  -1.232125e+00  -1.465987e+00  -1.761215e+00  -2.113970e+00  -2.503760e+00  -2.889366e+00  -3.216169e+00  -3.440859e+00  -3.560714e+00  -3.614647e+00  -3.647998e+00  -3.685352e+00  -3.736263e+00  -3.807666e+00  -3.907770e+00  -4.046729e+00  -4.236769e+00  -4.491263e+00  -4.822007e+00  -5.233912e+00  -5.716994e+00  -6.238054e+00  -6.739715e+00  -7.157563e+00  -7.456621e+00  -7.659301e+00  -7.826035e+00
    9  -6.392934e-01  -6.394802e-01  -6.395617e-01  -6.396786e-01  -6.398464e-01  -6.400876e-01  -6.404337e-01  -6.409291e-01  -6.416440e-01  -6.426675e-01  -6.441366e-01  -6.462511e-01  -6.492771e-01  -6.536182e-01  -6.598457e-01  -6.687631e-01  -6.815262e-01  -6.997634e-01  -7.257654e-01  -7.627318e-01  -8.150481e-01  -8.886295e-01  -9.911925e-01  -1.132337e+00  -1.323050e+00  -1.574117e+00  -1.892580e+00  -2.275730e+00  -2.703295e+00  -3.132212e+00  -3.502910e+00  -3.764651e+00  -3.908887e+00  -3.975036e+00  -4.014299e+00  -4.056496e+00  -4.113485e+00  -4.193359e+00  -4.305459e+00  -4.461314e+00  -4.674980e+00  -4.962089e+00  -5.337030e+00  -5.807204e+00  -6.363966e+00  -6.972575e+00  -7.569010e+00  -8.076439e+00  -8.445816e+00  -8.693165e+00  -8.885215e+00
   10  -6.882613e-01  -6.884588e-01  -6.885449e-01  -6.886685e-01  -6.888476e-01  -6.891008e-01  -6.894664e-01  -6.899921e-01  -6.907463e-01  -6.918257e-01  -6.933855e-01  -6.956134e-01  -6.988134e-01  -7.034047e-01  -7.099877e-01  -7.194197e-01  -7.329098e-01  -7.522015e-01  -7.797074e-01  -8.188231e-01  -8.742049e-01  -9.521520e-01  -1.060905e+00  -1.210764e+00  -1.413653e+00  -1.681505e+00  -2.022646e+00  -2.435491e+00  -2.900091e+00  -3.371791e+00  -3.786430e+00  -4.086135e+00  -4.256184e+00  -4.335728e+00  -4.381397e+00  -4.428460e+00  -4.491411e+00  -4.579566e+00  -4.703378e+00  -4.875781e+00  -5.112610e+00  -5.431776e+00  -5.850317e+00  -6.378264e+00  -7.008663e+00  -7.705717e+00  -8.399343e+00  -9.000388e+00  -9.444510e+00  -9.738695e+00  -9.954196e+00
   11  -7.371573e-01  -7.373651e-01  -7.374557e-01  -7.375857e-01  -7.377725e-01  -7.380399e-01  -7.384257e-01  -7.389785e-01  -7.397716e-01  -7.409128e-01  -7.425495e-01  -7.448948e-01  -7.482621e-01  -7.530952e-01  -7.600195e-01  -7.699464e-01  -7.841497e-01  -8.044520e-01  -8.334154e-01  -8.746100e-01  -9.329612e-01  -1.015141e+00  -1.129884e+00  -1.288192e+00  -1.502884e+00  -1.787035e+00  -2.150239e+00  -2.592078e+00  -3.093035e+00  -3.607100e+00  -4.065887e+00  -4.404530e+00  -4.601833e+00  -4.695930e+00  -4.748480e+00  -4.800436e+00  -4.869229e+00  -4.965474e+00  -5.100746e+00  -5.289334e+00  -5.548869e+00  -5.899505e+00  -6.360955e+00  -6.946018e+00  -7.649632e+00  -8.435403e+00  -9.227694e+00  -9.925268e+00  -1.044758e+01  -1.079049e+01  -1.102798e+01
   12  -7.854923e-01  -7.857099e-01  -7.858048e-01  -7.859411e-01  -7.861364e-01  -7.864177e-01  -7.868208e-01  -7.874003e-01  -7.882310e-01  -7.894252e-01  -7.911420e-01  -7.935977e-01  -7.971278e-01  -8.021913e-01  -8.094449e-01  -8.198494e-01  -8.347342e-01  -8.560148e-01  -8.863734e-01  -9.295722e-01  -9.907817e-01  -1.077022e+00  -1.197531e+00  -1.363977e+00  -1.590067e+00  -1.889968e+00  -2.274565e+00  -2.744636e+00  -3.281232e+00  -3.837240e+00  -4.340345e+00  -4.718862e+00  -4.944798e+00  -5.054566e+00  -5.114454e+00  -5.171337e+00  -5.245842e+00  -5.349979e+00  -5.496441e+00  -5.700842e+00  -5.982551e+00  -6.363992e+00  -6.867567e+00  -7.508862e+00  -8.284927e+00  -9.159138e+00  -1.005084e+01  -1.084698e+01  -1.145034e+01  -1.184385e+01  -1.210250e+01
   13  -8.329094e-01  -8.331366e-01  -8.332356e-01  -8.333778e-01  -8.335828e-01  -8.338751e-01  -8.342945e-01  -8.349004e-01  -8.357681e-01  -8.370147e-01  -8.388024e-01  -8.413668e-01  -8.450495e-01  -8.503331e-01  -8.579059e-01  -8.687609e-01  -8.842983e-01  -9.065098e-01  -9.382072e-01  -9.833176e-01  -1.047256e+00  -1.137385e+00  -1.263417e+00  -1.437664e+00  -1.674685e+00  -1.989743e+00  -2.395002e+00  -2.892482e+00  -3.463914e+00  -4.061351e+00  -4.608829e+00  -5.028023e+00  -5.283849e+00  -5.410355e+00  -5.478024e+00  -5.539850e+00  -5.619932e+00  -5.731744e+00  -5.889072e+00  -6.108852e+00  -6.412177e+00  -6.823666e+00  -7.368405e+00  -8.064843e+00  -8.912291e+00  -9.874210e+00  -1.086544e+01  -1.176162e+01  -1.244852e+01  -1.289472e+01  -1.317446e+01
   14  -8.791341e-01  -8.793702e-01  -8.794732e-01  -8.796210e-01  -8.798339e-01  -8.801366e-01  -8.805755e-01  -8.812027e-01  -8.821060e-01  -8.834006e-01  -8.852604e-01  -8.879253e-01  -8.917559e-01  -8.972484e-01  -9.051240e-01  -9.164078e-01  -9.325615e-01  -9.556622e-01  -9.886278e-01  -1.035551e+00  -1.102083e+00  -1.195910e+00  -1.327200e+00  -1.508881e+00  -1.756348e+00  -2.085926e+00  -2.511043e+00  -3.035015e+00  -3.640378e+00  -4.278567e+00  -4.870299e+00  -5.330786e+00  -5.617639e+00  -5.761850e+00  -5.837746e+00  -5.904502e+00  -5.989995e+00  -6.109247e+00  -6.277107e+00  -6.511798e+00  -6.836087e+00  -7.276784e+00  -7.861605e+00  -8.611884e+00  -9.529343e+00  -1.057787e+01  -1.166834e+01  -1.266558e+01  -1.343835e+01  -1.393959e+01  -1.424114e+01
   15  -9.239504e-01  -9.241953e-01  -9.243021e-01  -9.244547e-01  -9.246746e-01  -9.249902e-01  -9.254441e-01  -9.260945e-01  -9.270303e-01  -9.283686e-01  -9.302950e-01  -9.330593e-01  -9.370274e-01  -9.427147e-01  -9.508744e-01  -9.625609e-01  -9.793007e-01  -1.003237e+00  -1.037401e+00  -1.086038e+00  -1.155024e+00  -1.252350e+00  -1.388613e+00  -1.577341e+00  -1.834729e+00  -2.178138e+00  -2.622255e+00  -3.171710e+00  -3.809978e+00  -4.488076e+00  -5.123743e+00  -5.625923e+00  -5.944743e+00  -6.107581e+00  -6.192099e+00  -6.263777e+00  -6.354509e+00  -6.480931e+00  -6.658951e+00  -6.908036e+00  -7.252587e+00  -7.721529e+00  -8.345224e+00  -9.147880e+00  -1.013376e+01  -1.126750e+01  -1.245655e+01  -1.355557e+01  -1.441643e+01  -1.497539e+01  -1.530016e+01
   16  -9.671898e-01  -9.674423e-01  -9.675524e-01  -9.677105e-01  -9.679375e-01  -9.682634e-01  -9.687319e-01  -9.694033e-01  -9.703679e-01  -9.717530e-01  -9.737419e-01  -9.765943e-01  -9.806907e-01  -9.865633e-01  -9.949873e-01  -1.007062e+00  -1.024344e+00  -1.049065e+00  -1.084352e+00  -1.134602e+00  -1.205889e+00  -1.306498e+00  -1.447448e+00  -1.642816e+00  -1.909574e+00  -2.266085e+00  -2.728283e+00  -3.302135e+00  -3.972139e+00  -4.689141e+00  -5.368192e+00  -5.912231e+00  -6.263773e+00  -6.446054e+00  -6.539571e+00  -6.616172e+00  -6.711934e+00  -6.845248e+00  -7.033036e+00  -7.295942e+00  -7.659995e+00  -8.156183e+00  -8.817409e+00  -9.670844e+00  -1.072336e+01  -1.194067e+01  -1.322738e+01  -1.442867e+01  -1.537974e+01  -1.599935e+01  -1.634936e+01
   17  -1.008724e+00  -1.008984e+00  -1.009097e+00  -1.009260e+00  -1.009494e+00  -1.009829e+00  -1.010310e+00  -1.011003e+00  -1.011994e+00  -1.013421e+00  -1.015467e+00  -1.018405e+00  -1.022619e+00  -1.028667e+00  -1.037340e+00  -1.049764e+00  -1.067557e+00  -1.093012e+00  -1.129346e+00  -1.181099e+00  -1.254533e+00  -1.358217e+00  -1.503544e+00  -1.705134e+00  -1.980689e+00  -2.349552e+00  -2.828857e+00  -3.425933e+00  -4.126399e+00  -4.881132e+00  -5.602793e+00  -6.188605e+00  -6.573439e+00  -6.775864e+00  -6.878749e+00  -6.960206e+00  -7.060829e+00  -7.200728e+00  -7.397851e+00  -7.674011e+00  -8.056749e+00  -8.579068e+00  -9.276451e+00  -1.017893e+01  -1.129615e+01  -1.259519e+01  -1.397841e+01  -1.528222e+01  -1.632557e+01  -1.700894e+01  -1.738668e+01
   18  -1.048461e+00  -1.048728e+00  -1.048844e+00  -1.049011e+00  -1.049252e+00  -1.049595e+00  -1.050090e+00  -1.050800e+00  -1.051818e+00  -1.053283e+00  -1.055382e+00  -1.058398e+00  -1.062725e+00  -1.068929e+00  -1.077827e+00  -1.090587e+00  -1.108854e+00  -1.134981e+00  -1.172291e+00  -1.225433e+00  -1.300862e+00  -1.407395e+00  -1.556791e+00  -1.764178e+00  -2.047946e+00  -2.428370e+00  -2.923784e+00  -3.542866e+00  -4.272410e+00  -5.063532e+00  -5.826826e+00  -6.454084e+00  -6.872554e+00  -7.095732e+00  -7.208299e+00  -7.294588e+00  -7.399836e+00  -7.546017e+00  -7.751434e+00  -8.040823e+00  -8.441403e+00  -8.988749e+00  -9.720801e+00  -1.067049e+01  -1.185036e+01  -1.322914e+01  -1.470751e+01  -1.611388e+01  -1.725138e+01  -1.800173e+01  -1.841005e+01
   19  -1.086340e+00  -1.086613e+00  -1.086732e+00  -1.086905e+00  -1.087149e+00  -1.087501e+00  -1.088007e+00  -1.088734e+00  -1.089778e+00  -1.091272e+00  -1.093425e+00  -1.096511e+00  -1.100938e+00  -1.107293e+00  -1.116404e+00  -1.129464e+00  -1.148165e+00  -1.174918e+00  -1.213117e+00  -1.267544e+00  -1.344810e+00  -1.453977e+00  -1.607130e+00  -1.819878e+00  -2.111271e+00  -2.502471e+00  -3.012958e+00  -3.652767e+00  -4.409942e+00  -5.235981e+00  -6.039721e+00  -6.707874e+00  -7.160135e+00  -7.404524e+00  -7.527058e+00  -7.618144e+00  -7.727797e+00  -7.879930e+00  -8.093755e+00  -8.395172e+00  -8.812735e+00  -9.383917e+00  -1.014911e+01  -1.114414e+01  -1.238448e+01  -1.384085e+01  -1.541280e+01  -1.692150e+01  -1.815488e+01  -1.897536e+01  -1.941735e+01
   20  -1.122328e+00  -1.122607e+00  -1.122728e+00  -1.122903e+00  -1.123155e+00  -1.123514e+00  -1.124031e+00  -1.124773e+00  -1.125837e+00  -1.127367e+00  -1.129562e+00  -1.132713e+00  -1.137237e+00  -1.143724e+00  -1.153028e+00  -1.166360e+00  -1.185461e+00  -1.212782e+00  -1.251801e+00  -1.307400e+00  -1.386353e+00  -1.497929e+00  -1.654539e+00  -1.872219e+00  -2.170648e+00  -2.571825e+00  -3.096351e+00  -3.755585e+00  -4.538871e+00  -5.398242e+00  -6.241085e+00  -6.949350e+00  -7.435332e+00  -7.701286e+00  -7.834022e+00  -7.929848e+00  -8.043682e+00  -8.201447e+00  -8.423879e+00  -8.736016e+00  -9.169664e+00  -9.763509e+00  -1.056029e+01  -1.159870e+01  -1.289726e+01  -1.442893e+01  -1.609268e+01  -1.770323e+01  -1.903389e+01  -1.992753e+01  -2.040636e+01
   21  -1.156418e+00  -1.156702e+00  -1.156826e+00  -1.157004e+00  -1.157259e+00  -1.157625e+00  -1.158152e+00  -1.158908e+00  -1.159994e+00  -1.161553e+00  -1.163785e+00  -1.166997e+00  -1.171605e+00  -1.178212e+00  -1.187694e+00  -1.201280e+00  -1.220740e+00  -1.248582e+00  -1.288344e+00  -1.345008e+00  -1.425492e+00  -1.539264e+00  -1.699023e+00  -1.921222e+00  -2.226102e+00  -2.636478e+00  -3.174004e+00  -3.851354e+00  -4.659193e+00  -5.550241e+00  -6.430671e+00  -7.178064e+00  -7.697500e+00  -7.985226e+00  -8.128360e+00  -8.228866e+00  -8.346662e+00  -8.509707e+00  -8.739664e+00  -9.062513e+00  -9.511351e+00  -1.012664e+01  -1.095342e+01  -1.203323e+01  -1.338770e+01  -1.499223e+01  -1.674578e+01  -1.845737e+01  -1.988635e+01  -2.085596e+01  -2.137477e+01
   22  -1.188622e+00  -1.188911e+00  -1.189037e+00  -1.189218e+00  -1.189477e+00  -1.189850e+00  -1.190385e+00  -1.191156e+00  -1.192256e+00  -1.193840e+00  -1.196117e+00  -1.199377e+00  -1.204060e+00  -1.210781e+00  -1.220419e+00  -1.234231e+00  -1.254016e+00  -1.282320e+00  -1.322760e+00  -1.380389e+00  -1.462258e+00  -1.578021e+00  -1.740640e+00  -1.966938e+00  -2.277711e+00  -2.696512e+00  -3.246023e+00  -3.940187e+00  -4.771007e+00  -5.691993e+00  -6.608392e+00  -7.393746e+00  -7.946173e+00  -8.255742e+00  -8.409399e+00  -8.514515e+00  -8.636053e+00  -8.804069e+00  -9.041068e+00  -9.373977e+00  -9.837123e+00  -1.047265e+01  -1.132783e+01  -1.244702e+01  -1.385497e+01  -1.552983e+01  -1.737093e+01  -1.918240e+01  -2.071031e+01  -2.175831e+01  -2.232019e+01
   23  -1.218974e+00  -1.219267e+00  -1.219394e+00  -1.219578e+00  -1.219841e+00  -1.220219e+00  -1.220762e+00  -1.221541e+00  -1.222661e+00  -1.224269e+00  -1.226575e+00  -1.229886e+00  -1.234637e+00  -1.241457e+00  -1.251233e+00  -1.265252e+00  -1.285327e+00  -1.314054e+00  -1.355094e+00  -1.413588e+00  -1.496700e+00  -1.614258e+00  -1.779455e+00  -2.009467e+00  -2.325581e+00  -2.752062e+00  -3.312566e+00  -4.022259e+00  -4.874492e+00  -5.823642e+00  -6.774287e+00  -7.596281e+00  -8.181051e+00  -8.512390e+00  -8.676647e+00  -8.786302e+00  -8.911347e+00  -9.083999e+00  -9.327600e+00  -9.669916e+00  -1.014648e+01  -1.080102e+01  -1.168302e+01  -1.283954e+01  -1.429852e+01  -1.604100e+01  -1.796718e+01  -1.987696e+01  -2.150395e+01  -2.263234e+01  -2.324010e+01
   24  -1.247519e+00  -1.247816e+00  -1.247945e+00  -1.248130e+00  -1.248397e+00  -1.248780e+00  -1.249330e+00  -1.250120e+00  -1.251255e+00  -1.252878e+00  -1.255219e+00  -1.258570e+00  -1.263383e+00  -1.270289e+00  -1.280197e+00  -1.294390e+00  -1.314730e+00  -1.343828e+00  -1.385404e+00  -1.444670e+00  -1.528894e+00  -1.648051e+00  -1.815560e+00  -2.048912e+00  -2.369855e+00  -2.803307e+00  -3.373832e+00  -4.097807e+00  -4.969885e+00  -5.945430e+00  -6.928517e+00  -7.785687e+00  -8.401973e+00  -8.754882e+00  -8.929756e+00  -9.043848e+00  -9.172185e+00  -9.349147e+00  -9.598897e+00  -9.949989e+00  -1.043908e+01  -1.111146e+01  -1.201865e+01  -1.321043e+01  -1.471794e+01  -1.652521e+01  -1.853373e+01  -2.053983e+01  -2.226551e+01  -2.347577e+01  -2.413193e+01
   25  -1.274317e+00  -1.274617e+00  -1.274748e+00  -1.274936e+00  -1.275206e+00  -1.275593e+00  -1.276149e+00  -1.276947e+00  -1.278094e+00  -1.279739e+00  -1.282100e+00  -1.285492e+00  -1.290361e+00  -1.297342e+00  -1.307359e+00  -1.321716e+00  -1.342284e+00  -1.371714e+00  -1.413764e+00  -1.473719e+00  -1.558931e+00  -1.679505e+00  -1.849071e+00  -2.085407e+00  -2.410677e+00  -2.850421e+00  -3.430056e+00  -4.167096e+00  -5.057508e+00  -6.057657e+00  -7.071337e+00  -7.962098e+00  -8.608937e+00  -8.983073e+00  -9.168499e+00  -9.286932e+00  -9.418340e+00  -9.599308e+00  -9.854743e+00  -1.021399e+01  -1.071474e+01  -1.140374e+01  -1.233454e+01  -1.355952e+01  -1.511297e+01  -1.698209e+01  -1.906994e+01  -2.116997e+01  -2.299334e+01  -2.428638e+01  -2.499310e+01
   26  -1.299438e+00  -1.299741e+00  -1.299873e+00  -1.300062e+00  -1.300333e+00  -1.300726e+00  -1.301287e+00  -1.302094e+00  -1.303252e+00  -1.304911e+00  -1.307299e+00  -1.310722e+00  -1.315632e+00  -1.322684e+00  -1.332804e+00  -1.347300e+00  -1.368066e+00  -1.397789e+00  -1.440250e+00  -1.500807e+00  -1.586893e+00  -1.708728e+00  -1.880115e+00  -2.119103e+00  -2.448237e+00  -2.893622e+00  -3.481492e+00  -4.230438e+00  -5.137695e+00  -6.160689e+00  -7.203079e+00  -8.125763e+00  -8.802030e+00  -9.196925e+00  -9.392786e+00  -9.515442e+00  -9.649715e+00  -9.834365e+00  -1.009507e+01  -1.046184e+01  -1.097339e+01  -1.167786e+01  -1.263065e+01  -1.388675e+01  -1.548352e+01  -1.741139e+01  -1.957531e+01  -2.176642e+01  -2.368592e+01  -2.506198e+01  -2.582097e+01
   27  -1.322957e+00  -1.323262e+00  -1.323397e+00  -1.323587e+00  -1.323861e+00  -1.324258e+00  -1.324821e+00  -1.325634e+00  -1.326802e+00  -1.328475e+00  -1.330885e+00  -1.334334e+00  -1.339291e+00  -1.346402e+00  -1.356596e+00  -1.371219e+00  -1.392162e+00  -1.422134e+00  -1.464970e+00  -1.526046e+00  -1.612887e+00  -1.735830e+00  -1.908818e+00  -2.150150e+00  -2.482714e+00  -2.933141e+00  -3.528415e+00  -4.288159e+00  -5.210832e+00  -6.254924e+00  -7.324137e+00  -8.277000e+00  -8.981462e+00  -9.396524e+00  -9.602636e+00  -9.729382e+00  -9.866287e+00  -1.005434e+01  -1.031987e+01  -1.069357e+01  -1.121510e+01  -1.193385e+01  -1.290707e+01  -1.419217e+01  -1.582959e+01  -1.781300e+01  -2.004946e+01  -2.232840e+01  -2.434181e+01  -2.580052e+01  -2.661296e+01
   28  -1.344956e+00  -1.345264e+00  -1.345398e+00  -1.345590e+00  -1.345867e+00  -1.346264e+00  -1.346831e+00  -1.347653e+00  -1.348826e+00  -1.350515e+00  -1.352939e+00  -1.356419e+00  -1.361404e+00  -1.368568e+00  -1.378837e+00  -1.393563e+00  -1.414659e+00  -1.444853e+00  -1.488001e+00  -1.549536e+00  -1.637037e+00  -1.760939e+00  -1.935329e+00  -2.178707e+00  -2.514295e+00  -2.969203e+00  -3.571099e+00  -4.340581e+00  -5.277295e+00  -6.340803e+00  -7.434941e+00  -8.416183e+00  -9.147505e+00  -9.582035e+00  -9.798144e+00  -9.928822e+00  -1.006817e+01  -1.025932e+01  -1.052925e+01  -1.090931e+01  -1.143995e+01  -1.217185e+01  -1.316392e+01  -1.447594e+01  -1.615130e+01  -1.818692e+01  -2.049216e+01  -2.285522e+01  -2.495974e+01  -2.649998e+01  -2.736651e+01
   29  -1.365519e+00  -1.365828e+00  -1.365963e+00  -1.366157e+00  -1.366435e+00  -1.366834e+00  -1.367408e+00  -1.368233e+00  -1.369411e+00  -1.371113e+00  -1.373551e+00  -1.377052e+00  -1.382071e+00  -1.389279e+00  -1.399609e+00  -1.414419e+00  -1.435649e+00  -1.466026e+00  -1.509442e+00  -1.571373e+00  -1.659435e+00  -1.784170e+00  -1.959774e+00  -2.204935e+00  -2.543178e+00  -3.002030e+00  -3.609821e+00  -4.388043e+00  -5.337483e+00  -6.418758e+00  -7.535954e+00  -8.543753e+00  -9.300502e+00  -9.753693e+00  -9.979490e+00  -1.011394e+01  -1.025553e+01  -1.044946e+01  -1.072341e+01  -1.110922e+01  -1.164820e+01  -1.239209e+01  -1.340147e+01  -1.473830e+01  -1.644883e+01  -1.853323e+01  -2.090326e+01  -2.334631e+01  -2.553856e+01  -2.715854e+01  -2.807920e+01
   30  -1.384732e+00  -1.385043e+00  -1.385176e+00  -1.385373e+00  -1.385651e+00  -1.386054e+00  -1.386631e+00  -1.387460e+00  -1.388647e+00  -1.390352e+00  -1.392805e+00  -1.396319e+00  -1.401369e+00  -1.408608e+00  -1.418993e+00  -1.433885e+00  -1.455218e+00  -1.485761e+00  -1.529404e+00  -1.591663e+00  -1.680214e+00  -1.805649e+00  -1.982293e+00  -2.229000e+00  -2.569543e+00  -3.031859e+00  -3.644862e+00  -4.430895e+00  -5.391797e+00  -6.489245e+00  -7.627661e+00  -8.660152e+00  -9.440836e+00  -9.911815e+00  -1.014691e+01  -1.028495e+01  -1.042858e+01  -1.062503e+01  -1.090258e+01  -1.129360e+01  -1.184010e+01  -1.259488e+01  -1.362002e+01  -1.497955e+01  -1.672249e+01  -1.885211e+01  -2.128272e+01  -2.380127e+01  -2.607724e+01  -2.777449e+01  -2.874872e+01
   31  -1.402680e+00  -1.402992e+00  -1.403129e+00  -1.403324e+00  -1.403605e+00  -1.404008e+00  -1.404587e+00  -1.405415e+00  -1.406609e+00  -1.408326e+00  -1.410788e+00  -1.414310e+00  -1.419385e+00  -1.426653e+00  -1.437090e+00  -1.452039e+00  -1.473470e+00  -1.504136e+00  -1.547974e+00  -1.610514e+00  -1.699468e+00  -1.825498e+00  -2.003028e+00  -2.251055e+00  -2.593575e+00  -3.058901e+00  -3.676485e+00  -4.469438e+00  -5.440612e+00  -6.552718e+00  -7.710534e+00  -8.765878e+00  -9.568939e+00  -1.005673e+01  -1.030071e+01  -1.044213e+01  -1.058759e+01  -1.078629e+01  -1.106706e+01  -1.146272e+01  -1.201596e+01  -1.278053e+01  -1.381991e+01  -1.520005e+01  -1.697260e+01  -1.914380e+01  -2.163057e+01  -2.421978e+01  -2.657493e+01  -2.834631e+01  -2.937291e+01
   32  -1.419448e+00  -1.419762e+00  -1.419898e+00  -1.420095e+00  -1.420376e+00  -1.420781e+00  -1.421362e+00  -1.422192e+00  -1.423395e+00  -1.425112e+00  -1.427581e+00  -1.431126e+00  -1.436208e+00  -1.443506e+00  -1.453978e+00  -1.468979e+00  -1.490476e+00  -1.521261e+00  -1.565251e+00  -1.628019e+00  -1.717313e+00  -1.843838e+00  -2.022101e+00  -2.271240e+00  -2.615465e+00  -3.083374e+00  -3.704943e+00  -4.503990e+00  -5.484310e+00  -6.609585e+00  -7.785065e+00  -8.861395e+00  -9.685251e+00  -1.018882e+01  -1.044120e+01  -1.058580e+01  -1.073290e+01  -1.093358e+01  -1.121719e+01  -1.161696e+01  -1.217617e+01  -1.294945e+01  -1.400152e+01  -1.540019e+01  -1.719951e+01  -1.940864e+01  -2.194700e+01  -2.460165e+01  -2.703097e+01  -2.887267e+01  -2.994985e+01
   33  -1.435119e+00  -1.435433e+00  -1.435571e+00  -1.435767e+00  -1.436050e+00  -1.436455e+00  -1.437038e+00  -1.437874e+00  -1.439075e+00  -1.440799e+00  -1.443274e+00  -1.446829e+00  -1.451923e+00  -1.459243e+00  -1.469742e+00  -1.484784e+00  -1.506345e+00  -1.537208e+00  -1.581329e+00  -1.644283e+00  -1.733846e+00  -1.860776e+00  -2.039652e+00  -2.289712e+00  -2.635359e+00  -3.105471e+00  -3.730480e+00  -4.534841e+00  -5.523253e+00  -6.660292e+00  -7.851714e+00  -8.947203e+00  -9.790238e+00  -1.030852e+01  -1.056876e+01  -1.071631e+01  -1.086485e+01  -1.106725e+01  -1.135333e+01  -1.175668e+01  -1.232111e+01  -1.310204e+01  -1.416533e+01  -1.558045e+01  -1.740369e+01  -1.964696e+01  -2.223218e+01  -2.494684e+01  -2.744481e+01  -2.935241e+01  -3.047782e+01
   34  -1.449772e+00  -1.450087e+00  -1.450225e+00  -1.450424e+00  -1.450705e+00  -1.451112e+00  -1.451695e+00  -1.452533e+00  -1.453735e+00  -1.455462e+00  -1.457944e+00  -1.461505e+00  -1.466617e+00  -1.473947e+00  -1.484462e+00  -1.499542e+00  -1.521149e+00  -1.552080e+00  -1.596304e+00  -1.659394e+00  -1.749176e+00  -1.876428e+00  -2.055794e+00  -2.306606e+00  -2.653425e+00  -3.125390e+00  -3.753316e+00  -4.562285e+00  -5.557756e+00  -6.705232e+00  -7.910938e+00  -9.023783e+00  -9.884362e+00  -1.041622e+01  -1.068378e+01  -1.083403e+01  -1.098382e+01  -1.118767e+01  -1.147585e+01  -1.188227e+01  -1.245119e+01  -1.323872e+01  -1.431176e+01  -1.574127e+01  -1.758559e+01  -1.985923e+01  -2.248645e+01  -2.525539e+01  -2.781611e+01  -2.978466e+01  -3.095536e+01
   35  -1.463485e+00  -1.463800e+00  -1.463938e+00  -1.464135e+00  -1.464419e+00  -1.464826e+00  -1.465410e+00  -1.466250e+00  -1.467455e+00  -1.469185e+00  -1.471665e+00  -1.475229e+00  -1.480352e+00  -1.487698e+00  -1.498236e+00  -1.513332e+00  -1.534967e+00  -1.565948e+00  -1.610244e+00  -1.673456e+00  -1.763392e+00  -1.890896e+00  -2.070634e+00  -2.322052e+00  -2.669809e+00  -3.143300e+00  -3.773688e+00  -4.586560e+00  -5.588155e+00  -6.744779e+00  -7.963180e+00  -9.091618e+00  -9.968103e+00  -1.051238e+01  -1.078666e+01  -1.093934e+01  -1.109019e+01  -1.129526e+01  -1.158520e+01  -1.199419e+01  -1.256687e+01  -1.335997e+01  -1.444131e+01  -1.588314e+01  -1.774572e+01  -2.004588e+01  -2.271016e+01  -2.552749e+01  -2.814470e+01  -3.016877e+01  -3.138127e+01
   36  -1.476329e+00  -1.476644e+00  -1.476782e+00  -1.476980e+00  -1.477263e+00  -1.477667e+00  -1.478256e+00  -1.479096e+00  -1.480303e+00  -1.482032e+00  -1.484515e+00  -1.488092e+00  -1.493215e+00  -1.500565e+00  -1.511110e+00  -1.526232e+00  -1.547883e+00  -1.578908e+00  -1.623246e+00  -1.686524e+00  -1.776588e+00  -1.904262e+00  -2.084285e+00  -2.336160e+00  -2.684657e+00  -3.159366e+00  -3.791757e+00  -4.607924e+00  -5.614741e+00  -6.779296e+00  -8.008848e+00  -9.151141e+00  -1.004192e+01  -1.059744e+01  -1.087782e+01  -1.103267e+01  -1.118440e+01  -1.139045e+01  -1.168180e+01  -1.209285e+01  -1.266859e+01  -1.346628e+01  -1.455444e+01  -1.600657e+01  -1.788461e+01  -2.020744e+01  -2.290379e+01  -2.576343e+01  -2.843057e+01  -3.050427e+01  -3.175468e+01
   37  -1.488373e+00  -1.488689e+00  -1.488833e+00  -1.489025e+00  -1.489309e+00  -1.489716e+00  -1.490302e+00  -1.491142e+00  -1.492349e+00  -1.494082e+00  -1.496569e+00  -1.500143e+00  -1.505267e+00  -1.512629e+00  -1.523182e+00  -1.538302e+00  -1.559975e+00  -1.591015e+00  -1.635380e+00  -1.698710e+00  -1.788840e+00  -1.916625e+00  -2.096854e+00  -2.349042e+00  -2.698095e+00  -3.173741e+00  -3.807727e+00  -4.626591e+00  -5.637781e+00  -6.809103e+00  -8.048336e+00  -9.202814e+00  -1.010627e+01  -1.067185e+01  -1.095768e+01  -1.111444e+01  -1.126686e+01  -1.147363e+01  -1.176608e+01  -1.217869e+01  -1.275681e+01  -1.355808e+01  -1.465170e+01  -1.611214e+01  -1.800279e+01  -2.034449e+01  -2.306787e+01  -2.596360e+01  -2.867394e+01  -3.079106e+01  -3.207503e+01
   38  -1.499684e+00  -1.500000e+00  -1.500137e+00  -1.500335e+00  -1.500619e+00  -1.501027e+00  -1.501612e+00  -1.502453e+00  -1.503659e+00  -1.505393e+00  -1.507887e+00  -1.511446e+00  -1.516578e+00  -1.523932e+00  -1.534489e+00  -1.549620e+00  -1.571300e+00  -1.602335e+00  -1.646722e+00  -1.710064e+00  -1.800225e+00  -1.928084e+00  -2.108406e+00  -2.360795e+00  -2.710223e+00  -3.186558e+00  -3.821771e+00  -4.642769e+00  -5.657546e+00  -6.834554e+00  -8.082043e+00  -9.247039e+00  -1.016160e+01  -1.073601e+01  -1.102667e+01  -1.118504e+01  -1.133797e+01  -1.154525e+01  -1.183844e+01  -1.225218e+01  -1.283202e+01  -1.363586e+01  -1.473357e+01  -1.620035e+01  -1.810087e+01  -2.045762e+01  -2.320296e+01  -2.612857e+01  -2.887513e+01  -3.102916e+01  -3.234203e+01
   39  -1.510321e+00  -1.510637e+00  -1.510774e+00  -1.510972e+00  -1.511256e+00  -1.511663e+00  -1.512249e+00  -1.513090e+00  -1.514296e+00  -1.516025e+00  -1.518524e+00  -1.522085e+00  -1.527206e+00  -1.534572e+00  -1.545120e+00  -1.560246e+00  -1.581915e+00  -1.612959e+00  -1.657329e+00  -1.720670e+00  -1.810834e+00  -1.938693e+00  -2.119058e+00  -2.371546e+00  -2.721177e+00  -3.197954e+00  -3.834051e+00  -4.656657e+00  -5.674261e+00  -6.855913e+00  -8.110277e+00  -9.284238e+00  -1.020833e+01  -1.079044e+01  -1.108522e+01  -1.124493e+01  -1.139818e+01  -1.160576e+01  -1.189937e+01  -1.231377e+01  -1.289463e+01  -1.370017e+01  -1.480054e+01  -1.627174e+01  -1.817944e+01  -2.054744e+01  -2.330974e+01  -2.625896e+01  -2.903469e+01  -3.121891e+01  -3.255575e+01
   40  -1.520341e+00  -1.520657e+00  -1.520795e+00  -1.520992e+00  -1.521276e+00  -1.521683e+00  -1.522268e+00  -1.523108e+00  -1.524315e+00  -1.526049e+00  -1.528537e+00  -1.532101e+00  -1.537219e+00  -1.544574e+00  -1.555116e+00  -1.570238e+00  -1.591900e+00  -1.622932e+00  -1.667277e+00  -1.730579e+00  -1.820714e+00  -1.948527e+00  -2.128868e+00  -2.381337e+00  -2.731038e+00  -3.208037e+00  -3.844677e+00  -4.668415e+00  -5.688144e+00  -6.873430e+00  -8.133394e+00  -9.314786e+00  -1.024690e+01  -1.083549e+01  -1.113376e+01  -1.129450e+01  -1.144790e+01  -1.165554e+01  -1.194928e+01  -1.236392e+01  -1.294517e+01  -1.375146e+01  -1.485322e+01  -1.632694e+01  -1.823909e+01  -2.061463e+01  -2.338892e+01  -2.635547e+01  -2.915328e+01  -3.136092e+01  -3.271656e+01
   41  -1.529798e+00  -1.530114e+00  -1.530251e+00  -1.530449e+00  -1.530732e+00  -1.531139e+00  -1.531724e+00  -1.532563e+00  -1.533763e+00  -1.535498e+00  -1.537980e+00  -1.541552e+00  -1.546668e+00  -1.554010e+00  -1.564542e+00  -1.579653e+00  -1.601296e+00  -1.632290e+00  -1.676612e+00  -1.739875e+00  -1.829936e+00  -1.957678e+00  -2.137906e+00  -2.390276e+00  -2.739909e+00  -3.216926e+00  -3.853798e+00  -4.678209e+00  -5.699400e+00  -6.887384e+00  -8.151706e+00  -9.339033e+00  -1.027770e+01  -1.087162e+01  -1.117269e+01  -1.133420e+01  -1.148756e+01  -1.169508e+01  -1.198864e+01  -1.240304e+01  -1.298408e+01  -1.379023e+01  -1.489207e+01  -1.636648e+01  -1.828044e+01  -2.065991e+01  -2.344128e+01  -2.641900e+01  -2.923181e+01  -3.145594e+01  -3.282522e+01
   42  -1.538741e+00  -1.539056e+00  -1.539193e+00  -1.539390e+00  -1.539674e+00  -1.540080e+00  -1.540664e+00  -1.541502e+00  -1.542706e+00  -1.544434e+00  -1.546912e+00  -1.550476e+00  -1.555587e+00  -1.562917e+00  -1.573449e+00  -1.588539e+00  -1.610153e+00  -1.641120e+00  -1.685382e+00  -1.748580e+00  -1.838545e+00  -1.966171e+00  -2.146239e+00  -2.398430e+00  -2.747861e+00  -3.224704e+00  -3.861525e+00  -4.686187e+00  -5.708203e+00  -6.897998e+00  -8.165472e+00  -9.357348e+00  -1.030113e+01  -1.089921e+01  -1.120247e+01  -1.136442e+01  -1.151759e+01  -1.172476e+01  -1.201785e+01  -1.243163e+01  -1.301184e+01  -1.381696e+01  -1.491767e+01  -1.639093e+01  -1.830418e+01  -2.068398e+01  -2.346761e+01  -2.645040e+01  -2.927122e+01  -3.150503e+01  -3.288260e+01
   43  -1.547215e+00  -1.547529e+00  -1.547666e+00  -1.547863e+00  -1.548146e+00  -1.548552e+00  -1.549133e+00  -1.549972e+00  -1.551176e+00  -1.552906e+00  -1.555374e+00  -1.558932e+00  -1.564040e+00  -1.571363e+00  -1.581873e+00  -1.596933e+00  -1.618529e+00  -1.649443e+00  -1.693661e+00  -1.756765e+00  -1.846625e+00  -1.974077e+00  -2.153942e+00  -2.405869e+00  -2.754965e+00  -3.231460e+00  -3.867967e+00  -4.692469e+00  -5.714731e+00  -6.905486e+00  -8.175003e+00  -9.370023e+00  -1.031753e+01  -1.091869e+01  -1.122345e+01  -1.138561e+01  -1.153842e+01  -1.174503e+01  -1.203737e+01  -1.245011e+01  -1.302891e+01  -1.383218e+01  -1.493050e+01  -1.640089e+01  -1.831096e+01  -2.068761e+01  -2.346883e+01  -2.645072e+01  -2.927273e+01  -3.150940e+01  -3.289003e+01
   44  -1.555261e+00  -1.555575e+00  -1.555712e+00  -1.555909e+00  -1.556191e+00  -1.556597e+00  -1.557180e+00  -1.558014e+00  -1.559214e+00  -1.560937e+00  -1.563410e+00  -1.566961e+00  -1.572057e+00  -1.579370e+00  -1.589853e+00  -1.604896e+00  -1.626457e+00  -1.657326e+00  -1.701465e+00  -1.764467e+00  -1.854187e+00  -1.981452e+00  -2.161056e+00  -2.412635e+00  -2.761309e+00  -3.237285e+00  -3.873223e+00  -4.697187e+00  -5.719128e+00  -6.910052e+00  -8.180511e+00  -9.377402e+00  -1.032727e+01  -1.093043e+01  -1.123607e+01  -1.139811e+01  -1.155042e+01  -1.175630e+01  -1.204761e+01  -1.245893e+01  -1.303576e+01  -1.383634e+01  -1.493112e+01  -1.639697e+01  -1.830141e+01  -2.067158e+01  -2.344585e+01  -2.642105e+01  -2.923755e+01  -3.147053e+01  -3.284903e+01
   45  -1.562920e+00  -1.563233e+00  -1.563370e+00  -1.563566e+00  -1.563848e+00  -1.564253e+00  -1.564833e+00  -1.565668e+00  -1.566865e+00  -1.568584e+00  -1.571055e+00  -1.574600e+00  -1.579682e+00  -1.586982e+00  -1.597451e+00  -1.612460e+00  -1.633986e+00  -1.664786e+00  -1.708843e+00  -1.771741e+00  -1.861294e+00  -1.988335e+00  -2.167640e+00  -2.418810e+00  -2.766943e+00  -3.242249e+00  -3.877373e+00  -4.700456e+00  -5.721542e+00  -6.911854e+00  -8.182249e+00  -9.379740e+00  -1.033070e+01  -1.093480e+01  -1.124071e+01  -1.140240e+01  -1.155402e+01  -1.175898e+01  -1.204903e+01  -1.245855e+01  -1.303286e+01  -1.382997e+01  -1.492005e+01  -1.637974e+01  -1.827622e+01  -2.063665e+01  -2.339959e+01  -2.636255e+01  -2.916711e+01  -3.139002e+01  -3.276144e+01
   46  -1.570226e+00  -1.570538e+00  -1.570675e+00  -1.570871e+00  -1.571152e+00  -1.571555e+00  -1.572135e+00  -1.572966e+00  -1.574163e+00  -1.575881e+00  -1.578342e+00  -1.581877e+00  -1.586959e+00  -1.594239e+00  -1.604682e+00  -1.619666e+00  -1.641135e+00  -1.671890e+00  -1.715851e+00  -1.778619e+00  -1.867985e+00  -1.994780e+00  -2.173734e+00  -2.424429e+00  -2.771935e+00  -3.246421e+00  -3.880516e+00  -4.702370e+00  -5.722097e+00  -6.911087e+00  -8.180417e+00  -9.377332e+00  -1.032814e+01  -1.093218e+01  -1.123775e+01  -1.139882e+01  -1.154963e+01  -1.175349e+01  -1.204200e+01  -1.244933e+01  -1.302061e+01  -1.381349e+01  -1.489783e+01  -1.634974e+01  -1.823613e+01  -2.058370e+01  -2.333111e+01  -2.627646e+01  -2.906290e+01  -3.126956e+01  -3.262913e+01
   47  -1.577211e+00  -1.577523e+00  -1.577659e+00  -1.577854e+00  -1.578135e+00  -1.578538e+00  -1.579116e+00  -1.579947e+00  -1.581138e+00  -1.582851e+00  -1.585309e+00  -1.588841e+00  -1.593904e+00  -1.601169e+00  -1.611588e+00  -1.626543e+00  -1.647962e+00  -1.678636e+00  -1.722507e+00  -1.785130e+00  -1.874297e+00  -2.000818e+00  -2.179376e+00  -2.429541e+00  -2.776322e+00  -3.249849e+00  -3.882706e+00  -4.703025e+00  -5.720914e+00  -6.907900e+00  -8.175237e+00  -9.370409e+00  -1.031989e+01  -1.092291e+01  -1.122758e+01  -1.138776e+01  -1.153761e+01  -1.174022e+01  -1.202693e+01  -1.243175e+01  -1.299949e+01  -1.378744e+01  -1.486497e+01  -1.630763e+01  -1.818174e+01  -2.051349e+01  -2.324135e+01  -2.616406e+01  -2.892651e+01  -3.111122e+01  -3.245436e+01
   48  -1.583907e+00  -1.584218e+00  -1.584354e+00  -1.584549e+00  -1.584828e+00  -1.585230e+00  -1.585807e+00  -1.586636e+00  -1.587825e+00  -1.589537e+00  -1.591984e+00  -1.595504e+00  -1.600552e+00  -1.607806e+00  -1.618205e+00  -1.633114e+00  -1.654482e+00  -1.685085e+00  -1.728832e+00  -1.791314e+00  -1.880267e+00  -2.006476e+00  -2.184620e+00  -2.434179e+00  -2.780158e+00  -3.252600e+00  -3.884025e+00  -4.702494e+00  -5.718105e+00  -6.902417e+00  -8.166877e+00  -9.359268e+00  -1.030626e+01  -1.090732e+01  -1.121054e+01  -1.136961e+01  -1.151836e+01  -1.171954e+01  -1.200425e+01  -1.240622e+01  -1.296995e+01  -1.375229e+01  -1.482198e+01  -1.625398e+01  -1.811380e+01  -2.042691e+01  -2.313142e+01  -2.602663e+01  -2.875958e+01  -3.091687e+01  -3.223940e+01
   49  -1.590339e+00  -1.590650e+00  -1.590785e+00  -1.590980e+00  -1.591259e+00  -1.591660e+00  -1.592235e+00  -1.593061e+00  -1.594247e+00  -1.595950e+00  -1.598393e+00  -1.601909e+00  -1.606940e+00  -1.614177e+00  -1.624545e+00  -1.639409e+00  -1.660732e+00  -1.691247e+00  -1.734896e+00  -1.797195e+00  -1.885924e+00  -2.011796e+00  -2.189467e+00  -2.438404e+00  -2.783488e+00  -3.254717e+00  -3.884513e+00  -4.700867e+00  -5.713767e+00  -6.894801e+00  -8.155548e+00  -9.344082e+00  -1.028754e+01  -1.088576e+01  -1.118702e+01  -1.134472e+01  -1.149225e+01  -1.169186e+01  -1.197434e+01  -1.237315e+01  -1.293240e+01  -1.370845e+01  -1.476942e+01  -1.618940e+01  -1.803298e+01  -2.032481e+01  -2.300240e+01  -2.586558e+01  -2.856388e+01  -3.068871e+01  -3.198678e+01
   50  -1.596534e+00  -1.596844e+00  -1.596979e+00  -1.597172e+00  -1.597451e+00  -1.597850e+00  -1.598424e+00  -1.599248e+00  -1.600431e+00  -1.602129e+00  -1.604568e+00  -1.608063e+00  -1.613086e+00  -1.620307e+00  -1.630641e+00  -1.645470e+00  -1.666725e+00  -1.697162e+00  -1.740683e+00  -1.802810e+00  -1.891292e+00  -2.016811e+00  -2.193992e+00  -2.442229e+00  -2.786345e+00  -3.256248e+00  -3.884265e+00  -4.698215e+00  -5.708005e+00  -6.885158e+00  -8.141406e+00  -9.325094e+00  -1.026399e+01  -1.085853e+01  -1.115732e+01  -1.131348e+01  -1.145964e+01  -1.165755e+01  -1.193758e+01  -1.233291e+01  -1.288728e+01  -1.365641e+01  -1.470775e+01  -1.611444e+01  -1.793998e+01  -2.020798e+01  -2.285533e+01  -2.568227e+01  -2.834114e+01  -3.042892e+01  -3.169904e+01
   51  -1.602514e+00  -1.602823e+00  -1.602957e+00  -1.603150e+00  -1.603428e+00  -1.603826e+00  -1.604398e+00  -1.605219e+00  -1.606399e+00  -1.608091e+00  -1.610523e+00  -1.614020e+00  -1.619020e+00  -1.626212e+00  -1.636521e+00  -1.651305e+00  -1.672491e+00  -1.702836e+00  -1.746227e+00  -1.808182e+00  -1.896392e+00  -2.021542e+00  -2.198204e+00  -2.445691e+00  -2.788783e+00  -3.257248e+00  -3.883288e+00  -4.694580e+00  -5.700876e+00  -6.873621e+00  -8.124579e+00  -9.302517e+00  -1.023587e+01  -1.082596e+01  -1.112181e+01  -1.127620e+01  -1.142092e+01  -1.161695e+01  -1.189435e+01  -1.228595e+01  -1.283497e+01  -1.359665e+01  -1.463748e+01  -1.602968e+01  -1.783555e+01  -2.007738e+01  -2.269131e+01  -2.547813e+01  -2.809322e+01  -3.013971e+01  -3.137872e+01
   52  -1.608299e+00  -1.608607e+00  -1.608741e+00  -1.608934e+00  -1.609210e+00  -1.609608e+00  -1.610178e+00  -1.610997e+00  -1.612173e+00  -1.613860e+00  -1.616289e+00  -1.619767e+00  -1.624757e+00  -1.631921e+00  -1.642204e+00  -1.656939e+00  -1.678058e+00  -1.708307e+00  -1.751573e+00  -1.813324e+00  -1.901254e+00  -2.026019e+00  -2.202111e+00  -2.448819e+00  -2.790798e+00  -3.257727e+00  -3.881644e+00  -4.690048e+00  -5.692498e+00  -6.860289e+00  -8.105240e+00  -9.276533e+00  -1.020345e+01  -1.078831e+01  -1.108081e+01  -1.123327e+01  -1.137639e+01  -1.157044e+01  -1.184502e+01  -1.223261e+01  -1.277594e+01  -1.352958e+01  -1.455915e+01  -1.593571e+01  -1.772026e+01  -1.993378e+01  -2.251144e+01  -2.525459e+01  -2.782188e+01  -2.982342e+01  -3.102861e+01
   53  -1.613910e+00  -1.614216e+00  -1.614350e+00  -1.614542e+00  -1.614818e+00  -1.615215e+00  -1.615782e+00  -1.616598e+00  -1.617770e+00  -1.619452e+00  -1.621875e+00  -1.625336e+00  -1.630318e+00  -1.637452e+00  -1.647697e+00  -1.662394e+00  -1.683443e+00  -1.713596e+00  -1.756707e+00  -1.818265e+00  -1.905900e+00  -2.030252e+00  -2.205766e+00  -2.451639e+00  -2.792451e+00  -3.257756e+00  -3.879398e+00  -4.684668e+00  -5.682910e+00  -6.845251e+00  -8.083520e+00  -9.247346e+00  -1.016694e+01  -1.074590e+01  -1.103462e+01  -1.118494e+01  -1.132641e+01  -1.151834e+01  -1.178995e+01  -1.217327e+01  -1.271055e+01  -1.345564e+01  -1.447322e+01  -1.583312e+01  -1.759490e+01  -1.977805e+01  -2.231681e+01  -2.501307e+01  -2.752903e+01  -2.948229e+01  -3.065133e+01
   54  -1.619362e+00  -1.619667e+00  -1.619801e+00  -1.619993e+00  -1.620269e+00  -1.620661e+00  -1.621225e+00  -1.622041e+00  -1.623209e+00  -1.624885e+00  -1.627297e+00  -1.630748e+00  -1.635711e+00  -1.642825e+00  -1.653034e+00  -1.667674e+00  -1.688660e+00  -1.718705e+00  -1.761674e+00  -1.823012e+00  -1.910352e+00  -2.034276e+00  -2.209170e+00  -2.454183e+00  -2.793766e+00  -3.257329e+00  -3.876550e+00  -4.678485e+00  -5.672205e+00  -6.828617e+00  -8.059573e+00  -9.215111e+00  -1.012657e+01  -1.069900e+01  -1.098357e+01  -1.113162e+01  -1.127132e+01  -1.146104e+01  -1.172946e+01  -1.210831e+01  -1.263919e+01  -1.337525e+01  -1.438015e+01  -1.572243e+01  -1.746011e+01  -1.961109e+01  -2.210856e+01  -2.475492e+01  -2.721644e+01  -2.911859e+01  -3.024958e+01
   55  -1.624671e+00  -1.624976e+00  -1.625109e+00  -1.625300e+00  -1.625573e+00  -1.625966e+00  -1.626531e+00  -1.627341e+00  -1.628505e+00  -1.630176e+00  -1.632584e+00  -1.636022e+00  -1.640958e+00  -1.648054e+00  -1.658223e+00  -1.672825e+00  -1.693725e+00  -1.723658e+00  -1.766478e+00  -1.827604e+00  -1.914624e+00  -2.038100e+00  -2.212359e+00  -2.456457e+00  -2.794755e+00  -3.256502e+00  -3.873165e+00  -4.671549e+00  -5.660430e+00  -6.810464e+00  -8.033485e+00  -9.180038e+00  -1.008260e+01  -1.064784e+01  -1.092794e+01  -1.107356e+01  -1.121142e+01  -1.139879e+01  -1.166394e+01  -1.203807e+01  -1.256228e+01  -1.328886e+01  -1.428043e+01  -1.560421e+01  -1.731652e+01  -1.943366e+01  -2.188765e+01  -2.448166e+01  -2.688596e+01  -2.873460e+01  -2.982596e+01
   56  -1.629853e+00  -1.630156e+00  -1.630289e+00  -1.630479e+00  -1.630752e+00  -1.631143e+00  -1.631706e+00  -1.632512e+00  -1.633673e+00  -1.635336e+00  -1.637728e+00  -1.641156e+00  -1.646084e+00  -1.653145e+00  -1.663285e+00  -1.677821e+00  -1.698653e+00  -1.728482e+00  -1.771140e+00  -1.832030e+00  -1.918733e+00  -2.041743e+00  -2.215336e+00  -2.458488e+00  -2.795438e+00  -3.255287e+00  -3.869272e+00  -4.663910e+00  -5.647659e+00  -6.790890e+00  -8.005409e+00  -9.142239e+00  -1.003520e+01  -1.059275e+01  -1.086802e+01  -1.101112e+01  -1.114703e+01  -1.133200e+01  -1.159370e+01  -1.196293e+01  -1.248015e+01  -1.319685e+01  -1.417452e+01  -1.547899e+01  -1.716485e+01  -1.924661e+01  -2.165521e+01  -2.419460e+01  -2.653935e+01  -2.833252e+01  -2.938307e+01
   57  -1.634919e+00  -1.635221e+00  -1.635353e+00  -1.635543e+00  -1.635814e+00  -1.636209e+00  -1.636765e+00  -1.637568e+00  -1.638724e+00  -1.640385e+00  -1.642766e+00  -1.646181e+00  -1.651090e+00  -1.658127e+00  -1.668224e+00  -1.682700e+00  -1.703461e+00  -1.733177e+00  -1.775662e+00  -1.836327e+00  -1.922696e+00  -2.045220e+00  -2.218128e+00  -2.460302e+00  -2.795856e+00  -3.253722e+00  -3.864892e+00  -4.655600e+00  -5.633934e+00  -6.769960e+00  -7.975421e+00  -9.101908e+00  -9.984612e+00  -1.053392e+01  -1.080412e+01  -1.094453e+01  -1.107846e+01  -1.126090e+01  -1.151905e+01  -1.188316e+01  -1.239319e+01  -1.309961e+01  -1.406292e+01  -1.534731e+01  -1.700566e+01  -1.905078e+01  -2.141232e+01  -2.389507e+01  -2.617835e+01  -2.791451e+01  -2.892338e+01
   58  -1.639882e+00  -1.640183e+00  -1.640314e+00  -1.640503e+00  -1.640773e+00  -1.641162e+00  -1.641720e+00  -1.642521e+00  -1.643667e+00  -1.645324e+00  -1.647695e+00  -1.651101e+00  -1.655979e+00  -1.662994e+00  -1.673068e+00  -1.687489e+00  -1.708157e+00  -1.737741e+00  -1.780077e+00  -1.840494e+00  -1.926521e+00  -2.048549e+00  -2.220737e+00  -2.461901e+00  -2.796020e+00  -3.251814e+00  -3.860061e+00  -4.646650e+00  -5.619324e+00  -6.747757e+00  -7.943656e+00  -9.059146e+00  -9.930990e+00  -1.047160e+01  -1.073648e+01  -1.087411e+01  -1.100600e+01  -1.118584e+01  -1.144032e+01  -1.179918e+01  -1.230171e+01  -1.299755e+01  -1.394599e+01  -1.520966e+01  -1.683965e+01  -1.884691e+01  -2.115993e+01  -2.358443e+01  -2.580467e+01  -2.748267e+01  -2.844938e+01
   59  -1.644751e+00  -1.645051e+00  -1.645182e+00  -1.645369e+00  -1.645639e+00  -1.646026e+00  -1.646582e+00  -1.647380e+00  -1.648526e+00  -1.650171e+00  -1.652533e+00  -1.655920e+00  -1.660786e+00  -1.667772e+00  -1.677794e+00  -1.692153e+00  -1.712740e+00  -1.742226e+00  -1.784369e+00  -1.844549e+00  -1.930199e+00  -2.051723e+00  -2.223197e+00  -2.463321e+00  -2.795935e+00  -3.249587e+00  -3.854819e+00  -4.637120e+00  -5.603856e+00  -6.724347e+00  -7.910196e+00  -9.014162e+00  -9.874565e+00  -1.040606e+01  -1.066535e+01  -1.080016e+01  -1.092992e+01  -1.110712e+01  -1.135775e+01  -1.171125e+01  -1.220608e+01  -1.289105e+01  -1.382415e+01  -1.506656e+01  -1.666741e+01  -1.863575e+01  -2.089905e+01  -2.326397e+01  -2.541995e+01  -2.703905e+01  -2.796340e+01
   60  -1.649537e+00  -1.649835e+00  -1.649966e+00  -1.650152e+00  -1.650421e+00  -1.650806e+00  -1.651360e+00  -1.652155e+00  -1.653296e+00  -1.654934e+00  -1.657284e+00  -1.660665e+00  -1.665510e+00  -1.672462e+00  -1.682441e+00  -1.696744e+00  -1.717247e+00  -1.746600e+00  -1.788577e+00  -1.848495e+00  -1.933798e+00  -2.054791e+00  -2.225512e+00  -2.464546e+00  -2.795619e+00  -3.247079e+00  -3.849152e+00  -4.627017e+00  -5.587595e+00  -6.699783e+00  -7.875134e+00  -8.967017e+00  -9.815473e+00  -1.033744e+01  -1.059102e+01  -1.072290e+01  -1.085053e+01  -1.102495e+01  -1.127174e+01  -1.161968e+01  -1.210667e+01  -1.278047e+01  -1.369791e+01  -1.491851e+01  -1.648952e+01  -1.841811e+01  -2.063062e+01  -2.293489e+01  -2.502578e+01  -2.658549e+01  -2.746756e+01
   61  -1.654247e+00  -1.654545e+00  -1.654675e+00  -1.654861e+00  -1.655128e+00  -1.655512e+00  -1.656063e+00  -1.656854e+00  -1.657989e+00  -1.659622e+00  -1.661965e+00  -1.665326e+00  -1.670144e+00  -1.677082e+00  -1.687017e+00  -1.701247e+00  -1.721669e+00  -1.750898e+00  -1.792693e+00  -1.852344e+00  -1.937274e+00  -2.057732e+00  -2.227692e+00  -2.465614e+00  -2.795092e+00  -3.244286e+00  -3.843118e+00  -4.616400e+00  -5.570562e+00  -6.674164e+00  -7.838597e+00  -8.917909e+00  -9.753925e+00  -1.026605e+01  -1.051369e+01  -1.064262e+01  -1.076805e+01  -1.093970e+01  -1.118249e+01  -1.152478e+01  -1.200373e+01  -1.266617e+01  -1.356760e+01  -1.476594e+01  -1.630659e+01  -1.819473e+01  -2.035564e+01  -2.259848e+01  -2.462363e+01  -2.612390e+01  -2.696400e+01
   62  -1.658891e+00  -1.659187e+00  -1.659316e+00  -1.659501e+00  -1.659767e+00  -1.660150e+00  -1.660698e+00  -1.661489e+00  -1.662618e+00  -1.664244e+00  -1.666576e+00  -1.669923e+00  -1.674728e+00  -1.681614e+00  -1.691521e+00  -1.705689e+00  -1.726021e+00  -1.755121e+00  -1.796725e+00  -1.856114e+00  -1.940662e+00  -2.060571e+00  -2.229723e+00  -2.466516e+00  -2.794385e+00  -3.241232e+00  -3.836732e+00  -4.605261e+00  -5.552828e+00  -6.647517e+00  -7.800631e+00  -8.866914e+00  -9.690081e+00  -1.019205e+01  -1.043367e+01  -1.055953e+01  -1.068272e+01  -1.085156e+01  -1.109033e+01  -1.142682e+01  -1.189762e+01  -1.254846e+01  -1.343367e+01  -1.460936e+01  -1.611913e+01  -1.796618e+01  -2.007491e+01  -2.225575e+01  -2.421501e+01  -2.565596e+01  -2.645468e+01
   63  -1.663474e+00  -1.663768e+00  -1.663897e+00  -1.664082e+00  -1.664346e+00  -1.664727e+00  -1.665271e+00  -1.666058e+00  -1.667184e+00  -1.668802e+00  -1.671122e+00  -1.674457e+00  -1.679240e+00  -1.686105e+00  -1.695943e+00  -1.710069e+00  -1.730290e+00  -1.759258e+00  -1.800684e+00  -1.859788e+00  -1.943957e+00  -2.063296e+00  -2.231662e+00  -2.467289e+00  -2.793499e+00  -3.237931e+00  -3.829998e+00  -4.593656e+00  -5.534406e+00  -6.619909e+00  -7.761336e+00  -8.814176e+00  -9.624091e+00  -1.011565e+01  -1.035109e+01  -1.047392e+01  -1.059485e+01  -1.076080e+01  -1.099544e+01  -1.132613e+01  -1.178858e+01  -1.242771e+01  -1.329638e+01  -1.444919e+01  -1.592769e+01  -1.773327e+01  -1.978928e+01  -2.190791e+01  -2.380121e+01  -2.518335e+01  -2.594145e+01
   64  -1.668003e+00  -1.668296e+00  -1.668424e+00  -1.668608e+00  -1.668871e+00  -1.669250e+00  -1.669794e+00  -1.670575e+00  -1.671696e+00  -1.673307e+00  -1.675605e+00  -1.678937e+00  -1.683692e+00  -1.690525e+00  -1.700330e+00  -1.714370e+00  -1.734517e+00  -1.763345e+00  -1.804570e+00  -1.863413e+00  -1.947164e+00  -2.065945e+00  -2.233473e+00  -2.467930e+00  -2.792406e+00  -3.234403e+00  -3.822944e+00  -4.581609e+00  -5.515373e+00  -6.591394e+00  -7.720792e+00  -8.759799e+00  -9.556142e+00  -1.003704e+01  -1.026624e+01  -1.038599e+01  -1.050464e+01  -1.066768e+01  -1.089815e+01  -1.122294e+01  -1.167697e+01  -1.230421e+01  -1.315620e+01  -1.428583e+01  -1.573274e+01  -1.749656e+01  -1.949965e+01  -2.155596e+01  -2.338360e+01  -2.470757e+01  -2.542595e+01
   65  -1.672483e+00  -1.672775e+00  -1.672903e+00  -1.673085e+00  -1.673348e+00  -1.673726e+00  -1.674266e+00  -1.675041e+00  -1.676159e+00  -1.677756e+00  -1.680061e+00  -1.683369e+00  -1.688100e+00  -1.694896e+00  -1.704653e+00  -1.718636e+00  -1.738693e+00  -1.767371e+00  -1.808403e+00  -1.866956e+00  -1.950316e+00  -2.068504e+00  -2.235189e+00  -2.468432e+00  -2.791170e+00  -3.230668e+00  -3.815604e+00  -4.569132e+00  -5.495708e+00  -6.562044e+00  -7.679090e+00  -8.703904e+00  -9.486356e+00  -9.956421e+00  -1.017928e+01  -1.029594e+01  -1.041231e+01  -1.057237e+01  -1.079867e+01  -1.111747e+01  -1.156304e+01  -1.217828e+01  -1.301341e+01  -1.411974e+01  -1.553487e+01  -1.725666e+01  -1.920676e+01  -2.120081e+01  -2.296335e+01  -2.423011e+01  -2.490979e+01
   66  -1.676920e+00  -1.677211e+00  -1.677338e+00  -1.677520e+00  -1.677781e+00  -1.678156e+00  -1.678695e+00  -1.679468e+00  -1.680578e+00  -1.682169e+00  -1.684461e+00  -1.687747e+00  -1.692473e+00  -1.699227e+00  -1.708944e+00  -1.722856e+00  -1.742809e+00  -1.771354e+00  -1.812179e+00  -1.870445e+00  -1.953383e+00  -2.070988e+00  -2.236819e+00  -2.468829e+00  -2.789780e+00  -3.226702e+00  -3.807954e+00  -4.556254e+00  -5.475475e+00  -6.531872e+00  -7.636279e+00  -8.646610e+00  -9.414869e+00  -9.873954e+00  -1.009047e+01  -1.020402e+01  -1.031807e+01  -1.047518e+01  -1.069725e+01  -1.101006e+01  -1.144704e+01  -1.205017e+01  -1.286841e+01  -1.395125e+01  -1.533450e+01  -1.701418e+01  -1.891131e+01  -2.084347e+01  -2.254157e+01  -2.375220e+01  -2.439441e+01
   67  -1.681319e+00  -1.681610e+00  -1.681734e+00  -1.681915e+00  -1.682175e+00  -1.682548e+00  -1.683084e+00  -1.683854e+00  -1.684959e+00  -1.686542e+00  -1.688821e+00  -1.692091e+00  -1.696777e+00  -1.703519e+00  -1.713175e+00  -1.727024e+00  -1.746883e+00  -1.775285e+00  -1.815905e+00  -1.873878e+00  -1.956400e+00  -2.073408e+00  -2.238361e+00  -2.469110e+00  -2.788253e+00  -3.222577e+00  -3.800072e+00  -4.543001e+00  -5.454709e+00  -6.500949e+00  -7.592452e+00  -8.587983e+00  -9.341855e+00  -9.789813e+00  -9.999940e+00  -1.011041e+01  -1.022215e+01  -1.037627e+01  -1.059408e+01  -1.090083e+01  -1.132924e+01  -1.192025e+01  -1.272143e+01  -1.378074e+01  -1.513202e+01  -1.676972e+01  -1.861403e+01  -2.048474e+01  -2.211934e+01  -2.327506e+01  -2.388104e+01
   68  -1.685682e+00  -1.685970e+00  -1.686095e+00  -1.686275e+00  -1.686534e+00  -1.686905e+00  -1.687439e+00  -1.688204e+00  -1.689304e+00  -1.690882e+00  -1.693143e+00  -1.696400e+00  -1.701067e+00  -1.707783e+00  -1.717374e+00  -1.731159e+00  -1.750906e+00  -1.779180e+00  -1.819590e+00  -1.877276e+00  -1.959360e+00  -2.075741e+00  -2.239800e+00  -2.469287e+00  -2.786588e+00  -3.218235e+00  -3.791909e+00  -4.529383e+00  -5.433438e+00  -6.469311e+00  -7.547659e+00  -8.528154e+00  -9.267410e+00  -9.704180e+00  -9.907919e+00  -1.001530e+01  -1.012475e+01  -1.027586e+01  -1.048941e+01  -1.079008e+01  -1.120985e+01  -1.178867e+01  -1.257285e+01  -1.360859e+01  -1.492798e+01  -1.652368e+01  -1.831554e+01  -2.012549e+01  -2.169763e+01  -2.279983e+01  -2.337094e+01
   69  -1.690014e+00  -1.690300e+00  -1.690428e+00  -1.690604e+00  -1.690862e+00  -1.691231e+00  -1.691762e+00  -1.692524e+00  -1.693617e+00  -1.695188e+00  -1.697444e+00  -1.700675e+00  -1.705325e+00  -1.711985e+00  -1.721554e+00  -1.735254e+00  -1.754900e+00  -1.783029e+00  -1.823244e+00  -1.880615e+00  -1.962274e+00  -2.078021e+00  -2.241192e+00  -2.469373e+00  -2.784799e+00  -3.213739e+00  -3.783524e+00  -4.515421e+00  -5.411680e+00  -6.437023e+00  -7.501981e+00  -8.467220e+00  -9.191691e+00  -9.617215e+00  -9.814553e+00  -9.918913e+00  -1.002603e+01  -1.017413e+01  -1.038341e+01  -1.067801e+01  -1.108916e+01  -1.165577e+01  -1.242288e+01  -1.343511e+01  -1.472265e+01  -1.627663e+01  -1.801653e+01  -1.976645e+01  -2.127730e+01  -2.232752e+01  -2.286510e+01
   70  -1.694318e+00  -1.694603e+00  -1.694727e+00  -1.694905e+00  -1.695161e+00  -1.695528e+00  -1.696056e+00  -1.696814e+00  -1.697902e+00  -1.699461e+00  -1.701708e+00  -1.704919e+00  -1.709552e+00  -1.716172e+00  -1.725701e+00  -1.739327e+00  -1.758871e+00  -1.786843e+00  -1.826842e+00  -1.883922e+00  -1.965124e+00  -2.080247e+00  -2.242506e+00  -2.469354e+00  -2.782881e+00  -3.209082e+00  -3.774914e+00  -4.501154e+00  -5.389491e+00  -6.404096e+00  -7.455484e+00  -8.405240e+00  -9.114810e+00  -9.529032e+00  -9.720064e+00  -9.821368e+00  -9.926203e+00  -1.007131e+01  -1.027629e+01  -1.056482e+01  -1.096731e+01  -1.152180e+01  -1.227190e+01  -1.326066e+01  -1.451651e+01  -1.602911e+01  -1.771743e+01  -1.940830e+01  -2.085919e+01  -2.185900e+01  -2.236457e+01
   71  -1.698596e+00  -1.698880e+00  -1.698999e+00  -1.699180e+00  -1.699435e+00  -1.699801e+00  -1.700323e+00  -1.701081e+00  -1.702160e+00  -1.703717e+00  -1.705943e+00  -1.709150e+00  -1.713748e+00  -1.720343e+00  -1.729812e+00  -1.743371e+00  -1.762811e+00  -1.790629e+00  -1.830406e+00  -1.887181e+00  -1.967947e+00  -2.082423e+00  -2.243752e+00  -2.469259e+00  -2.780863e+00  -3.204273e+00  -3.766069e+00  -4.486587e+00  -5.366862e+00  -6.370591e+00  -7.408201e+00  -8.342341e+00  -9.036894e+00  -9.439826e+00  -9.624534e+00  -9.722880e+00  -9.825427e+00  -9.967497e+00  -1.016824e+01  -1.045068e+01  -1.084456e+01  -1.138693e+01  -1.212008e+01  -1.308549e+01  -1.430990e+01  -1.578137e+01  -1.741889e+01  -1.905170e+01  -2.044405e+01  -2.139512e+01  -2.187009e+01
   72  -1.702852e+00  -1.703134e+00  -1.703257e+00  -1.703433e+00  -1.703686e+00  -1.704050e+00  -1.704572e+00  -1.705322e+00  -1.706404e+00  -1.707948e+00  -1.710160e+00  -1.713349e+00  -1.717918e+00  -1.724488e+00  -1.733890e+00  -1.747375e+00  -1.766717e+00  -1.794384e+00  -1.833952e+00  -1.890402e+00  -1.970719e+00  -2.084534e+00  -2.244926e+00  -2.469101e+00  -2.778732e+00  -3.199307e+00  -3.757032e+00  -4.471719e+00  -5.343848e+00  -6.336549e+00  -7.360233e+00  -8.278578e+00  -8.958060e+00  -9.349696e+00  -9.528188e+00  -9.623605e+00  -9.723849e+00  -9.862945e+00  -1.005943e+01  -1.033581e+01  -1.072112e+01  -1.125137e+01  -1.196771e+01  -1.290990e+01  -1.410310e+01  -1.553396e+01  -1.712137e+01  -1.869720e+01  -2.003257e+01  -2.093658e+01  -2.138245e+01
   73  -1.707087e+00  -1.707367e+00  -1.707489e+00  -1.707665e+00  -1.707922e+00  -1.708279e+00  -1.708798e+00  -1.709544e+00  -1.710614e+00  -1.712151e+00  -1.714358e+00  -1.717518e+00  -1.722071e+00  -1.728592e+00  -1.737961e+00  -1.751361e+00  -1.770590e+00  -1.798115e+00  -1.837463e+00  -1.893600e+00  -1.973437e+00  -2.086606e+00  -2.246054e+00  -2.468838e+00  -2.776501e+00  -3.194213e+00  -3.747819e+00  -4.456599e+00  -5.320453e+00  -6.302002e+00  -7.311597e+00  -8.214053e+00  -8.878417e+00  -9.258802e+00  -9.431152e+00  -9.523649e+00  -9.621658e+00  -9.757755e+00  -9.950009e+00  -1.022038e+01  -1.059715e+01  -1.111543e+01  -1.181497e+01  -1.273418e+01  -1.389644e+01  -1.528723e+01  -1.682533e+01  -1.834536e+01  -1.962530e+01  -2.048404e+01  -2.090219e+01
   74  -1.711303e+00  -1.711582e+00  -1.711704e+00  -1.711878e+00  -1.712129e+00  -1.712488e+00  -1.713002e+00  -1.713746e+00  -1.714811e+00  -1.716340e+00  -1.718534e+00  -1.721691e+00  -1.726206e+00  -1.732694e+00  -1.741995e+00  -1.755342e+00  -1.774462e+00  -1.801830e+00  -1.840938e+00  -1.896750e+00  -1.976155e+00  -2.088647e+00  -2.247123e+00  -2.468524e+00  -2.774175e+00  -3.188997e+00  -3.738418e+00  -4.441227e+00  -5.296718e+00  -6.266982e+00  -7.262384e+00  -8.148842e+00  -8.798049e+00  -9.167268e+00  -9.333531e+00  -9.423214e+00  -9.518965e+00  -9.652122e+00  -9.840144e+00  -1.010448e+01  -1.047286e+01  -1.097915e+01  -1.166212e+01  -1.255858e+01  -1.369028e+01  -1.504152e+01  -1.653113e+01  -1.799669e+01  -1.922284e+01  -2.003804e+01  -2.042996e+01
   75  -1.715503e+00  -1.715780e+00  -1.715901e+00  -1.716074e+00  -1.716323e+00  -1.716681e+00  -1.717194e+00  -1.717936e+00  -1.718990e+00  -1.720513e+00  -1.722697e+00  -1.725822e+00  -1.730327e+00  -1.736778e+00  -1.746022e+00  -1.759290e+00  -1.778295e+00  -1.805504e+00  -1.844401e+00  -1.899876e+00  -1.978811e+00  -2.090644e+00  -2.248152e+00  -2.468138e+00  -2.771757e+00  -3.183648e+00  -3.728840e+00  -4.425620e+00  -5.272647e+00  -6.231526e+00  -7.212614e+00  -8.083023e+00  -8.717098e+00  -9.075216e+00  -9.235514e+00  -9.322400e+00  -9.415967e+00  -9.546168e+00  -9.730013e+00  -9.988444e+00  -1.034835e+01  -1.084287e+01  -1.150936e+01  -1.238326e+01  -1.348484e+01  -1.479713e+01  -1.623927e+01  -1.765162e+01  -1.882562e+01  -1.959905e+01  -1.996613e+01
   76  -1.719687e+00  -1.719962e+00  -1.720082e+00  -1.720255e+00  -1.720502e+00  -1.720858e+00  -1.721370e+00  -1.722102e+00  -1.723154e+00  -1.724663e+00  -1.726833e+00  -1.729949e+00  -1.734421e+00  -1.740829e+00  -1.750026e+00  -1.763218e+00  -1.782114e+00  -1.809159e+00  -1.847830e+00  -1.902979e+00  -1.981444e+00  -2.092596e+00  -2.249120e+00  -2.467705e+00  -2.769270e+00  -3.178196e+00  -3.719109e+00  -4.409783e+00  -5.248282e+00  -6.195675e+00  -7.162356e+00  -8.016657e+00  -8.635618e+00  -8.982747e+00  -9.137172e+00  -9.221333e+00  -9.312721e+00  -9.439989e+00  -9.619707e+00  -9.872249e+00  -1.022383e+01  -1.070665e+01  -1.135688e+01  -1.220852e+01  -1.328036e+01  -1.455435e+01  -1.594995e+01  -1.731051e+01  -1.843410e+01  -1.916751e+01  -1.951114e+01
   77  -1.723856e+00  -1.724130e+00  -1.724249e+00  -1.724423e+00  -1.724667e+00  -1.725020e+00  -1.725525e+00  -1.726254e+00  -1.727306e+00  -1.728806e+00  -1.730964e+00  -1.734057e+00  -1.738502e+00  -1.744883e+00  -1.754023e+00  -1.767134e+00  -1.785923e+00  -1.812814e+00  -1.851246e+00  -1.906068e+00  -1.984049e+00  -2.094517e+00  -2.250041e+00  -2.467197e+00  -2.766696e+00  -3.172628e+00  -3.709229e+00  -4.393750e+00  -5.223629e+00  -6.159456e+00  -7.111671e+00  -7.949828e+00  -8.553738e+00  -8.890006e+00  -9.038655e+00  -9.120168e+00  -9.209376e+00  -9.333784e+00  -9.509385e+00  -9.756080e+00  -1.009945e+01  -1.057069e+01  -1.120485e+01  -1.203453e+01  -1.307709e+01  -1.431352e+01  -1.566357e+01  -1.697370e+01  -1.804863e+01  -1.874381e+01  -1.906526e+01
   78  -1.728012e+00  -1.728284e+00  -1.728403e+00  -1.728574e+00  -1.728818e+00  -1.729170e+00  -1.729674e+00  -1.730399e+00  -1.731439e+00  -1.732933e+00  -1.735077e+00  -1.738157e+00  -1.742563e+00  -1.748909e+00  -1.757999e+00  -1.771042e+00  -1.789700e+00  -1.816430e+00  -1.854643e+00  -1.909138e+00  -1.986629e+00  -2.096392e+00  -2.250934e+00  -2.466632e+00  -2.764048e+00  -3.166946e+00  -3.699208e+00  -4.377514e+00  -5.198718e+00  -6.122921e+00  -7.060587e+00  -7.882592e+00  -8.471531e+00  -8.797050e+00  -8.940107e+00  -9.019013e+00  -9.106097e+00  -9.227644e+00  -9.399182e+00  -9.640123e+00  -9.975304e+00  -1.043517e+01  -1.105343e+01  -1.186148e+01  -1.287527e+01  -1.407485e+01  -1.538042e+01  -1.664156e+01  -1.766948e+01  -1.832816e+01  -1.862881e+01
   79  -1.732156e+00  -1.732427e+00  -1.732544e+00  -1.732714e+00  -1.732957e+00  -1.733307e+00  -1.733809e+00  -1.734528e+00  -1.735562e+00  -1.737047e+00  -1.739174e+00  -1.742236e+00  -1.746625e+00  -1.752927e+00  -1.761962e+00  -1.774917e+00  -1.793484e+00  -1.820043e+00  -1.858009e+00  -1.912169e+00  -1.989188e+00  -2.098247e+00  -2.251776e+00  -2.466020e+00  -2.761317e+00  -3.161178e+00  -3.689053e+00  -4.361096e+00  -5.173573e+00  -6.086068e+00  -7.009150e+00  -7.815043e+00  -8.389083e+00  -8.704010e+00  -8.841569e+00  -8.917942e+00  -9.002933e+00  -9.121650e+00  -9.289157e+00  -9.524429e+00  -9.851563e+00  -1.030009e+01  -1.090280e+01  -1.168956e+01  -1.267505e+01  -1.383852e+01  -1.510072e+01  -1.631431e+01  -1.729701e+01  -1.792086e+01  -1.820189e+01
   80  -1.736288e+00  -1.736557e+00  -1.736675e+00  -1.736843e+00  -1.737085e+00  -1.737432e+00  -1.737930e+00  -1.738646e+00  -1.739674e+00  -1.741148e+00  -1.743261e+00  -1.746304e+00  -1.750676e+00  -1.756938e+00  -1.765919e+00  -1.778790e+00  -1.797235e+00  -1.823639e+00  -1.861372e+00  -1.915188e+00  -1.991712e+00  -2.100065e+00  -2.252583e+00  -2.465362e+00  -2.758535e+00  -3.155325e+00  -3.678771e+00  -4.344514e+00  -5.148213e+00  -6.048947e+00  -6.957425e+00  -7.747206e+00  -8.306477e+00  -8.610976e+00  -8.743187e+00  -8.817070e+00  -8.900017e+00  -9.015932e+00  -9.179491e+00  -9.409147e+00  -9.728364e+00  -1.016576e+01  -1.075305e+01  -1.151891e+01  -1.247666e+01  -1.360478e+01  -1.482467e+01  -1.599216e+01  -1.693136e+01  -1.752204e+01  -1.778469e+01
   81  -1.740410e+00  -1.740677e+00  -1.740794e+00  -1.740961e+00  -1.741201e+00  -1.741546e+00  -1.742038e+00  -1.742753e+00  -1.743774e+00  -1.745244e+00  -1.747346e+00  -1.750369e+00  -1.754703e+00  -1.760924e+00  -1.769855e+00  -1.782642e+00  -1.800980e+00  -1.827217e+00  -1.864705e+00  -1.918180e+00  -1.994216e+00  -2.101866e+00  -2.253354e+00  -2.464648e+00  -2.755689e+00  -3.149380e+00  -3.668387e+00  -4.327782e+00  -5.122627e+00  -6.011573e+00  -6.905445e+00  -7.679151e+00  -8.223793e+00  -8.518041e+00  -8.645025e+00  -8.716540e+00  -8.797464e+00  -8.910592e+00  -9.070255e+00  -9.294373e+00  -9.605755e+00  -1.003223e+01  -1.060438e+01  -1.134965e+01  -1.228021e+01  -1.337385e+01  -1.455256e+01  -1.567541e+01  -1.657273e+01  -1.713189e+01  -1.737725e+01
   82  -1.744521e+00  -1.744786e+00  -1.744902e+00  -1.745068e+00  -1.745307e+00  -1.745649e+00  -1.746143e+00  -1.746849e+00  -1.747865e+00  -1.749322e+00  -1.751413e+00  -1.754414e+00  -1.758726e+00  -1.764907e+00  -1.773769e+00  -1.786491e+00  -1.804714e+00  -1.830782e+00  -1.868033e+00  -1.921160e+00  -1.996695e+00  -2.103639e+00  -2.254086e+00  -2.463893e+00  -2.752770e+00  -3.143355e+00  -3.657879e+00  -4.310902e+00  -5.096890e+00  -5.973987e+00  -6.853215e+00  -7.610958e+00  -8.141091e+00  -8.425268e+00  -8.547158e+00  -8.616371e+00  -8.695268e+00  -8.805707e+00  -8.961556e+00  -9.180184e+00  -9.483872e+00  -9.899592e+00  -1.045686e+01  -1.118197e+01  -1.208590e+01  -1.314579e+01  -1.428444e+01  -1.536412e+01  -1.622131e+01  -1.675046e+01  -1.697965e+01
   83  -1.748622e+00  -1.748886e+00  -1.749001e+00  -1.749166e+00  -1.749403e+00  -1.749744e+00  -1.750234e+00  -1.750934e+00  -1.751942e+00  -1.753392e+00  -1.755471e+00  -1.758455e+00  -1.762743e+00  -1.768880e+00  -1.777695e+00  -1.790329e+00  -1.808432e+00  -1.834323e+00  -1.871345e+00  -1.924119e+00  -1.999162e+00  -2.105374e+00  -2.254791e+00  -2.463095e+00  -2.749815e+00  -3.137257e+00  -3.647270e+00  -4.293881e+00  -5.070949e+00  -5.936204e+00  -6.800845e+00  -7.542651e+00  -8.058469e+00  -8.332780e+00  -8.449760e+00  -8.516687e+00  -8.593621e+00  -8.701395e+00  -8.853425e+00  -9.066681e+00  -9.362823e+00  -9.767933e+00  -1.031062e+01  -1.101594e+01  -1.189380e+01  -1.292080e+01  -1.402052e+01  -1.505849e+01  -1.587712e+01  -1.637783e+01  -1.659187e+01
   84  -1.752713e+00  -1.752975e+00  -1.753090e+00  -1.753253e+00  -1.753490e+00  -1.753829e+00  -1.754314e+00  -1.755012e+00  -1.756014e+00  -1.757453e+00  -1.759518e+00  -1.762485e+00  -1.766742e+00  -1.772842e+00  -1.781593e+00  -1.794144e+00  -1.812127e+00  -1.837860e+00  -1.874634e+00  -1.927066e+00  -2.001599e+00  -2.107094e+00  -2.255462e+00  -2.462260e+00  -2.746797e+00  -3.131091e+00  -3.636578e+00  -4.276758e+00  -5.044878e+00  -5.898273e+00  -6.748313e+00  -7.474317e+00  -7.975957e+00  -8.240609e+00  -8.352786e+00  -8.417526e+00  -8.492548e+00  -8.597708e+00  -8.745989e+00  -8.953985e+00  -9.242705e+00  -9.637399e+00  -1.016575e+01  -1.085168e+01  -1.170406e+01  -1.269902e+01  -1.376095e+01  -1.475862e+01  -1.554033e+01  -1.601402e+01  -1.621388e+01
   85  -1.756795e+00  -1.757056e+00  -1.757169e+00  -1.757332e+00  -1.757567e+00  -1.757903e+00  -1.758386e+00  -1.759079e+00  -1.760075e+00  -1.761503e+00  -1.763556e+00  -1.766496e+00  -1.770730e+00  -1.776798e+00  -1.785493e+00  -1.797960e+00  -1.815821e+00  -1.841382e+00  -1.877918e+00  -1.930001e+00  -2.004022e+00  -2.108787e+00  -2.256107e+00  -2.461388e+00  -2.743725e+00  -3.124859e+00  -3.625792e+00  -4.259509e+00  -5.018676e+00  -5.860185e+00  -6.695685e+00  -7.405975e+00  -7.893632e+00  -8.148824e+00  -8.256370e+00  -8.319018e+00  -8.392145e+00  -8.494719e+00  -8.639346e+00  -8.842137e+00  -9.123543e+00  -9.508079e+00  -1.002237e+01  -1.068931e+01  -1.151680e+01  -1.248050e+01  -1.350579e+01  -1.446458e+01  -1.521095e+01  -1.565903e+01  -1.584565e+01
   86  -1.760868e+00  -1.761127e+00  -1.761240e+00  -1.761402e+00  -1.761634e+00  -1.761968e+00  -1.762448e+00  -1.763137e+00  -1.764126e+00  -1.765546e+00  -1.767584e+00  -1.770511e+00  -1.774705e+00  -1.780735e+00  -1.789375e+00  -1.801760e+00  -1.819499e+00  -1.844900e+00  -1.881183e+00  -1.932906e+00  -2.006432e+00  -2.110454e+00  -2.256717e+00  -2.460475e+00  -2.740602e+00  -3.118566e+00  -3.614925e+00  -4.242156e+00  -4.992341e+00  -5.821993e+00  -6.642980e+00  -7.337702e+00  -7.811573e+00  -8.057534e+00  -8.160596e+00  -8.221162e+00  -8.292463e+00  -8.392491e+00  -8.533512e+00  -8.731205e+00  -9.005460e+00  -9.379955e+00  -9.880513e+00  -1.052890e+01  -1.133209e+01  -1.226540e+01  -1.325516e+01  -1.417645e+01  -1.488895e+01  -1.531282e+01  -1.548707e+01
   87  -1.764931e+00  -1.765189e+00  -1.765301e+00  -1.765462e+00  -1.765693e+00  -1.766025e+00  -1.766501e+00  -1.767183e+00  -1.768168e+00  -1.769578e+00  -1.771597e+00  -1.774509e+00  -1.778683e+00  -1.784666e+00  -1.793250e+00  -1.805555e+00  -1.823178e+00  -1.848400e+00  -1.884431e+00  -1.935810e+00  -2.008821e+00  -2.112108e+00  -2.257311e+00  -2.459525e+00  -2.737453e+00  -3.112215e+00  -3.603995e+00  -4.224720e+00  -4.965913e+00  -5.783701e+00  -6.590241e+00  -7.269515e+00  -7.729817e+00  -7.966767e+00  -8.065491e+00  -8.124094e+00  -8.193561e+00  -8.291106e+00  -8.428587e+00  -8.621298e+00  -8.888468e+00  -9.253219e+00  -9.740275e+00  -1.037051e+01  -1.115004e+01  -1.205376e+01  -1.300908e+01  -1.389428e+01  -1.457443e+01  -1.497531e+01  -1.513803e+01
   88  -1.768986e+00  -1.769241e+00  -1.769353e+00  -1.769512e+00  -1.769742e+00  -1.770072e+00  -1.770545e+00  -1.771226e+00  -1.772200e+00  -1.773598e+00  -1.775609e+00  -1.778497e+00  -1.782643e+00  -1.788586e+00  -1.797115e+00  -1.809327e+00  -1.826835e+00  -1.851887e+00  -1.887663e+00  -1.938692e+00  -2.011188e+00  -2.113738e+00  -2.257872e+00  -2.458554e+00  -2.734253e+00  -3.105803e+00  -3.592987e+00  -4.207204e+00  -4.939404e+00  -5.745343e+00  -6.537512e+00  -7.201477e+00  -7.648430e+00  -7.876565e+00  -7.971126e+00  -8.027795e+00  -8.095484e+00  -8.190584e+00  -8.324620e+00  -8.512431e+00  -8.772713e+00  -9.127856e+00  -9.601735e+00  -1.021427e+01  -1.097065e+01  -1.184567e+01  -1.276765e+01  -1.361809e+01  -1.426729e+01  -1.464648e+01  -1.479840e+01
   89  -1.773031e+00  -1.773285e+00  -1.773395e+00  -1.773554e+00  -1.773782e+00  -1.774110e+00  -1.774580e+00  -1.775254e+00  -1.776220e+00  -1.777616e+00  -1.779613e+00  -1.782477e+00  -1.786596e+00  -1.792503e+00  -1.800959e+00  -1.813103e+00  -1.830489e+00  -1.855362e+00  -1.890901e+00  -1.941559e+00  -2.013539e+00  -2.115352e+00  -2.258408e+00  -2.457543e+00  -2.731002e+00  -3.099343e+00  -3.581913e+00  -4.189612e+00  -4.912816e+00  -5.706939e+00  -6.484817e+00  -7.133620e+00  -7.567445e+00  -7.787014e+00  -7.877536e+00  -7.932331e+00  -7.998326e+00  -8.091029e+00  -8.221658e+00  -8.404664e+00  -8.658218e+00  -9.003966e+00  -9.464957e+00  -1.006017e+01  -1.079409e+01  -1.164115e+01  -1.253086e+01  -1.334785e+01  -1.396754e+01  -1.432619e+01  -1.446809e+01
   90  -1.777067e+00  -1.777319e+00  -1.777429e+00  -1.777587e+00  -1.777813e+00  -1.778138e+00  -1.778605e+00  -1.779275e+00  -1.780240e+00  -1.781620e+00  -1.783602e+00  -1.786459e+00  -1.790538e+00  -1.796400e+00  -1.804803e+00  -1.816864e+00  -1.834126e+00  -1.858827e+00  -1.894112e+00  -1.944415e+00  -2.015877e+00  -2.116940e+00  -2.258928e+00  -2.456510e+00  -2.727736e+00  -3.092842e+00  -3.570794e+00  -4.171951e+00  -4.886172e+00  -5.668508e+00  -6.432164e+00  -7.066000e+00  -7.486927e+00  -7.698157e+00  -7.784770e+00  -7.837817e+00  -7.902089e+00  -7.992449e+00  -8.119744e+00  -8.298055e+00  -8.544999e+00  -8.881547e+00  -9.329972e+00  -9.908342e+00  -1.062032e+01  -1.144026e+01  -1.229880e+01  -1.308358e+01  -1.367504e+01  -1.401432e+01  -1.414685e+01
   91  -1.781094e+00  -1.781344e+00  -1.781453e+00  -1.781610e+00  -1.781835e+00  -1.782158e+00  -1.782621e+00  -1.783287e+00  -1.784243e+00  -1.785615e+00  -1.787589e+00  -1.790411e+00  -1.794467e+00  -1.800287e+00  -1.808638e+00  -1.820612e+00  -1.837749e+00  -1.862280e+00  -1.897314e+00  -1.947261e+00  -2.018196e+00  -2.118513e+00  -2.259422e+00  -2.455444e+00  -2.724420e+00  -3.086300e+00  -3.559623e+00  -4.154244e+00  -4.859472e+00  -5.630058e+00  -6.379618e+00  -6.998630e+00  -7.406917e+00  -7.610037e+00  -7.692918e+00  -7.744216e+00  -7.806836e+00  -7.894911e+00  -8.018941e+00  -8.192637e+00  -8.433098e+00  -8.760682e+00  -9.196822e+00  -9.758715e+00  -1.044937e+01  -1.124302e+01  -1.207142e+01  -1.282527e+01  -1.338985e+01  -1.371080e+01  -1.383459e+01
   92  -1.785111e+00  -1.785360e+00  -1.785468e+00  -1.785624e+00  -1.785847e+00  -1.786167e+00  -1.786628e+00  -1.787289e+00  -1.788238e+00  -1.789600e+00  -1.791556e+00  -1.794364e+00  -1.798393e+00  -1.804173e+00  -1.812459e+00  -1.824349e+00  -1.841361e+00  -1.865717e+00  -1.900498e+00  -1.950076e+00  -2.020495e+00  -2.120056e+00  -2.259887e+00  -2.454357e+00  -2.721085e+00  -3.079736e+00  -3.548397e+00  -4.136490e+00  -4.832744e+00  -5.591635e+00  -6.327167e+00  -6.931563e+00  -7.327421e+00  -7.522669e+00  -7.601966e+00  -7.651587e+00  -7.712602e+00  -7.798393e+00  -7.919281e+00  -8.088466e+00  -8.322621e+00  -8.641433e+00  -9.065553e+00  -9.611397e+00  -1.028131e+01  -1.104947e+01  -1.184875e+01  -1.257287e+01  -1.311177e+01  -1.341542e+01  -1.353109e+01
   93  -1.789119e+00  -1.789366e+00  -1.789473e+00  -1.789628e+00  -1.789849e+00  -1.790168e+00  -1.790625e+00  -1.791281e+00  -1.792223e+00  -1.793576e+00  -1.795522e+00  -1.798303e+00  -1.802316e+00  -1.808048e+00  -1.816290e+00  -1.828060e+00  -1.844961e+00  -1.869149e+00  -1.903698e+00  -1.952886e+00  -2.022802e+00  -2.121614e+00  -2.260341e+00  -2.453223e+00  -2.717710e+00  -3.073103e+00  -3.537143e+00  -4.118686e+00  -4.806009e+00  -5.553234e+00  -6.274868e+00  -6.864826e+00  -7.248535e+00  -7.436147e+00  -7.511975e+00  -7.559994e+00  -7.619415e+00  -7.703000e+00  -7.820775e+00  -7.985558e+00  -8.213535e+00  -8.523784e+00  -8.936182e+00  -9.466426e+00  -1.011621e+01  -1.085962e+01  -1.163075e+01  -1.232632e+01  -1.284075e+01  -1.312808e+01  -1.323617e+01
   94  -1.793117e+00  -1.793362e+00  -1.793469e+00  -1.793622e+00  -1.793842e+00  -1.794158e+00  -1.794612e+00  -1.795263e+00  -1.796199e+00  -1.797542e+00  -1.799470e+00  -1.802230e+00  -1.806205e+00  -1.811906e+00  -1.820088e+00  -1.831803e+00  -1.848566e+00  -1.872552e+00  -1.906864e+00  -1.955681e+00  -2.025083e+00  -2.123121e+00  -2.260776e+00  -2.452098e+00  -2.714311e+00  -3.066447e+00  -3.525827e+00  -4.100860e+00  -4.779221e+00  -5.514876e+00  -6.222753e+00  -6.798467e+00  -7.170275e+00  -7.350452e+00  -7.422962e+00  -7.469452e+00  -7.527311e+00  -7.608756e+00  -7.723485e+00  -7.883952e+00  -8.105894e+00  -8.407767e+00  -8.808783e+00  -9.323798e+00  -9.953972e+00  -1.067342e+01  -1.141743e+01  -1.208560e+01  -1.257669e+01  -1.284859e+01  -1.294964e+01
   95  -1.797105e+00  -1.797348e+00  -1.797454e+00  -1.797606e+00  -1.797825e+00  -1.798138e+00  -1.798589e+00  -1.799236e+00  -1.800162e+00  -1.801498e+00  -1.803420e+00  -1.806156e+00  -1.810112e+00  -1.815747e+00  -1.823870e+00  -1.835500e+00  -1.852163e+00  -1.875973e+00  -1.910002e+00  -1.958487e+00  -2.027323e+00  -2.124630e+00  -2.261195e+00  -2.450953e+00  -2.710893e+00  -3.059775e+00  -3.514525e+00  -4.083006e+00  -4.752481e+00  -5.476593e+00  -6.170796e+00  -6.732484e+00  -7.092643e+00  -7.265655e+00  -7.334972e+00  -7.379962e+00  -7.436326e+00  -7.515638e+00  -7.627389e+00  -7.783667e+00  -7.999749e+00  -8.293438e+00  -8.683317e+00  -9.183541e+00  -9.794677e+00  -1.049092e+01  -1.120872e+01  -1.185060e+01  -1.231947e+01  -1.257681e+01  -1.267129e+01
   96  -1.801082e+00  -1.801324e+00  -1.801429e+00  -1.801580e+00  -1.801797e+00  -1.802108e+00  -1.802556e+00  -1.803198e+00  -1.804119e+00  -1.805443e+00  -1.807343e+00  -1.810063e+00  -1.813984e+00  -1.819602e+00  -1.827650e+00  -1.839195e+00  -1.855723e+00  -1.879361e+00  -1.913139e+00  -1.961256e+00  -2.029581e+00  -2.126118e+00  -2.261579e+00  -2.449754e+00  -2.707430e+00  -3.053060e+00  -3.503192e+00  -4.065143e+00  -4.725747e+00  -5.438388e+00  -6.119084e+00  -6.666947e+00  -7.015712e+00  -7.181760e+00  -7.248021e+00  -7.291583e+00  -7.346470e+00  -7.423750e+00  -7.532584e+00  -7.684777e+00  -7.895047e+00  -8.180811e+00  -8.559863e+00  -9.045674e+00  -9.638331e+00  -1.031211e+01  -1.100466e+01  -1.162127e+01  -1.206897e+01  -1.231259e+01  -1.240098e+01
   97  -1.805049e+00  -1.805289e+00  -1.805393e+00  -1.805543e+00  -1.805759e+00  -1.806068e+00  -1.806512e+00  -1.807148e+00  -1.808064e+00  -1.809371e+00  -1.811263e+00  -1.813970e+00  -1.817864e+00  -1.823428e+00  -1.831415e+00  -1.842875e+00  -1.859287e+00  -1.882746e+00  -1.916272e+00  -1.964009e+00  -2.031798e+00  -2.127572e+00  -2.261953e+00  -2.448555e+00  -2.703960e+00  -3.046338e+00  -3.491807e+00  -4.047271e+00  -4.699028e+00  -5.400283e+00  -6.067582e+00  -6.601847e+00  -6.939473e+00  -7.098797e+00  -7.162147e+00  -7.204322e+00  -7.257763e+00  -7.333045e+00  -7.439044e+00  -7.587202e+00  -7.791894e+00  -8.069882e+00  -8.438367e+00  -8.910161e+00  -9.484915e+00  -1.013693e+01  -1.080512e+01  -1.139751e+01  -1.182505e+01  -1.205575e+01  -1.213842e+01
   98  -1.809005e+00  -1.809243e+00  -1.809347e+00  -1.809496e+00  -1.809709e+00  -1.810016e+00  -1.810457e+00  -1.811089e+00  -1.811998e+00  -1.813301e+00  -1.815173e+00  -1.817860e+00  -1.821719e+00  -1.827245e+00  -1.835171e+00  -1.846552e+00  -1.862832e+00  -1.886121e+00  -1.919384e+00  -1.966761e+00  -2.034025e+00  -2.129038e+00  -2.262313e+00  -2.447334e+00  -2.700469e+00  -3.039575e+00  -3.480419e+00  -4.029414e+00  -4.672342e+00  -5.362298e+00  -6.016347e+00  -6.537225e+00  -6.863981e+00  -7.016816e+00  -7.077356e+00  -7.118206e+00  -7.170248e+00  -7.243565e+00  -7.346761e+00  -7.491025e+00  -7.690271e+00  -7.960688e+00  -8.318907e+00  -8.777080e+00  -9.334402e+00  -9.965393e+00  -1.061009e+01  -1.117927e+01  -1.158761e+01  -1.180608e+01  -1.188346e+01
   99  -1.812950e+00  -1.813186e+00  -1.813289e+00  -1.813434e+00  -1.813649e+00  -1.813953e+00  -1.814394e+00  -1.815019e+00  -1.815920e+00  -1.817214e+00  -1.819069e+00  -1.821738e+00  -1.825564e+00  -1.831046e+00  -1.838923e+00  -1.850205e+00  -1.866367e+00  -1.889471e+00  -1.922487e+00  -1.969483e+00  -2.036226e+00  -2.130473e+00  -2.262650e+00  -2.446097e+00  -2.696954e+00  -3.032822e+00  -3.469024e+00  -4.011528e+00  -4.645708e+00  -5.324409e+00  -5.965394e+00  -6.473086e+00  -6.789246e+00  -6.935791e+00  -6.993670e+00  -7.033213e+00  -7.083924e+00  -7.155298e+00  -7.255806e+00  -7.396274e+00  -7.590155e+00  -7.853225e+00  -8.201423e+00  -8.646376e+00  -9.186809e+00  -9.797431e+00  -1.041951e+01  -1.096644e+01  -1.135648e+01  -1.156343e+01  -1.163589e+01
  100  -1.816884e+00  -1.817118e+00  -1.817220e+00  -1.817367e+00  -1.817577e+00  -1.817879e+00  -1.818313e+00  -1.818936e+00  -1.819831e+00  -1.821115e+00  -1.822958e+00  -1.825604e+00  -1.829401e+00  -1.834844e+00  -1.842653e+00  -1.853856e+00  -1.869896e+00  -1.892822e+00  -1.925571e+00  -1.972210e+00  -2.038421e+00  -2.131906e+00  -2.262975e+00  -2.444846e+00  -2.693432e+00  -3.026029e+00  -3.457617e+00  -3.993664e+00  -4.619104e+00  -5.286701e+00  -5.914715e+00  -6.409483e+00  -6.715289e+00  -6.855782e+00  -6.911097e+00  -6.949391e+00  -6.998765e+00  -7.068297e+00  -7.166163e+00  -7.302898e+00  -7.491581e+00  -7.747486e+00  -8.085971e+00  -8.518048e+00  -9.042132e+00  -9.633037e+00  -1.023333e+01  -1.075889e+01  -1.113154e+01  -1.132766e+01  -1.139550e+01
