# h loading Love number for a Heaviside load
# Computed by ISSM on 19-Mar-2026 11:30:38
#
#   n         h_n(t)
    1  -1.017484e+00  -1.017506e+00  -1.017513e+00  -1.017533e+00  -1.017552e+00  -1.017585e+00  -1.017620e+00  -1.017680e+00  -1.017755e+00  -1.017873e+00  -1.018031e+00  -1.018244e+00  -1.018551e+00  -1.018944e+00  -1.019425e+00  -1.020064e+00  -1.020803e+00  -1.021636e+00  -1.022592e+00  -1.023622e+00  -1.024722e+00  -1.025867e+00  -1.027037e+00  -1.028184e+00  -1.029251e+00  -1.030200e+00  -1.030991e+00  -1.031639e+00  -1.032137e+00  -1.032627e+00  -1.033215e+00  -1.034022e+00  -1.035164e+00  -1.036797e+00  -1.039120e+00  -1.042415e+00  -1.047059e+00  -1.053553e+00  -1.062533e+00  -1.074752e+00  -1.091003e+00  -1.111931e+00  -1.137630e+00  -1.167196e+00  -1.198169e+00  -1.226602e+00  -1.248419e+00  -1.261813e+00  -1.268688e+00  -1.272891e+00  -1.277128e+00
    2  -4.539158e-01  -4.543193e-01  -4.544401e-01  -4.548121e-01  -4.551606e-01  -4.557639e-01  -4.564063e-01  -4.575001e-01  -4.588805e-01  -4.610448e-01  -4.639337e-01  -4.678075e-01  -4.733617e-01  -4.804357e-01  -4.889998e-01  -5.002311e-01  -5.130129e-01  -5.270881e-01  -5.428313e-01  -5.592967e-01  -5.763345e-01  -5.934696e-01  -6.103671e-01  -6.263243e-01  -6.405711e-01  -6.528049e-01  -6.626491e-01  -6.702777e-01  -6.765726e-01  -6.826283e-01  -6.899969e-01  -7.001093e-01  -7.143034e-01  -7.342818e-01  -7.620999e-01  -8.003579e-01  -8.520465e-01  -9.201092e-01  -1.006762e+00  -1.111933e+00  -1.233346e+00  -1.365450e+00  -1.499427e+00  -1.630143e+00  -1.753198e+00  -1.861223e+00  -1.943125e+00  -1.992560e+00  -2.016043e+00  -2.028033e+00  -2.039444e+00
    3  -4.605990e-01  -4.610829e-01  -4.612278e-01  -4.616740e-01  -4.620922e-01  -4.628160e-01  -4.635872e-01  -4.649003e-01  -4.665584e-01  -4.691600e-01  -4.726355e-01  -4.773039e-01  -4.840092e-01  -4.925728e-01  -5.029881e-01  -5.167161e-01  -5.324571e-01  -5.499636e-01  -5.697509e-01  -5.907034e-01  -6.126715e-01  -6.350787e-01  -6.574841e-01  -6.789529e-01  -6.984137e-01  -7.153489e-01  -7.291333e-01  -7.398963e-01  -7.487726e-01  -7.572435e-01  -7.674910e-01  -7.815587e-01  -8.013640e-01  -8.293936e-01  -8.687166e-01  -9.233889e-01  -9.982965e-01  -1.098959e+00  -1.230583e+00  -1.395894e+00  -1.594369e+00  -1.818503e+00  -2.050719e+00  -2.273200e+00  -2.470007e+00  -2.630302e+00  -2.746124e+00  -2.815848e+00  -2.852136e+00  -2.876257e+00  -2.903524e+00
    4  -4.530948e-01  -4.536164e-01  -4.537725e-01  -4.542535e-01  -4.547043e-01  -4.554846e-01  -4.563163e-01  -4.577326e-01  -4.595214e-01  -4.623295e-01  -4.660828e-01  -4.711300e-01  -4.783873e-01  -4.876723e-01  -4.989980e-01  -5.139740e-01  -5.312285e-01  -5.505407e-01  -5.725176e-01  -5.959780e-01  -6.207914e-01  -6.463426e-01  -6.721378e-01  -6.971081e-01  -7.199883e-01  -7.400922e-01  -7.565947e-01  -7.695463e-01  -7.802125e-01  -7.903127e-01  -8.024616e-01  -8.191370e-01  -8.426679e-01  -8.761163e-01  -9.233255e-01  -9.895241e-01  -1.081319e+00  -1.206752e+00  -1.374578e+00  -1.592578e+00  -1.863467e+00  -2.184643e+00  -2.534015e+00  -2.880060e+00  -3.184391e+00  -3.418446e+00  -3.574919e+00  -3.666433e+00  -3.718804e+00  -3.760593e+00  -3.810708e+00
    5  -4.692884e-01  -4.698493e-01  -4.700172e-01  -4.705346e-01  -4.710194e-01  -4.718587e-01  -4.727534e-01  -4.742770e-01  -4.762016e-01  -4.792235e-01  -4.832636e-01  -4.886991e-01  -4.965187e-01  -5.065311e-01  -5.187602e-01  -5.349544e-01  -5.536533e-01  -5.746427e-01  -5.986032e-01  -6.242768e-01  -6.515421e-01  -6.797442e-01  -7.083457e-01  -7.361681e-01  -7.617936e-01  -7.844123e-01  -8.030490e-01  -8.176963e-01  -8.297259e-01  -8.410407e-01  -8.545879e-01  -8.731736e-01  -8.994319e-01  -9.368498e-01  -9.898419e-01  -1.064511e+00  -1.168768e+00  -1.312620e+00  -1.507732e+00  -1.766002e+00  -2.095296e+00  -2.498859e+00  -2.956591e+00  -3.431252e+00  -3.865547e+00  -4.204090e+00  -4.423884e+00  -4.546847e+00  -4.619615e+00  -4.687381e+00  -4.760445e+00
    6  -5.025090e-01  -5.031189e-01  -5.033015e-01  -5.038641e-01  -5.043912e-01  -5.053039e-01  -5.062767e-01  -5.079336e-01  -5.100266e-01  -5.133133e-01  -5.177079e-01  -5.236215e-01  -5.321310e-01  -5.430303e-01  -5.563504e-01  -5.740007e-01  -5.944003e-01  -6.173279e-01  -6.435369e-01  -6.716662e-01  -7.015935e-01  -7.326106e-01  -7.641307e-01  -7.948583e-01  -8.232223e-01  -8.483035e-01  -8.689924e-01  -8.852422e-01  -8.985403e-01  -9.109722e-01  -9.257985e-01  -9.461261e-01  -9.748622e-01  -1.015867e+00  -1.074047e+00  -1.156247e+00  -1.271458e+00  -1.431291e+00  -1.649765e+00  -1.942139e+00  -2.321803e+00  -2.794403e+00  -3.347209e+00  -3.941737e+00  -4.509847e+00  -4.972775e+00  -5.282576e+00  -5.455476e+00  -5.555654e+00  -5.643319e+00  -5.748444e+00
    7  -5.446110e-01  -5.452764e-01  -5.454756e-01  -5.460893e-01  -5.466644e-01  -5.476601e-01  -5.487215e-01  -5.505292e-01  -5.528127e-01  -5.563988e-01  -5.611940e-01  -5.676473e-01  -5.769343e-01  -5.888315e-01  -6.033750e-01  -6.226522e-01  -6.449421e-01  -6.700091e-01  -6.986823e-01  -7.294803e-01  -7.622746e-01  -7.962950e-01  -8.308995e-01  -8.646668e-01  -8.958659e-01  -9.234709e-01  -9.462412e-01  -9.640985e-01  -9.786560e-01  -9.921874e-01  -1.008268e+00  -1.030300e+00  -1.061454e+00  -1.105946e+00  -1.169147e+00  -1.258586e+00  -1.384238e+00  -1.559143e+00  -1.799374e+00  -2.123088e+00  -2.547599e+00  -3.083421e+00  -3.722533e+00  -4.428568e+00  -5.127880e+00  -5.724240e+00  -6.144018e+00  -6.386738e+00  -6.524038e+00  -6.636941e+00  -6.768115e+00
    8  -5.909918e-01  -5.917160e-01  -5.919328e-01  -5.926008e-01  -5.932268e-01  -5.943106e-01  -5.954658e-01  -5.974334e-01  -5.999190e-01  -6.038224e-01  -6.090421e-01  -6.160670e-01  -6.261772e-01  -6.391300e-01  -6.549662e-01  -6.759602e-01  -7.002408e-01  -7.275551e-01  -7.588096e-01  -7.923938e-01  -8.281710e-01  -8.653036e-01  -9.030919e-01  -9.399833e-01  -9.740824e-01  -1.004256e+00  -1.029134e+00  -1.048607e+00  -1.064421e+00  -1.079040e+00  -1.096355e+00  -1.120061e+00  -1.153588e+00  -1.201497e+00  -1.269605e+00  -1.366099e+00  -1.501882e+00  -1.691333e+00  -1.952427e+00  -2.305971e+00  -2.772863e+00  -3.368138e+00  -4.088473e+00  -4.900673e+00  -5.728557e+00  -6.462777e+00  -7.005871e+00  -7.334890e+00  -7.519318e+00  -7.658543e+00  -7.812173e+00
    9  -6.392934e-01  -6.400779e-01  -6.403128e-01  -6.410364e-01  -6.417145e-01  -6.428885e-01  -6.441399e-01  -6.462714e-01  -6.489639e-01  -6.531925e-01  -6.588470e-01  -6.664575e-01  -6.774107e-01  -6.914443e-01  -7.086032e-01  -7.313531e-01  -7.576681e-01  -7.872766e-01  -8.211634e-01  -8.575851e-01  -8.963954e-01  -9.366877e-01  -9.777029e-01  -1.017755e+00  -1.054781e+00  -1.087542e+00  -1.114534e+00  -1.135622e+00  -1.152682e+00  -1.168371e+00  -1.186893e+00  -1.212234e+00  -1.248075e+00  -1.299316e+00  -1.372202e+00  -1.475559e+00  -1.621181e+00  -1.824728e+00  -2.105982e+00  -2.488267e+00  -2.995876e+00  -3.648190e+00  -4.446586e+00  -5.361659e+00  -6.316447e+00  -7.191366e+00  -7.866989e+00  -8.294993e+00  -8.535315e+00  -8.701792e+00  -8.873629e+00
   10  -6.882613e-01  -6.891065e-01  -6.893595e-01  -6.901391e-01  -6.908697e-01  -6.921344e-01  -6.934826e-01  -6.957789e-01  -6.986798e-01  -7.032355e-01  -7.093276e-01  -7.175271e-01  -7.293284e-01  -7.444492e-01  -7.629385e-01  -7.874540e-01  -8.158141e-01  -8.477281e-01  -8.842589e-01  -9.235294e-01  -9.653835e-01  -1.008845e+00  -1.053094e+00  -1.096311e+00  -1.136266e+00  -1.171612e+00  -1.200712e+00  -1.223406e+00  -1.241696e+00  -1.258431e+00  -1.278128e+00  -1.305057e+00  -1.343145e+00  -1.397618e+00  -1.475141e+00  -1.585152e+00  -1.740310e+00  -1.957510e+00  -2.258275e+00  -2.668355e+00  -3.215339e+00  -3.922839e+00  -4.796988e+00  -5.812618e+00  -6.893163e+00  -7.910795e+00  -8.725645e+00  -9.262353e+00  -9.565896e+00  -9.760474e+00  -9.946267e+00
   11  -7.371573e-01  -7.380629e-01  -7.383340e-01  -7.391693e-01  -7.399520e-01  -7.413072e-01  -7.427517e-01  -7.452121e-01  -7.483203e-01  -7.532016e-01  -7.597291e-01  -7.685149e-01  -7.811604e-01  -7.973631e-01  -8.171765e-01  -8.434493e-01  -8.738449e-01  -9.080532e-01  -9.472155e-01  -9.893211e-01  -1.034204e+00  -1.080819e+00  -1.128286e+00  -1.174652e+00  -1.217520e+00  -1.255435e+00  -1.286629e+00  -1.310909e+00  -1.330411e+00  -1.348167e+00  -1.369002e+00  -1.397466e+00  -1.437727e+00  -1.495326e+00  -1.577333e+00  -1.693779e+00  -1.858159e+00  -2.088561e+00  -2.408197e+00  -2.845170e+00  -3.430269e+00  -4.191322e+00  -5.139248e+00  -6.253446e+00  -7.458670e+00  -8.620281e+00  -9.579247e+00  -1.023227e+01  -1.060525e+01  -1.082890e+01  -1.102494e+01
   12  -7.854923e-01  -7.864575e-01  -7.867464e-01  -7.876367e-01  -7.884710e-01  -7.899154e-01  -7.914551e-01  -7.940776e-01  -7.973905e-01  -8.025934e-01  -8.095511e-01  -8.189160e-01  -8.323952e-01  -8.496669e-01  -8.707884e-01  -8.987973e-01  -9.312043e-01  -9.676803e-01  -1.009444e+00  -1.054353e+00  -1.102232e+00  -1.151966e+00  -1.202618e+00  -1.252100e+00  -1.297851e+00  -1.338308e+00  -1.371571e+00  -1.397418e+00  -1.418106e+00  -1.436854e+00  -1.458789e+00  -1.488734e+00  -1.531088e+00  -1.591700e+00  -1.678029e+00  -1.800680e+00  -1.973952e+00  -2.217090e+00  -2.554941e+00  -3.017895e+00  -3.639880e+00  -4.452867e+00  -5.472619e+00  -6.683389e+00  -8.011928e+00  -9.318024e+00  -1.042461e+01  -1.120005e+01  -1.164801e+01  -1.190204e+01  -1.210548e+01
   13  -8.329094e-01  -8.339332e-01  -8.342396e-01  -8.351839e-01  -8.360689e-01  -8.376009e-01  -8.392340e-01  -8.420155e-01  -8.455294e-01  -8.510480e-01  -8.584279e-01  -8.683613e-01  -8.826591e-01  -9.009802e-01  -9.233862e-01  -9.531003e-01  -9.874831e-01  -1.026188e+00  -1.070508e+00  -1.118174e+00  -1.169000e+00  -1.221805e+00  -1.275592e+00  -1.328144e+00  -1.376736e+00  -1.419699e+00  -1.454999e+00  -1.482383e+00  -1.504232e+00  -1.523941e+00  -1.546933e+00  -1.578301e+00  -1.622664e+00  -1.686170e+00  -1.776649e+00  -1.905259e+00  -2.087076e+00  -2.342458e+00  -2.697835e+00  -3.185818e+00  -3.843399e+00  -4.706137e+00  -5.796171e+00  -7.101314e+00  -8.551404e+00  -1.000170e+01  -1.125828e+01  -1.216117e+01  -1.268926e+01  -1.297557e+01  -1.318448e+01
   14  -8.791341e-01  -8.802150e-01  -8.805385e-01  -8.815355e-01  -8.824699e-01  -8.840874e-01  -8.858116e-01  -8.887485e-01  -8.924585e-01  -8.982853e-01  -9.060774e-01  -9.165658e-01  -9.316628e-01  -9.510086e-01  -9.746690e-01  -1.006049e+00  -1.042362e+00  -1.083245e+00  -1.130066e+00  -1.180429e+00  -1.234141e+00  -1.289953e+00  -1.346813e+00  -1.402376e+00  -1.453754e+00  -1.499174e+00  -1.536472e+00  -1.565361e+00  -1.588338e+00  -1.608974e+00  -1.632980e+00  -1.665706e+00  -1.711990e+00  -1.778261e+00  -1.872708e+00  -2.007017e+00  -2.197008e+00  -2.464113e+00  -2.836283e+00  -3.348281e+00  -4.040084e+00  -4.951242e+00  -6.108857e+00  -7.505874e+00  -9.075268e+00  -1.066876e+01  -1.207677e+01  -1.311130e+01  -1.372460e+01  -1.404574e+01  -1.428139e+01
   15  -9.239504e-01  -9.250868e-01  -9.254269e-01  -9.264751e-01  -9.274574e-01  -9.291580e-01  -9.309707e-01  -9.340583e-01  -9.379589e-01  -9.440850e-01  -9.522773e-01  -9.633047e-01  -9.791780e-01  -9.995192e-01  -1.024398e+00  -1.057397e+00  -1.095587e+00  -1.138589e+00  -1.187843e+00  -1.240832e+00  -1.297354e+00  -1.356098e+00  -1.415956e+00  -1.474457e+00  -1.528556e+00  -1.576376e+00  -1.615624e+00  -1.645977e+00  -1.670048e+00  -1.691573e+00  -1.716545e+00  -1.750564e+00  -1.798674e+00  -1.867573e+00  -1.965793e+00  -2.105525e+00  -2.303298e+00  -2.581569e+00  -2.969751e+00  -3.504682e+00  -4.229233e+00  -5.186864e+00  -6.409610e+00  -7.895691e+00  -9.581669e+00  -1.131665e+01  -1.287672e+01  -1.404652e+01  -1.475007e+01  -1.510929e+01  -1.532734e+01
   16  -9.671898e-01  -9.683798e-01  -9.687359e-01  -9.698336e-01  -9.708622e-01  -9.726430e-01  -9.745413e-01  -9.777746e-01  -9.818592e-01  -9.882745e-01  -9.968536e-01  -1.008402e+00  -1.025025e+00  -1.046329e+00  -1.072386e+00  -1.106950e+00  -1.146956e+00  -1.192008e+00  -1.243619e+00  -1.299152e+00  -1.358399e+00  -1.419987e+00  -1.482755e+00  -1.544109e+00  -1.600853e+00  -1.651006e+00  -1.692147e+00  -1.723920e+00  -1.749045e+00  -1.771420e+00  -1.797307e+00  -1.832549e+00  -1.882384e+00  -1.953769e+00  -2.055558e+00  -2.200420e+00  -2.405558e+00  -2.694407e+00  -3.097776e+00  -3.654491e+00  -4.410219e+00  -5.412232e+00  -6.697450e+00  -8.269462e+00  -1.006883e+01  -1.194302e+01  -1.365508e+01  -1.496322e+01  -1.576209e+01  -1.616323e+01  -1.638676e+01
   17  -1.008724e+00  -1.009966e+00  -1.010337e+00  -1.011483e+00  -1.012556e+00  -1.014414e+00  -1.016394e+00  -1.019768e+00  -1.024029e+00  -1.030723e+00  -1.039674e+00  -1.051723e+00  -1.069068e+00  -1.091297e+00  -1.118488e+00  -1.154559e+00  -1.196313e+00  -1.243339e+00  -1.297220e+00  -1.355207e+00  -1.417083e+00  -1.481418e+00  -1.546996e+00  -1.611109e+00  -1.670411e+00  -1.722820e+00  -1.765793e+00  -1.798935e+00  -1.825071e+00  -1.848252e+00  -1.875002e+00  -1.911393e+00  -1.962849e+00  -2.036571e+00  -2.141715e+00  -2.291401e+00  -2.503471e+00  -2.802283e+00  -3.219973e+00  -3.797263e+00  -4.582512e+00  -5.626688e+00  -6.971520e+00  -8.626041e+00  -1.053521e+01  -1.254573e+01  -1.440911e+01  -1.585818e+01  -1.675737e+01  -1.720484e+01  -1.743547e+01
   18  -1.048461e+00  -1.049752e+00  -1.050138e+00  -1.051329e+00  -1.052445e+00  -1.054377e+00  -1.056436e+00  -1.059943e+00  -1.064374e+00  -1.071334e+00  -1.080641e+00  -1.093170e+00  -1.111206e+00  -1.134321e+00  -1.162598e+00  -1.200111e+00  -1.243540e+00  -1.292460e+00  -1.348519e+00  -1.408861e+00  -1.473262e+00  -1.540235e+00  -1.608517e+00  -1.675284e+00  -1.737048e+00  -1.791629e+00  -1.836363e+00  -1.870820e+00  -1.897921e+00  -1.921864e+00  -1.949422e+00  -1.986886e+00  -2.039856e+00  -2.115760e+00  -2.224039e+00  -2.378235e+00  -2.596789e+00  -2.904927e+00  -3.336041e+00  -3.932657e+00  -4.745702e+00  -5.829721e+00  -7.231160e+00  -8.964535e+00  -1.097952e+01  -1.312302e+01  -1.513643e+01  -1.672851e+01  -1.773295e+01  -1.823151e+01  -1.847145e+01
   19  -1.086340e+00  -1.087678e+00  -1.088078e+00  -1.089313e+00  -1.090469e+00  -1.092471e+00  -1.094605e+00  -1.098241e+00  -1.102833e+00  -1.110046e+00  -1.119692e+00  -1.132678e+00  -1.151372e+00  -1.175332e+00  -1.204644e+00  -1.243533e+00  -1.288560e+00  -1.339287e+00  -1.397425e+00  -1.460016e+00  -1.526831e+00  -1.596329e+00  -1.667198e+00  -1.736507e+00  -1.800629e+00  -1.857292e+00  -1.903712e+00  -1.939425e+00  -1.967442e+00  -1.992101e+00  -2.020410e+00  -2.058871e+00  -2.113246e+00  -2.191175e+00  -2.302364e+00  -2.460750e+00  -2.685331e+00  -3.002150e+00  -3.445774e+00  -4.060436e+00  -4.899509e+00  -6.020979e+00  -7.475900e+00  -9.284266e+00  -1.140083e+01  -1.367347e+01  -1.583503e+01  -1.757167e+01  -1.868599e+01  -1.924066e+01  -1.949263e+01
   20  -1.122328e+00  -1.123711e+00  -1.124125e+00  -1.125400e+00  -1.126595e+00  -1.128664e+00  -1.130869e+00  -1.134625e+00  -1.139371e+00  -1.146824e+00  -1.156792e+00  -1.170212e+00  -1.189530e+00  -1.214291e+00  -1.244586e+00  -1.284782e+00  -1.331326e+00  -1.383769e+00  -1.443884e+00  -1.508614e+00  -1.577726e+00  -1.649627e+00  -1.722961e+00  -1.794693e+00  -1.861065e+00  -1.919712e+00  -1.967740e+00  -2.004646e+00  -2.033529e+00  -2.058856e+00  -2.088041e+00  -2.127242e+00  -2.182911e+00  -2.262709e+00  -2.376583e+00  -2.538837e+00  -2.768987e+00  -3.093835e+00  -3.549051e+00  -4.180468e+00  -5.043783e+00  -6.200272e+00  -7.705467e+00  -9.584834e+00  -1.179844e+01  -1.419605e+01  -1.650334e+01  -1.838542e+01  -1.961385e+01  -2.022973e+01  -2.049682e+01
   21  -1.156418e+00  -1.157842e+00  -1.158269e+00  -1.159583e+00  -1.160814e+00  -1.162946e+00  -1.165219e+00  -1.169089e+00  -1.173979e+00  -1.181660e+00  -1.191932e+00  -1.205761e+00  -1.225670e+00  -1.251188e+00  -1.282411e+00  -1.323841e+00  -1.371820e+00  -1.425887e+00  -1.487873e+00  -1.554629e+00  -1.625917e+00  -1.700096e+00  -1.775768e+00  -1.849799e+00  -1.918306e+00  -1.978838e+00  -2.028390e+00  -2.066425e+00  -2.096122e+00  -2.122071e+00  -2.151901e+00  -2.191939e+00  -2.248795e+00  -2.330305e+00  -2.446642e+00  -2.612445e+00  -2.847710e+00  -3.179941e+00  -3.645835e+00  -4.292724e+00  -5.178496e+00  -6.367568e+00  -7.919808e+00  -9.866096e+00  -1.217205e+01  -1.469003e+01  -1.714006e+01  -1.916778e+01  -2.051406e+01  -2.119614e+01  -2.148170e+01
   22  -1.188622e+00  -1.190087e+00  -1.190525e+00  -1.191875e+00  -1.193141e+00  -1.195332e+00  -1.197668e+00  -1.201646e+00  -1.206672e+00  -1.214567e+00  -1.225125e+00  -1.239339e+00  -1.259802e+00  -1.286033e+00  -1.318130e+00  -1.360722e+00  -1.410052e+00  -1.465649e+00  -1.529397e+00  -1.598063e+00  -1.671404e+00  -1.747734e+00  -1.825613e+00  -1.901817e+00  -1.972343e+00  -2.034655e+00  -2.085647e+00  -2.124746e+00  -2.155204e+00  -2.181726e+00  -2.212147e+00  -2.252948e+00  -2.310884e+00  -2.393954e+00  -2.512535e+00  -2.681576e+00  -2.921510e+00  -3.260491e+00  -3.736165e+00  -4.397263e+00  -5.303732e+00  -6.522971e+00  -8.119023e+00  -1.012812e+01  -1.252157e+01  -1.515504e+01  -1.774425e+01  -1.991707e+01  -2.138426e+01  -2.213730e+01  -2.244476e+01
   23  -1.218974e+00  -1.220475e+00  -1.220924e+00  -1.222309e+00  -1.223607e+00  -1.225853e+00  -1.228248e+00  -1.232327e+00  -1.237481e+00  -1.245575e+00  -1.256401e+00  -1.270976e+00  -1.291960e+00  -1.318858e+00  -1.351774e+00  -1.395456e+00  -1.446052e+00  -1.503084e+00  -1.568487e+00  -1.638946e+00  -1.714216e+00  -1.792567e+00  -1.872523e+00  -1.950770e+00  -2.023195e+00  -2.087183e+00  -2.139529e+00  -2.179624e+00  -2.210792e+00  -2.237842e+00  -2.268800e+00  -2.310291e+00  -2.369204e+00  -2.453686e+00  -2.574300e+00  -2.746275e+00  -2.990448e+00  -3.335565e+00  -3.820147e+00  -4.494226e+00  -5.419673e+00  -6.666711e+00  -8.303389e+00  -1.037116e+01  -1.284718e+01  -1.559098e+01  -1.831527e+01  -2.063189e+01  -2.222225e+01  -2.305059e+01  -2.338348e+01
   24  -1.247519e+00  -1.249055e+00  -1.249514e+00  -1.250931e+00  -1.252259e+00  -1.254557e+00  -1.257007e+00  -1.261180e+00  -1.266453e+00  -1.274734e+00  -1.285810e+00  -1.300722e+00  -1.322191e+00  -1.349712e+00  -1.383392e+00  -1.428092e+00  -1.479871e+00  -1.538244e+00  -1.605193e+00  -1.677329e+00  -1.754403e+00  -1.834647e+00  -1.916547e+00  -1.996709e+00  -2.070914e+00  -2.136472e+00  -2.190085e+00  -2.231111e+00  -2.262936e+00  -2.290469e+00  -2.321912e+00  -2.364024e+00  -2.423816e+00  -2.509568e+00  -2.632012e+00  -2.806632e+00  -3.054628e+00  -3.405294e+00  -3.897942e+00  -4.583817e+00  -5.526581e+00  -6.799114e+00  -8.473289e+00  -1.059566e+01  -1.314924e+01  -1.599797e+01  -1.885274e+01  -2.131102e+01  -2.302595e+01  -2.393342e+01  -2.429511e+01
   25  -1.274317e+00  -1.275885e+00  -1.276354e+00  -1.277801e+00  -1.279156e+00  -1.281503e+00  -1.284004e+00  -1.288265e+00  -1.293648e+00  -1.302103e+00  -1.313411e+00  -1.328636e+00  -1.350556e+00  -1.378657e+00  -1.413048e+00  -1.458693e+00  -1.511573e+00  -1.571194e+00  -1.639583e+00  -1.713282e+00  -1.792037e+00  -1.874044e+00  -1.957758e+00  -2.039707e+00  -2.115573e+00  -2.182596e+00  -2.237390e+00  -2.279281e+00  -2.311713e+00  -2.339686e+00  -2.371565e+00  -2.414231e+00  -2.474808e+00  -2.561696e+00  -2.685777e+00  -2.862765e+00  -3.114190e+00  -3.469839e+00  -3.969757e+00  -4.666295e+00  -5.624780e+00  -6.920586e+00  -8.629057e+00  -1.080216e+01  -1.342831e+01  -1.637638e+01  -1.935652e+01  -2.195350e+01  -2.379347e+01  -2.478320e+01  -2.517692e+01
   26  -1.299438e+00  -1.301035e+00  -1.301514e+00  -1.302988e+00  -1.304369e+00  -1.306760e+00  -1.309309e+00  -1.313650e+00  -1.319135e+00  -1.327751e+00  -1.339274e+00  -1.354789e+00  -1.377128e+00  -1.405765e+00  -1.440814e+00  -1.487337e+00  -1.541237e+00  -1.602014e+00  -1.671738e+00  -1.746886e+00  -1.827202e+00  -1.910848e+00  -1.996246e+00  -2.079855e+00  -2.157265e+00  -2.225649e+00  -2.281540e+00  -2.324232e+00  -2.357221e+00  -2.385592e+00  -2.417860e+00  -2.461018e+00  -2.522292e+00  -2.610189e+00  -2.735725e+00  -2.914821e+00  -3.169301e+00  -3.529401e+00  -4.035832e+00  -4.741957e+00  -5.714643e+00  -7.031591e+00  -8.771576e+00  -1.099133e+01  -1.368504e+01  -1.672669e+01  -1.982664e+01  -2.255856e+01  -2.452308e+01  -2.559744e+01  -2.602610e+01
   27  -1.322957e+00  -1.324582e+00  -1.325068e+00  -1.326568e+00  -1.327973e+00  -1.330405e+00  -1.332997e+00  -1.337414e+00  -1.342993e+00  -1.351757e+00  -1.363479e+00  -1.379261e+00  -1.401985e+00  -1.431118e+00  -1.466775e+00  -1.514106e+00  -1.568948e+00  -1.630793e+00  -1.701751e+00  -1.778238e+00  -1.859996e+00  -1.945157e+00  -2.032114e+00  -2.117259e+00  -2.196098e+00  -2.265743e+00  -2.322647e+00  -2.366077e+00  -2.399576e+00  -2.428305e+00  -2.460919e+00  -2.504511e+00  -2.566399e+00  -2.655185e+00  -2.782006e+00  -2.962964e+00  -3.220151e+00  -3.584197e+00  -4.096431e+00  -4.811127e+00  -5.796573e+00  -7.132631e+00  -8.901304e+00  -1.116385e+01  -1.392018e+01  -1.704955e+01  -2.026336e+01  -2.312569e+01  -2.521320e+01  -2.637373e+01  -2.683983e+01
   28  -1.344956e+00  -1.346606e+00  -1.347100e+00  -1.348623e+00  -1.350049e+00  -1.352519e+00  -1.355152e+00  -1.359637e+00  -1.365304e+00  -1.374204e+00  -1.386108e+00  -1.402136e+00  -1.425214e+00  -1.454802e+00  -1.491017e+00  -1.539092e+00  -1.594800e+00  -1.657628e+00  -1.729720e+00  -1.807440e+00  -1.890527e+00  -1.977083e+00  -2.065476e+00  -2.152037e+00  -2.232193e+00  -2.302999e+00  -2.360837e+00  -2.404943e+00  -2.438907e+00  -2.467957e+00  -2.500874e+00  -2.544847e+00  -2.607271e+00  -2.696837e+00  -2.824782e+00  -3.007376e+00  -3.266942e+00  -3.634470e+00  -4.151836e+00  -4.874148e+00  -5.870993e+00  -7.224231e+00  -9.018882e+00  -1.132052e+01  -1.413456e+01  -1.734571e+01  -2.066703e+01  -2.365452e+01  -2.586247e+01  -2.710976e+01  -2.761536e+01
   29  -1.365519e+00  -1.367192e+00  -1.367693e+00  -1.369237e+00  -1.370684e+00  -1.373188e+00  -1.375858e+00  -1.380406e+00  -1.386151e+00  -1.395176e+00  -1.407247e+00  -1.423500e+00  -1.446903e+00  -1.476906e+00  -1.513633e+00  -1.562389e+00  -1.618890e+00  -1.682618e+00  -1.755750e+00  -1.834600e+00  -1.918905e+00  -2.006741e+00  -2.096452e+00  -2.184313e+00  -2.265678e+00  -2.337549e+00  -2.396242e+00  -2.440967e+00  -2.475352e+00  -2.504687e+00  -2.537870e+00  -2.582172e+00  -2.645062e+00  -2.735303e+00  -2.864227e+00  -3.048243e+00  -3.309886e+00  -3.680462e+00  -4.202334e+00  -4.931369e+00  -5.938334e+00  -7.306927e+00  -9.124968e+00  -1.146209e+01  -1.432904e+01  -1.761594e+01  -2.103815e+01  -2.414484e+01  -2.646971e+01  -2.780342e+01  -2.835000e+01
   30  -1.384732e+00  -1.386426e+00  -1.386933e+00  -1.388497e+00  -1.389961e+00  -1.392497e+00  -1.395201e+00  -1.399806e+00  -1.405624e+00  -1.414762e+00  -1.426985e+00  -1.443443e+00  -1.467141e+00  -1.497525e+00  -1.534717e+00  -1.584094e+00  -1.641318e+00  -1.705867e+00  -1.779948e+00  -1.859830e+00  -1.945247e+00  -2.034252e+00  -2.125167e+00  -2.214215e+00  -2.296685e+00  -2.369529e+00  -2.429002e+00  -2.474290e+00  -2.509054e+00  -2.538641e+00  -2.572055e+00  -2.616640e+00  -2.679929e+00  -2.770751e+00  -2.900517e+00  -3.085760e+00  -3.349198e+00  -3.722418e+00  -4.248217e+00  -4.983140e+00  -5.999025e+00  -7.381248e+00  -9.220215e+00  -1.158937e+01  -1.450450e+01  -1.786114e+01  -2.137733e+01  -2.459664e+01  -2.703395e+01  -2.845275e+01  -2.904120e+01
   31  -1.402680e+00  -1.404394e+00  -1.404906e+00  -1.406487e+00  -1.407969e+00  -1.410533e+00  -1.413267e+00  -1.417924e+00  -1.423807e+00  -1.433049e+00  -1.445410e+00  -1.462054e+00  -1.486020e+00  -1.516748e+00  -1.554364e+00  -1.604305e+00  -1.662185e+00  -1.727480e+00  -1.802423e+00  -1.883241e+00  -1.969669e+00  -2.059738e+00  -2.151747e+00  -2.241875e+00  -2.325350e+00  -2.399078e+00  -2.459260e+00  -2.505056e+00  -2.540160e+00  -2.569969e+00  -2.603581e+00  -2.648406e+00  -2.712034e+00  -2.803349e+00  -2.933830e+00  -3.120120e+00  -3.385093e+00  -3.760584e+00  -4.289772e+00  -5.029807e+00  -6.053489e+00  -7.447715e+00  -9.305263e+00  -1.170310e+01  -1.466181e+01  -1.808216e+01  -2.168520e+01  -2.501001e+01  -2.755441e+01  -2.905603e+01  -2.968658e+01
   32  -1.419448e+00  -1.421179e+00  -1.421697e+00  -1.423294e+00  -1.424790e+00  -1.427381e+00  -1.430142e+00  -1.434846e+00  -1.440788e+00  -1.450123e+00  -1.462609e+00  -1.479421e+00  -1.503629e+00  -1.534668e+00  -1.572666e+00  -1.623116e+00  -1.681590e+00  -1.747558e+00  -1.823281e+00  -1.904946e+00  -1.992289e+00  -2.083319e+00  -2.176319e+00  -2.267425e+00  -2.351808e+00  -2.426336e+00  -2.487157e+00  -2.533410e+00  -2.568817e+00  -2.598819e+00  -2.632599e+00  -2.677625e+00  -2.741535e+00  -2.833263e+00  -2.964346e+00  -3.151516e+00  -3.417785e+00  -3.795201e+00  -4.327279e+00  -5.071704e+00  -6.102132e+00  -7.506831e+00  -9.380734e+00  -1.180405e+01  -1.480184e+01  -1.827990e+01  -2.196253e+01  -2.538525e+01  -2.803054e+01  -2.961173e+01  -3.028398e+01
   33  -1.435119e+00  -1.436865e+00  -1.437388e+00  -1.438999e+00  -1.440509e+00  -1.443122e+00  -1.445908e+00  -1.450654e+00  -1.456650e+00  -1.466069e+00  -1.478666e+00  -1.495629e+00  -1.520055e+00  -1.551374e+00  -1.589715e+00  -1.640623e+00  -1.699630e+00  -1.766204e+00  -1.842627e+00  -1.925055e+00  -2.013220e+00  -2.105116e+00  -2.199007e+00  -2.290992e+00  -2.376194e+00  -2.451441e+00  -2.512836e+00  -2.559497e+00  -2.595172e+00  -2.625340e+00  -2.659259e+00  -2.704450e+00  -2.768592e+00  -2.860660e+00  -2.992237e+00  -3.180134e+00  -3.447478e+00  -3.826502e+00  -4.361008e+00  -5.109151e+00  -6.145344e+00  -7.559076e+00  -9.447219e+00  -1.189293e+01  -1.492543e+01  -1.845529e+01  -2.221011e+01  -2.572268e+01  -2.846192e+01  -3.011861e+01  -3.083145e+01
   34  -1.449772e+00  -1.451533e+00  -1.452059e+00  -1.453683e+00  -1.455205e+00  -1.457839e+00  -1.460647e+00  -1.465431e+00  -1.471474e+00  -1.480968e+00  -1.493665e+00  -1.510763e+00  -1.535383e+00  -1.566952e+00  -1.605600e+00  -1.656916e+00  -1.716400e+00  -1.783516e+00  -1.860565e+00  -1.943675e+00  -2.032575e+00  -2.125244e+00  -2.219933e+00  -2.312705e+00  -2.398637e+00  -2.474527e+00  -2.536434e+00  -2.583458e+00  -2.619366e+00  -2.649675e+00  -2.683709e+00  -2.729032e+00  -2.793359e+00  -2.885698e+00  -3.017672e+00  -3.206157e+00  -3.474374e+00  -3.854710e+00  -4.391218e+00  -5.142454e+00  -6.183494e+00  -7.605842e+00  -9.505282e+00  -1.197045e+01  -1.503339e+01  -1.860919e+01  -2.242872e+01  -2.602281e+01  -2.884841e+01  -3.057565e+01  -3.132729e+01
   35  -1.463485e+00  -1.465257e+00  -1.465788e+00  -1.467423e+00  -1.468955e+00  -1.471608e+00  -1.474435e+00  -1.479252e+00  -1.485338e+00  -1.494897e+00  -1.507684e+00  -1.524901e+00  -1.549694e+00  -1.581484e+00  -1.620405e+00  -1.672084e+00  -1.731991e+00  -1.799588e+00  -1.877193e+00  -1.960908e+00  -2.050462e+00  -2.143818e+00  -2.239214e+00  -2.332685e+00  -2.419266e+00  -2.495726e+00  -2.558085e+00  -2.605427e+00  -2.641539e+00  -2.671966e+00  -2.706090e+00  -2.751514e+00  -2.815984e+00  -2.908533e+00  -3.040815e+00  -3.229758e+00  -3.498661e+00  -3.880039e+00  -4.418153e+00  -5.171902e+00  -6.216931e+00  -7.645688e+00  -9.555452e+00  -1.203725e+01  -1.512652e+01  -1.874249e+01  -2.261923e+01  -2.628622e+01  -2.919000e+01  -3.098214e+01  -3.177021e+01
   36  -1.476329e+00  -1.478112e+00  -1.478645e+00  -1.480291e+00  -1.481832e+00  -1.484501e+00  -1.487346e+00  -1.492192e+00  -1.498315e+00  -1.507933e+00  -1.520797e+00  -1.538120e+00  -1.563065e+00  -1.595051e+00  -1.634211e+00  -1.686211e+00  -1.746490e+00  -1.814510e+00  -1.892606e+00  -1.976853e+00  -2.066983e+00  -2.160944e+00  -2.256964e+00  -2.351050e+00  -2.438202e+00  -2.515162e+00  -2.577918e+00  -2.625538e+00  -2.661823e+00  -2.692347e+00  -2.726539e+00  -2.772038e+00  -2.836610e+00  -2.929312e+00  -3.061820e+00  -3.251102e+00  -3.520519e+00  -3.902689e+00  -4.442078e+00  -5.197763e+00  -6.245980e+00  -7.679953e+00  -9.598226e+00  -1.209394e+01  -1.520555e+01  -1.885602e+01  -2.278249e+01  -2.651354e+01  -2.948693e+01  -3.133757e+01  -3.215912e+01
   37  -1.488373e+00  -1.490166e+00  -1.490702e+00  -1.492356e+00  -1.493906e+00  -1.496589e+00  -1.499449e+00  -1.504321e+00  -1.510476e+00  -1.520145e+00  -1.533078e+00  -1.550492e+00  -1.575570e+00  -1.607726e+00  -1.647096e+00  -1.699374e+00  -1.759979e+00  -1.828369e+00  -1.906892e+00  -1.991605e+00  -2.082236e+00  -2.176727e+00  -2.273291e+00  -2.367912e+00  -2.455562e+00  -2.532957e+00  -2.596056e+00  -2.643915e+00  -2.680347e+00  -2.710946e+00  -2.745188e+00  -2.790734e+00  -2.855373e+00  -2.948176e+00  -3.080835e+00  -3.270347e+00  -3.540119e+00  -3.922848e+00  -4.463136e+00  -5.220291e+00  -6.270942e+00  -7.708989e+00  -9.634066e+00  -1.214111e+01  -1.527119e+01  -1.895063e+01  -2.291938e+01  -2.670556e+01  -2.973953e+01  -3.164180e+01  -3.249332e+01
   38  -1.499684e+00  -1.501484e+00  -1.502023e+00  -1.503685e+00  -1.505241e+00  -1.507937e+00  -1.510810e+00  -1.515704e+00  -1.521887e+00  -1.531600e+00  -1.544592e+00  -1.562086e+00  -1.587278e+00  -1.619581e+00  -1.659131e+00  -1.711651e+00  -1.772536e+00  -1.841245e+00  -1.920137e+00  -2.005252e+00  -2.096317e+00  -2.191262e+00  -2.288295e+00  -2.383379e+00  -2.471456e+00  -2.549225e+00  -2.612618e+00  -2.660677e+00  -2.697230e+00  -2.727887e+00  -2.762159e+00  -2.807730e+00  -2.872403e+00  -2.965258e+00  -3.097998e+00  -3.287639e+00  -3.557620e+00  -3.940695e+00  -4.481565e+00  -5.239718e+00  -6.292098e+00  -7.733139e+00  -9.663403e+00  -1.217929e+01  -1.532413e+01  -1.902711e+01  -2.303076e+01  -2.686308e+01  -2.994838e+01  -3.189492e+01  -3.277245e+01
   39  -1.510321e+00  -1.512128e+00  -1.512669e+00  -1.514337e+00  -1.515900e+00  -1.518606e+00  -1.521490e+00  -1.526403e+00  -1.532610e+00  -1.542360e+00  -1.555402e+00  -1.572963e+00  -1.598253e+00  -1.630682e+00  -1.670386e+00  -1.723110e+00  -1.784234e+00  -1.853215e+00  -1.932422e+00  -2.017878e+00  -2.109311e+00  -2.204644e+00  -2.302075e+00  -2.397550e+00  -2.485990e+00  -2.564074e+00  -2.627712e+00  -2.675939e+00  -2.712587e+00  -2.743284e+00  -2.777570e+00  -2.823145e+00  -2.887821e+00  -2.980684e+00  -3.113441e+00  -3.303118e+00  -3.573171e+00  -3.956392e+00  -4.497549e+00  -5.256262e+00  -6.309708e+00  -7.752749e+00  -9.686815e+00  -1.220899e+01  -1.536500e+01  -1.908622e+01  -2.311751e+01  -2.698698e+01  -3.011414e+01  -3.209725e+01  -3.299648e+01
   40  -1.520341e+00  -1.522155e+00  -1.522698e+00  -1.524371e+00  -1.525938e+00  -1.528653e+00  -1.531546e+00  -1.536475e+00  -1.542702e+00  -1.552484e+00  -1.565567e+00  -1.583185e+00  -1.608557e+00  -1.641090e+00  -1.680923e+00  -1.733819e+00  -1.795143e+00  -1.864351e+00  -1.943820e+00  -2.029561e+00  -2.121302e+00  -2.216957e+00  -2.314720e+00  -2.410520e+00  -2.499261e+00  -2.577605e+00  -2.641445e+00  -2.689806e+00  -2.726527e+00  -2.757248e+00  -2.791531e+00  -2.837089e+00  -2.901740e+00  -2.994571e+00  -3.127286e+00  -3.316912e+00  -3.586912e+00  -3.970092e+00  -4.511263e+00  -5.270123e+00  -6.324010e+00  -7.768080e+00  -9.704321e+00  -1.223069e+01  -1.539438e+01  -1.912873e+01  -2.318055e+01  -2.707819e+01  -3.023769e+01  -3.224940e+01  -3.316575e+01
   41  -1.529798e+00  -1.531617e+00  -1.532161e+00  -1.533838e+00  -1.535410e+00  -1.538131e+00  -1.541032e+00  -1.545974e+00  -1.552217e+00  -1.562025e+00  -1.575143e+00  -1.592807e+00  -1.618245e+00  -1.650864e+00  -1.690802e+00  -1.743838e+00  -1.805326e+00  -1.874719e+00  -1.954401e+00  -2.040375e+00  -2.132366e+00  -2.228284e+00  -2.326315e+00  -2.422379e+00  -2.511362e+00  -2.589914e+00  -2.653914e+00  -2.702378e+00  -2.739151e+00  -2.769881e+00  -2.804146e+00  -2.849669e+00  -2.914269e+00  -3.007029e+00  -3.139646e+00  -3.329142e+00  -3.598971e+00  -3.981939e+00  -4.522864e+00  -5.281484e+00  -6.335225e+00  -7.779433e+00  -9.716421e+00  -1.224481e+01  -1.541284e+01  -1.915538e+01  -2.322071e+01  -2.713771e+01  -3.032003e+01  -3.235225e+01  -3.328090e+01
   42  -1.538741e+00  -1.540563e+00  -1.541108e+00  -1.542789e+00  -1.544364e+00  -1.547091e+00  -1.549998e+00  -1.554950e+00  -1.561206e+00  -1.571034e+00  -1.584179e+00  -1.601880e+00  -1.627371e+00  -1.660058e+00  -1.700079e+00  -1.753226e+00  -1.814842e+00  -1.884381e+00  -1.964232e+00  -2.050389e+00  -2.142576e+00  -2.238699e+00  -2.336941e+00  -2.433210e+00  -2.522379e+00  -2.601091e+00  -2.665211e+00  -2.713749e+00  -2.750553e+00  -2.781277e+00  -2.815512e+00  -2.860983e+00  -2.925507e+00  -3.018161e+00  -3.150630e+00  -3.339920e+00  -3.609468e+00  -3.992061e+00  -4.532500e+00  -5.290516e+00  -6.343555e+00  -7.787043e+00  -9.723455e+00  -1.225177e+01  -1.542094e+01  -1.916681e+01  -2.323890e+01  -2.716657e+01  -3.036226e+01  -3.240688e+01  -3.334292e+01
   43  -1.547215e+00  -1.549039e+00  -1.549586e+00  -1.551269e+00  -1.552847e+00  -1.555578e+00  -1.558489e+00  -1.563449e+00  -1.569715e+00  -1.579558e+00  -1.592723e+00  -1.610452e+00  -1.635983e+00  -1.668720e+00  -1.708804e+00  -1.762034e+00  -1.823747e+00  -1.893395e+00  -1.973373e+00  -2.059666e+00  -2.151999e+00  -2.248274e+00  -2.346670e+00  -2.443089e+00  -2.532393e+00  -2.611219e+00  -2.675422e+00  -2.724006e+00  -2.760823e+00  -2.791528e+00  -2.825719e+00  -2.871122e+00  -2.935548e+00  -3.028063e+00  -3.160335e+00  -3.349350e+00  -3.618515e+00  -4.000581e+00  -4.540306e+00  -5.297375e+00  -6.349187e+00  -7.791137e+00  -9.725690e+00  -1.225196e+01  -1.541917e+01  -1.916375e+01  -2.323597e+01  -2.716586e+01  -3.036562e+01  -3.241457e+01  -3.335309e+01
   44  -1.555261e+00  -1.557088e+00  -1.557635e+00  -1.559320e+00  -1.560900e+00  -1.563634e+00  -1.566548e+00  -1.571513e+00  -1.577786e+00  -1.587640e+00  -1.600819e+00  -1.618567e+00  -1.644125e+00  -1.676898e+00  -1.717025e+00  -1.770312e+00  -1.832092e+00  -1.901816e+00  -1.981879e+00  -2.068265e+00  -2.160696e+00  -2.257073e+00  -2.355572e+00  -2.452089e+00  -2.541480e+00  -2.620376e+00  -2.684626e+00  -2.733231e+00  -2.770042e+00  -2.800716e+00  -2.834851e+00  -2.880171e+00  -2.944478e+00  -3.036823e+00  -3.168854e+00  -3.357528e+00  -3.626213e+00  -4.007609e+00  -4.546407e+00  -5.302205e+00  -6.352291e+00  -7.791922e+00  -9.723421e+00  -1.224572e+01  -1.540800e+01  -1.914682e+01  -2.321280e+01  -2.713669e+01  -3.033145e+01  -3.237688e+01  -3.331299e+01
   45  -1.562920e+00  -1.564748e+00  -1.565295e+00  -1.566981e+00  -1.568562e+00  -1.571298e+00  -1.574214e+00  -1.579182e+00  -1.585459e+00  -1.595319e+00  -1.608507e+00  -1.626266e+00  -1.651840e+00  -1.684633e+00  -1.724786e+00  -1.778106e+00  -1.839924e+00  -1.909691e+00  -1.989803e+00  -2.076240e+00  -2.168726e+00  -2.265158e+00  -2.363711e+00  -2.460277e+00  -2.549709e+00  -2.628634e+00  -2.692898e+00  -2.741500e+00  -2.778288e+00  -2.808918e+00  -2.842987e+00  -2.888210e+00  -2.952377e+00  -3.044524e+00  -3.176272e+00  -3.364543e+00  -3.632658e+00  -4.013250e+00  -4.550919e+00  -5.305138e+00  -6.353026e+00  -7.789606e+00  -9.716874e+00  -1.223340e+01  -1.538790e+01  -1.911663e+01  -2.317022e+01  -2.708019e+01  -3.026121e+01  -3.229545e+01  -3.322443e+01
   46  -1.570226e+00  -1.572054e+00  -1.572601e+00  -1.574288e+00  -1.575869e+00  -1.578605e+00  -1.581522e+00  -1.586491e+00  -1.592769e+00  -1.602631e+00  -1.615822e+00  -1.633585e+00  -1.659165e+00  -1.691965e+00  -1.732126e+00  -1.785458e+00  -1.847287e+00  -1.917067e+00  -1.997193e+00  -2.083644e+00  -2.176142e+00  -2.272585e+00  -2.371145e+00  -2.467714e+00  -2.557144e+00  -2.636060e+00  -2.700307e+00  -2.748882e+00  -2.785632e+00  -2.816208e+00  -2.850199e+00  -2.895311e+00  -2.959321e+00  -3.051242e+00  -3.182667e+00  -3.370478e+00  -3.637937e+00  -4.017598e+00  -4.553946e+00  -5.306296e+00  -6.351537e+00  -7.784365e+00  -9.706308e+00  -1.221531e+01  -1.535931e+01  -1.907380e+01  -2.310913e+01  -2.699753e+01  -3.015638e+01  -3.217207e+01  -3.308946e+01
   47  -1.577211e+00  -1.579039e+00  -1.579586e+00  -1.581273e+00  -1.582853e+00  -1.585589e+00  -1.588506e+00  -1.593474e+00  -1.599751e+00  -1.609612e+00  -1.622800e+00  -1.640560e+00  -1.666135e+00  -1.698930e+00  -1.739083e+00  -1.792404e+00  -1.854222e+00  -1.923986e+00  -2.004093e+00  -2.090521e+00  -2.182993e+00  -2.279405e+00  -2.377929e+00  -2.474459e+00  -2.563846e+00  -2.642717e+00  -2.706917e+00  -2.755443e+00  -2.792140e+00  -2.822651e+00  -2.856555e+00  -2.901544e+00  -2.965379e+00  -3.057048e+00  -3.188113e+00  -3.375408e+00  -3.642131e+00  -4.020740e+00  -4.555586e+00  -5.305791e+00  -6.347958e+00  -7.776363e+00  -9.691935e+00  -1.219173e+01  -1.532263e+01  -1.901896e+01  -2.303032e+01  -2.688991e+01  -3.001861e+01  -3.200884e+01  -3.291032e+01
   48  -1.583907e+00  -1.585734e+00  -1.586281e+00  -1.587966e+00  -1.589546e+00  -1.592280e+00  -1.595196e+00  -1.600161e+00  -1.606435e+00  -1.616290e+00  -1.629472e+00  -1.647222e+00  -1.672783e+00  -1.705560e+00  -1.745691e+00  -1.798982e+00  -1.860764e+00  -1.930486e+00  -2.010544e+00  -2.096916e+00  -2.189324e+00  -2.285666e+00  -2.384115e+00  -2.480564e+00  -2.569870e+00  -2.648662e+00  -2.712787e+00  -2.761245e+00  -2.797873e+00  -2.828309e+00  -2.862117e+00  -2.906971e+00  -2.970614e+00  -3.062007e+00  -3.192676e+00  -3.379404e+00  -3.645314e+00  -4.022757e+00  -4.555929e+00  -5.303726e+00  -6.342413e+00  -7.765766e+00  -9.673942e+00  -1.216296e+01  -1.527827e+01  -1.895264e+01  -2.293472e+01  -2.675855e+01  -2.984954e+01  -3.180782e+01  -3.268952e+01
   49  -1.590339e+00  -1.592165e+00  -1.592711e+00  -1.594395e+00  -1.595973e+00  -1.598706e+00  -1.601618e+00  -1.606580e+00  -1.612848e+00  -1.622694e+00  -1.635865e+00  -1.653599e+00  -1.679138e+00  -1.711886e+00  -1.751981e+00  -1.805224e+00  -1.866948e+00  -1.936604e+00  -2.016583e+00  -2.102867e+00  -2.195178e+00  -2.291413e+00  -2.389747e+00  -2.486079e+00  -2.575267e+00  -2.653947e+00  -2.717972e+00  -2.766341e+00  -2.802889e+00  -2.833240e+00  -2.866942e+00  -2.911651e+00  -2.975086e+00  -3.066180e+00  -3.196420e+00  -3.382532e+00  -3.647555e+00  -4.023724e+00  -4.555059e+00  -5.300198e+00  -6.335018e+00  -7.752703e+00  -9.652347e+00  -1.212925e+01  -1.522658e+01  -1.887543e+01  -2.282309e+01  -2.660463e+01  -2.965084e+01  -3.157118e+01  -3.242955e+01
   50  -1.596534e+00  -1.598357e+00  -1.598903e+00  -1.600585e+00  -1.602162e+00  -1.604891e+00  -1.607800e+00  -1.612755e+00  -1.619016e+00  -1.628851e+00  -1.642005e+00  -1.659719e+00  -1.685227e+00  -1.717935e+00  -1.757981e+00  -1.811158e+00  -1.872805e+00  -1.942371e+00  -2.022244e+00  -2.108411e+00  -2.200592e+00  -2.296686e+00  -2.394870e+00  -2.491048e+00  -2.580085e+00  -2.658623e+00  -2.722523e+00  -2.770785e+00  -2.807239e+00  -2.837496e+00  -2.871085e+00  -2.915638e+00  -2.978849e+00  -3.069622e+00  -3.199401e+00  -3.384850e+00  -3.648918e+00  -4.023710e+00  -4.553017e+00  -5.295294e+00  -6.325878e+00  -7.737308e+00  -9.627705e+00  -1.209086e+01  -1.516796e+01  -1.878784e+01  -2.269627e+01  -2.642942e+01  -2.942430e+01  -3.130122e+01  -3.213312e+01
   51  -1.602514e+00  -1.604334e+00  -1.604879e+00  -1.606559e+00  -1.608133e+00  -1.610858e+00  -1.613763e+00  -1.618711e+00  -1.624962e+00  -1.634783e+00  -1.647918e+00  -1.665605e+00  -1.691075e+00  -1.723733e+00  -1.763718e+00  -1.816813e+00  -1.878363e+00  -1.947818e+00  -2.027561e+00  -2.113582e+00  -2.205602e+00  -2.301523e+00  -2.399524e+00  -2.495513e+00  -2.584368e+00  -2.662735e+00  -2.726486e+00  -2.774624e+00  -2.810971e+00  -2.841128e+00  -2.874594e+00  -2.918980e+00  -2.981955e+00  -3.072387e+00  -3.201674e+00  -3.386414e+00  -3.649462e+00  -4.022777e+00  -4.549943e+00  -5.289097e+00  -6.315092e+00  -7.719731e+00  -9.599993e+00  -1.204802e+01  -1.510273e+01  -1.869045e+01  -2.255508e+01  -2.623419e+01  -2.917169e+01  -3.100027e+01  -3.180290e+01
   52  -1.608299e+00  -1.610117e+00  -1.610661e+00  -1.612338e+00  -1.613909e+00  -1.616629e+00  -1.619529e+00  -1.624468e+00  -1.630708e+00  -1.640511e+00  -1.653623e+00  -1.671278e+00  -1.696703e+00  -1.729303e+00  -1.769216e+00  -1.822214e+00  -1.883649e+00  -1.952972e+00  -2.032560e+00  -2.118410e+00  -2.210241e+00  -2.305959e+00  -2.403744e+00  -2.499513e+00  -2.588155e+00  -2.666325e+00  -2.729904e+00  -2.777902e+00  -2.814132e+00  -2.844179e+00  -2.877515e+00  -2.921726e+00  -2.984449e+00  -3.074520e+00  -3.203287e+00  -3.387277e+00  -3.649240e+00  -4.020986e+00  -4.545869e+00  -5.281683e+00  -6.302753e+00  -7.700071e+00  -9.569372e+00  -1.200096e+01  -1.503127e+01  -1.858374e+01  -2.240036e+01  -2.602008e+01  -2.889478e+01  -3.067069e+01  -3.144177e+01
   53  -1.613910e+00  -1.615723e+00  -1.616266e+00  -1.617940e+00  -1.619508e+00  -1.622222e+00  -1.625116e+00  -1.630046e+00  -1.636273e+00  -1.646056e+00  -1.659141e+00  -1.676761e+00  -1.702133e+00  -1.734666e+00  -1.774495e+00  -1.827382e+00  -1.888686e+00  -1.957859e+00  -2.037269e+00  -2.122923e+00  -2.214539e+00  -2.310024e+00  -2.407563e+00  -2.503083e+00  -2.591484e+00  -2.669431e+00  -2.732818e+00  -2.780661e+00  -2.816762e+00  -2.846692e+00  -2.879891e+00  -2.923917e+00  -2.986376e+00  -3.076066e+00  -3.204286e+00  -3.387484e+00  -3.648304e+00  -4.018391e+00  -4.540855e+00  -5.273122e+00  -6.288948e+00  -7.678436e+00  -9.535991e+00  -1.194990e+01  -1.495388e+01  -1.846824e+01  -2.223289e+01  -2.578842e+01  -2.859536e+01  -3.031487e+01  -3.105255e+01
   54  -1.619362e+00  -1.621171e+00  -1.621713e+00  -1.623383e+00  -1.624947e+00  -1.627656e+00  -1.630543e+00  -1.635461e+00  -1.641674e+00  -1.651435e+00  -1.664490e+00  -1.682069e+00  -1.707383e+00  -1.739841e+00  -1.779577e+00  -1.832339e+00  -1.893497e+00  -1.962500e+00  -2.041713e+00  -2.127148e+00  -2.218523e+00  -2.313749e+00  -2.411014e+00  -2.506256e+00  -2.594389e+00  -2.672089e+00  -2.735264e+00  -2.782937e+00  -2.818900e+00  -2.848705e+00  -2.881760e+00  -2.925592e+00  -2.987776e+00  -3.077067e+00  -3.204712e+00  -3.387081e+00  -3.646699e+00  -4.015041e+00  -4.534958e+00  -5.263480e+00  -6.273757e+00  -7.654948e+00  -9.499995e+00  -1.189503e+01  -1.487085e+01  -1.834446e+01  -2.205345e+01  -2.554035e+01  -2.827525e+01  -2.993518e+01  -3.063797e+01
   55  -1.624671e+00  -1.626477e+00  -1.627017e+00  -1.628682e+00  -1.630243e+00  -1.632944e+00  -1.635824e+00  -1.640730e+00  -1.646928e+00  -1.656664e+00  -1.669686e+00  -1.687221e+00  -1.712471e+00  -1.744845e+00  -1.784479e+00  -1.837104e+00  -1.898100e+00  -1.966918e+00  -2.045913e+00  -2.131107e+00  -2.222217e+00  -2.317159e+00  -2.414125e+00  -2.509062e+00  -2.596901e+00  -2.674332e+00  -2.737277e+00  -2.784766e+00  -2.820581e+00  -2.850254e+00  -2.883159e+00  -2.926788e+00  -2.988684e+00  -3.077559e+00  -3.204604e+00  -3.386106e+00  -3.644469e+00  -4.010984e+00  -4.528231e+00  -5.252821e+00  -6.257257e+00  -7.629685e+00  -9.461521e+00  -1.183658e+01  -1.478254e+01  -1.821285e+01  -2.186284e+01  -2.527717e+01  -2.793621e+01  -2.953394e+01  -3.020088e+01
   56  -1.629853e+00  -1.631653e+00  -1.632192e+00  -1.633853e+00  -1.635409e+00  -1.638103e+00  -1.640975e+00  -1.645868e+00  -1.652049e+00  -1.661758e+00  -1.674744e+00  -1.692231e+00  -1.717411e+00  -1.749696e+00  -1.789218e+00  -1.841694e+00  -1.902515e+00  -1.971131e+00  -2.049890e+00  -2.134823e+00  -2.225646e+00  -2.320279e+00  -2.416920e+00  -2.511528e+00  -2.599050e+00  -2.676190e+00  -2.738888e+00  -2.786179e+00  -2.821837e+00  -2.851372e+00  -2.884120e+00  -2.927539e+00  -2.989135e+00  -3.077578e+00  -3.204000e+00  -3.384599e+00  -3.641654e+00  -4.006264e+00  -4.520722e+00  -5.241200e+00  -6.239517e+00  -7.601795e+00  -9.420699e+00  -1.177473e+01  -1.468921e+01  -1.807393e+01  -2.166181e+01  -2.500004e+01  -2.757998e+01  -2.911353e+01  -2.974389e+01
   57  -1.634919e+00  -1.636714e+00  -1.637251e+00  -1.638907e+00  -1.640459e+00  -1.643145e+00  -1.646009e+00  -1.650887e+00  -1.657050e+00  -1.666730e+00  -1.679678e+00  -1.697113e+00  -1.722218e+00  -1.754406e+00  -1.793809e+00  -1.846125e+00  -1.906758e+00  -1.975157e+00  -2.053662e+00  -2.138315e+00  -2.228830e+00  -2.323133e+00  -2.419425e+00  -2.513680e+00  -2.600863e+00  -2.677691e+00  -2.740125e+00  -2.787207e+00  -2.822698e+00  -2.852089e+00  -2.884674e+00  -2.927876e+00  -2.989162e+00  -3.077156e+00  -3.202931e+00  -3.382594e+00  -3.638290e+00  -4.000922e+00  -4.512479e+00  -5.228672e+00  -6.220607e+00  -7.573286e+00  -9.377654e+00  -1.170966e+01  -1.459117e+01  -1.792814e+01  -2.145112e+01  -2.471015e+01  -2.720832e+01  -2.867618e+01  -2.926977e+01
   58  -1.639882e+00  -1.641671e+00  -1.642206e+00  -1.643857e+00  -1.645404e+00  -1.648082e+00  -1.650937e+00  -1.655799e+00  -1.661943e+00  -1.671593e+00  -1.684500e+00  -1.701879e+00  -1.726904e+00  -1.758989e+00  -1.798265e+00  -1.850411e+00  -1.910843e+00  -1.979012e+00  -2.057247e+00  -2.141602e+00  -2.231789e+00  -2.325740e+00  -2.421662e+00  -2.515541e+00  -2.602363e+00  -2.678862e+00  -2.741015e+00  -2.787877e+00  -2.823194e+00  -2.852434e+00  -2.884850e+00  -2.927827e+00  -2.988792e+00  -3.076323e+00  -3.201429e+00  -3.380123e+00  -3.634413e+00  -3.994994e+00  -4.503543e+00  -5.215290e+00  -6.200590e+00  -7.543281e+00  -9.332506e+00  -1.164156e+01  -1.448870e+01  -1.777594e+01  -2.123153e+01  -2.440861e+01  -2.682293e+01  -2.822411e+01  -2.878093e+01
   59  -1.644751e+00  -1.646534e+00  -1.647068e+00  -1.648713e+00  -1.650255e+00  -1.652924e+00  -1.655769e+00  -1.660615e+00  -1.666738e+00  -1.676356e+00  -1.689220e+00  -1.706540e+00  -1.731481e+00  -1.763458e+00  -1.802599e+00  -1.854564e+00  -1.914785e+00  -1.982711e+00  -2.060660e+00  -2.144699e+00  -2.234540e+00  -2.328119e+00  -2.423650e+00  -2.517133e+00  -2.603575e+00  -2.679725e+00  -2.741584e+00  -2.788214e+00  -2.823348e+00  -2.852433e+00  -2.884675e+00  -2.927419e+00  -2.988053e+00  -3.075107e+00  -3.199522e+00  -3.377216e+00  -3.630054e+00  -3.988517e+00  -4.493955e+00  -5.201099e+00  -6.179527e+00  -7.511860e+00  -9.285371e+00  -1.157059e+01  -1.438208e+01  -1.761779e+01  -2.100372e+01  -2.409667e+01  -2.642538e+01  -2.775941e+01  -2.827990e+01
   60  -1.649537e+00  -1.651314e+00  -1.651846e+00  -1.653485e+00  -1.655021e+00  -1.657681e+00  -1.660516e+00  -1.665345e+00  -1.671447e+00  -1.681030e+00  -1.693849e+00  -1.711108e+00  -1.735960e+00  -1.767822e+00  -1.806823e+00  -1.858598e+00  -1.918596e+00  -1.986266e+00  -2.063916e+00  -2.147623e+00  -2.237100e+00  -2.330289e+00  -2.425408e+00  -2.518475e+00  -2.604518e+00  -2.680303e+00  -2.741853e+00  -2.788241e+00  -2.823185e+00  -2.852109e+00  -2.884171e+00  -2.926676e+00  -2.986971e+00  -3.073532e+00  -3.197237e+00  -3.373902e+00  -3.625244e+00  -3.981523e+00  -4.483753e+00  -5.186146e+00  -6.157474e+00  -7.479100e+00  -9.236359e+00  -1.149694e+01  -1.427156e+01  -1.745413e+01  -2.076847e+01  -2.377529e+01  -2.601732e+01  -2.728415e+01  -2.776895e+01
   61  -1.654247e+00  -1.656018e+00  -1.656548e+00  -1.658181e+00  -1.659712e+00  -1.662362e+00  -1.665186e+00  -1.669998e+00  -1.676076e+00  -1.685625e+00  -1.698395e+00  -1.715591e+00  -1.740350e+00  -1.772092e+00  -1.810945e+00  -1.862523e+00  -1.922288e+00  -1.989690e+00  -2.067026e+00  -2.150387e+00  -2.239484e+00  -2.332264e+00  -2.426954e+00  -2.519586e+00  -2.605212e+00  -2.680616e+00  -2.741845e+00  -2.787980e+00  -2.822728e+00  -2.851485e+00  -2.883362e+00  -2.925622e+00  -2.985567e+00  -3.071623e+00  -3.194598e+00  -3.370206e+00  -3.620010e+00  -3.974043e+00  -4.472972e+00  -5.170474e+00  -6.134488e+00  -7.445076e+00  -9.185578e+00  -1.142073e+01  -1.415741e+01  -1.728537e+01  -2.052639e+01  -2.344566e+01  -2.560023e+01  -2.680030e+01  -2.725030e+01
   62  -1.658891e+00  -1.660654e+00  -1.661182e+00  -1.662809e+00  -1.664334e+00  -1.666974e+00  -1.669787e+00  -1.674580e+00  -1.680635e+00  -1.690147e+00  -1.702868e+00  -1.719996e+00  -1.744659e+00  -1.776277e+00  -1.814976e+00  -1.866348e+00  -1.925871e+00  -1.992994e+00  -2.070004e+00  -2.153004e+00  -2.241705e+00  -2.334060e+00  -2.428303e+00  -2.520483e+00  -2.605674e+00  -2.680683e+00  -2.741577e+00  -2.787451e+00  -2.821995e+00  -2.850582e+00  -2.882269e+00  -2.924277e+00  -2.983865e+00  -3.069403e+00  -3.191629e+00  -3.366152e+00  -3.614379e+00  -3.966107e+00  -4.461646e+00  -5.154123e+00  -6.110618e+00  -7.409859e+00  -9.133130e+00  -1.134217e+01  -1.403990e+01  -1.711190e+01  -2.027819e+01  -2.310874e+01  -2.517569e+01  -2.630968e+01  -2.672596e+01
   63  -1.663474e+00  -1.665230e+00  -1.665756e+00  -1.667377e+00  -1.668895e+00  -1.671524e+00  -1.674327e+00  -1.679100e+00  -1.685131e+00  -1.694604e+00  -1.707274e+00  -1.724333e+00  -1.748896e+00  -1.780384e+00  -1.818924e+00  -1.870082e+00  -1.929353e+00  -1.996188e+00  -2.072859e+00  -2.155485e+00  -2.243775e+00  -2.335690e+00  -2.429469e+00  -2.521180e+00  -2.605922e+00  -2.680520e+00  -2.741069e+00  -2.786672e+00  -2.821007e+00  -2.849418e+00  -2.880911e+00  -2.922662e+00  -2.981883e+00  -3.066890e+00  -3.188351e+00  -3.361763e+00  -3.608375e+00  -3.957741e+00  -4.449808e+00  -5.137132e+00  -6.085917e+00  -7.373517e+00  -9.079117e+00  -1.126139e+01  -1.391925e+01  -1.693420e+01  -2.002456e+01  -2.276560e+01  -2.474501e+01  -2.581405e+01  -2.619787e+01
   64  -1.668003e+00  -1.669752e+00  -1.670275e+00  -1.671889e+00  -1.673402e+00  -1.676020e+00  -1.678810e+00  -1.683564e+00  -1.689570e+00  -1.699004e+00  -1.711620e+00  -1.728608e+00  -1.753067e+00  -1.784422e+00  -1.822797e+00  -1.873733e+00  -1.932745e+00  -1.999281e+00  -2.075602e+00  -2.157842e+00  -2.245707e+00  -2.337166e+00  -2.430466e+00  -2.521692e+00  -2.605970e+00  -2.680145e+00  -2.740336e+00  -2.785661e+00  -2.819780e+00  -2.848011e+00  -2.879306e+00  -2.920793e+00  -2.979640e+00  -3.064106e+00  -3.184784e+00  -3.357060e+00  -3.602020e+00  -3.948973e+00  -4.437485e+00  -5.119538e+00  -6.060431e+00  -7.336116e+00  -9.023635e+00  -1.117855e+01  -1.379573e+01  -1.675257e+01  -1.976606e+01  -2.241715e+01  -2.430955e+01  -2.531505e+01  -2.566780e+01
   65  -1.672483e+00  -1.674225e+00  -1.674746e+00  -1.676353e+00  -1.677859e+00  -1.680466e+00  -1.683244e+00  -1.687978e+00  -1.693957e+00  -1.703350e+00  -1.715912e+00  -1.732826e+00  -1.757178e+00  -1.788396e+00  -1.826601e+00  -1.877310e+00  -1.936053e+00  -2.002281e+00  -2.078242e+00  -2.160083e+00  -2.247510e+00  -2.338500e+00  -2.431306e+00  -2.522033e+00  -2.605832e+00  -2.679570e+00  -2.739394e+00  -2.784433e+00  -2.818331e+00  -2.846377e+00  -2.877469e+00  -2.918689e+00  -2.977153e+00  -3.061067e+00  -3.180946e+00  -3.352063e+00  -3.595337e+00  -3.939824e+00  -4.424707e+00  -5.101376e+00  -6.034206e+00  -7.297720e+00  -8.966777e+00  -1.109380e+01  -1.366954e+01  -1.656748e+01  -1.950337e+01  -2.206437e+01  -2.387060e+01  -2.481421e+01  -2.513743e+01
   66  -1.676920e+00  -1.678654e+00  -1.679173e+00  -1.680773e+00  -1.682272e+00  -1.684867e+00  -1.687634e+00  -1.692346e+00  -1.698299e+00  -1.707650e+00  -1.720156e+00  -1.736993e+00  -1.761236e+00  -1.792312e+00  -1.830342e+00  -1.880817e+00  -1.939285e+00  -2.005196e+00  -2.080786e+00  -2.162217e+00  -2.249194e+00  -2.339702e+00  -2.432000e+00  -2.522214e+00  -2.605521e+00  -2.678811e+00  -2.738258e+00  -2.783003e+00  -2.816675e+00  -2.844532e+00  -2.875418e+00  -2.916364e+00  -2.974439e+00  -3.057789e+00  -3.176854e+00  -3.346790e+00  -3.588346e+00  -3.930319e+00  -4.411502e+00  -5.082678e+00  -6.007286e+00  -7.258390e+00  -8.908806e+00  -1.100725e+01  -1.354093e+01  -1.637924e+01  -1.923701e+01  -2.170811e+01  -2.342932e+01  -2.431292e+01  -2.460820e+01
   67  -1.681319e+00  -1.683045e+00  -1.683561e+00  -1.685154e+00  -1.686646e+00  -1.689229e+00  -1.691983e+00  -1.696673e+00  -1.702599e+00  -1.711907e+00  -1.724355e+00  -1.741115e+00  -1.765244e+00  -1.796176e+00  -1.834027e+00  -1.884261e+00  -1.942447e+00  -2.008033e+00  -2.083242e+00  -2.164253e+00  -2.250769e+00  -2.340781e+00  -2.432558e+00  -2.522246e+00  -2.605049e+00  -2.677880e+00  -2.736940e+00  -2.781384e+00  -2.814825e+00  -2.842490e+00  -2.873165e+00  -2.913833e+00  -2.971512e+00  -3.054289e+00  -3.172525e+00  -3.341258e+00  -3.581065e+00  -3.920479e+00  -4.397893e+00  -5.063477e+00  -5.979713e+00  -7.218185e+00  -8.849470e+00  -1.091906e+01  -1.341014e+01  -1.618823e+01  -1.896761e+01  -2.134918e+01  -2.298691e+01  -2.381250e+01  -2.408147e+01
   68  -1.685682e+00  -1.687400e+00  -1.687914e+00  -1.689499e+00  -1.690984e+00  -1.693555e+00  -1.696296e+00  -1.700964e+00  -1.706862e+00  -1.716126e+00  -1.728515e+00  -1.745195e+00  -1.769209e+00  -1.799992e+00  -1.837659e+00  -1.887648e+00  -1.945544e+00  -2.010798e+00  -2.085618e+00  -2.166198e+00  -2.252241e+00  -2.341747e+00  -2.432991e+00  -2.522140e+00  -2.604427e+00  -2.676788e+00  -2.735453e+00  -2.779590e+00  -2.812794e+00  -2.840264e+00  -2.870725e+00  -2.911110e+00  -2.968386e+00  -3.050580e+00  -3.167974e+00  -3.335485e+00  -3.573512e+00  -3.910324e+00  -4.383906e+00  -5.043803e+00  -5.951528e+00  -7.177163e+00  -8.789025e+00  -1.082936e+01  -1.327733e+01  -1.599480e+01  -1.869569e+01  -2.098845e+01  -2.254431e+01  -2.331419e+01  -2.355845e+01
   69  -1.690014e+00  -1.691723e+00  -1.692235e+00  -1.693812e+00  -1.695290e+00  -1.697849e+00  -1.700576e+00  -1.705222e+00  -1.711091e+00  -1.720310e+00  -1.732639e+00  -1.749237e+00  -1.773134e+00  -1.803765e+00  -1.841245e+00  -1.890982e+00  -1.948583e+00  -2.013497e+00  -2.087918e+00  -2.168058e+00  -2.253619e+00  -2.342607e+00  -2.433306e+00  -2.521905e+00  -2.603665e+00  -2.675546e+00  -2.733807e+00  -2.777631e+00  -2.810595e+00  -2.837866e+00  -2.868110e+00  -2.908207e+00  -2.965075e+00  -3.046676e+00  -3.163215e+00  -3.329484e+00  -3.565705e+00  -3.899874e+00  -4.369564e+00  -5.023686e+00  -5.922769e+00  -7.135377e+00  -8.727543e+00  -1.073829e+01  -1.314275e+01  -1.579927e+01  -1.842179e+01  -2.062664e+01  -2.210260e+01  -2.281900e+01  -2.304024e+01
   70  -1.694318e+00  -1.696019e+00  -1.696528e+00  -1.698097e+00  -1.699568e+00  -1.702114e+00  -1.704828e+00  -1.709450e+00  -1.715290e+00  -1.724463e+00  -1.736730e+00  -1.753246e+00  -1.777022e+00  -1.807498e+00  -1.844787e+00  -1.894268e+00  -1.951567e+00  -2.016134e+00  -2.090149e+00  -2.169841e+00  -2.254909e+00  -2.343368e+00  -2.433512e+00  -2.521549e+00  -2.602772e+00  -2.674164e+00  -2.732015e+00  -2.775519e+00  -2.808239e+00  -2.835308e+00  -2.865331e+00  -2.905136e+00  -2.961589e+00  -3.042590e+00  -3.158261e+00  -3.323271e+00  -3.557659e+00  -3.889146e+00  -4.354889e+00  -5.003154e+00  -5.893474e+00  -7.092883e+00  -8.665105e+00  -1.064595e+01  -1.300658e+01  -1.560200e+01  -1.814636e+01  -2.026444e+01  -2.166263e+01  -2.232802e+01  -2.252782e+01
   71  -1.698596e+00  -1.700289e+00  -1.700795e+00  -1.702357e+00  -1.703820e+00  -1.706353e+00  -1.709053e+00  -1.713652e+00  -1.719462e+00  -1.728588e+00  -1.740793e+00  -1.757223e+00  -1.780878e+00  -1.811196e+00  -1.848290e+00  -1.897509e+00  -1.954501e+00  -2.018715e+00  -2.092316e+00  -2.171551e+00  -2.256117e+00  -2.344038e+00  -2.433616e+00  -2.521082e+00  -2.601758e+00  -2.672652e+00  -2.730084e+00  -2.773264e+00  -2.805735e+00  -2.832599e+00  -2.862398e+00  -2.901908e+00  -2.957941e+00  -3.038334e+00  -3.153125e+00  -3.316858e+00  -3.549389e+00  -3.878159e+00  -4.339901e+00  -4.982232e+00  -5.863679e+00  -7.049731e+00  -8.601807e+00  -1.055248e+01  -1.286902e+01  -1.540325e+01  -1.786993e+01  -1.990256e+01  -2.122521e+01  -2.184204e+01  -2.202203e+01
   72  -1.702852e+00  -1.704536e+00  -1.705040e+00  -1.706593e+00  -1.708048e+00  -1.710568e+00  -1.713254e+00  -1.717830e+00  -1.723609e+00  -1.732688e+00  -1.744829e+00  -1.761173e+00  -1.784703e+00  -1.814861e+00  -1.851756e+00  -1.900710e+00  -1.957389e+00  -2.021244e+00  -2.094424e+00  -2.173193e+00  -2.257249e+00  -2.344623e+00  -2.433626e+00  -2.520510e+00  -2.600630e+00  -2.671017e+00  -2.728025e+00  -2.770876e+00  -2.803094e+00  -2.829750e+00  -2.859323e+00  -2.898534e+00  -2.954141e+00  -3.033918e+00  -3.147818e+00  -3.310259e+00  -3.540909e+00  -3.866929e+00  -4.324622e+00  -4.960948e+00  -5.833419e+00  -7.005971e+00  -8.537707e+00  -1.045799e+01  -1.273030e+01  -1.520333e+01  -1.759292e+01  -1.954164e+01  -2.079110e+01  -2.136190e+01  -2.152363e+01
   73  -1.707087e+00  -1.708762e+00  -1.709263e+00  -1.710808e+00  -1.712256e+00  -1.714763e+00  -1.717434e+00  -1.721985e+00  -1.727734e+00  -1.736764e+00  -1.748840e+00  -1.765097e+00  -1.788500e+00  -1.818495e+00  -1.855189e+00  -1.903873e+00  -1.960235e+00  -2.023724e+00  -2.096476e+00  -2.174773e+00  -2.258310e+00  -2.345128e+00  -2.433547e+00  -2.519840e+00  -2.599395e+00  -2.669269e+00  -2.725845e+00  -2.768362e+00  -2.800325e+00  -2.826771e+00  -2.856114e+00  -2.895022e+00  -2.950199e+00  -3.029353e+00  -3.142352e+00  -3.303486e+00  -3.532234e+00  -3.855471e+00  -4.309070e+00  -4.939325e+00  -5.802728e+00  -6.961652e+00  -8.472876e+00  -1.036261e+01  -1.259052e+01  -1.500258e+01  -1.731577e+01  -1.918221e+01  -2.036103e+01  -2.088824e+01  -2.103321e+01
   74  -1.711303e+00  -1.712969e+00  -1.713468e+00  -1.715004e+00  -1.716444e+00  -1.718937e+00  -1.721594e+00  -1.726121e+00  -1.731839e+00  -1.740820e+00  -1.752830e+00  -1.768998e+00  -1.792273e+00  -1.822102e+00  -1.858591e+00  -1.907001e+00  -1.963040e+00  -2.026159e+00  -2.098478e+00  -2.176295e+00  -2.259305e+00  -2.345559e+00  -2.433385e+00  -2.519080e+00  -2.598062e+00  -2.667414e+00  -2.723554e+00  -2.765732e+00  -2.797436e+00  -2.823669e+00  -2.852780e+00  -2.891383e+00  -2.946124e+00  -3.024648e+00  -3.136737e+00  -3.296549e+00  -3.523375e+00  -3.843801e+00  -4.293263e+00  -4.917389e+00  -5.771639e+00  -6.916821e+00  -8.407403e+00  -1.026642e+01  -1.244992e+01  -1.480118e+01  -1.703889e+01  -1.882483e+01  -1.993559e+01  -2.042172e+01  -2.055135e+01
   75  -1.715503e+00  -1.717159e+00  -1.717655e+00  -1.719183e+00  -1.720615e+00  -1.723095e+00  -1.725737e+00  -1.730238e+00  -1.735924e+00  -1.744856e+00  -1.756799e+00  -1.772877e+00  -1.796022e+00  -1.825683e+00  -1.861965e+00  -1.910097e+00  -1.965810e+00  -2.028552e+00  -2.100431e+00  -2.177762e+00  -2.260239e+00  -2.345921e+00  -2.433145e+00  -2.518233e+00  -2.596635e+00  -2.665460e+00  -2.721157e+00  -2.762992e+00  -2.794435e+00  -2.820453e+00  -2.849330e+00  -2.887623e+00  -2.941926e+00  -3.019813e+00  -3.130982e+00  -3.289461e+00  -3.514345e+00  -3.831933e+00  -4.277220e+00  -4.895160e+00  -5.740182e+00  -6.871523e+00  -8.341341e+00  -1.016956e+01  -1.230865e+01  -1.459948e+01  -1.676262e+01  -1.847001e+01  -1.951536e+01  -1.996288e+01  -2.007851e+01
   76  -1.719687e+00  -1.721334e+00  -1.721827e+00  -1.723346e+00  -1.724770e+00  -1.727236e+00  -1.729863e+00  -1.734339e+00  -1.739993e+00  -1.748874e+00  -1.760750e+00  -1.776736e+00  -1.799749e+00  -1.829241e+00  -1.865313e+00  -1.913163e+00  -1.968545e+00  -2.030907e+00  -2.102339e+00  -2.179178e+00  -2.261115e+00  -2.346218e+00  -2.432833e+00  -2.517307e+00  -2.595122e+00  -2.663413e+00  -2.718662e+00  -2.760151e+00  -2.791329e+00  -2.817130e+00  -2.845771e+00  -2.883753e+00  -2.937611e+00  -3.014856e+00  -3.125098e+00  -3.282230e+00  -3.505156e+00  -3.819881e+00  -4.260957e+00  -4.872663e+00  -5.708388e+00  -6.825801e+00  -8.274763e+00  -1.007211e+01  -1.216684e+01  -1.439765e+01  -1.648739e+01  -1.811821e+01  -1.910084e+01  -1.951208e+01  -1.961505e+01
   77  -1.723856e+00  -1.725494e+00  -1.725984e+00  -1.727495e+00  -1.728911e+00  -1.731362e+00  -1.733974e+00  -1.738425e+00  -1.744046e+00  -1.752876e+00  -1.764684e+00  -1.780578e+00  -1.803457e+00  -1.832776e+00  -1.868636e+00  -1.916201e+00  -1.971248e+00  -2.033225e+00  -2.104206e+00  -2.180547e+00  -2.261937e+00  -2.346454e+00  -2.432454e+00  -2.516307e+00  -2.593527e+00  -2.661279e+00  -2.716076e+00  -2.757215e+00  -2.788126e+00  -2.813708e+00  -2.842110e+00  -2.879777e+00  -2.933189e+00  -3.009787e+00  -3.119092e+00  -3.274866e+00  -3.495818e+00  -3.807657e+00  -4.244491e+00  -4.849917e+00  -5.676287e+00  -6.779698e+00  -8.207738e+00  -9.974172e+00  -1.202470e+01  -1.419596e+01  -1.621347e+01  -1.776984e+01  -1.869238e+01  -1.906978e+01  -1.916125e+01
   78  -1.728012e+00  -1.729640e+00  -1.730128e+00  -1.731630e+00  -1.733037e+00  -1.735474e+00  -1.738072e+00  -1.742496e+00  -1.748085e+00  -1.756863e+00  -1.768601e+00  -1.784402e+00  -1.807146e+00  -1.836292e+00  -1.871937e+00  -1.919213e+00  -1.973921e+00  -2.035509e+00  -2.106034e+00  -2.181871e+00  -2.262708e+00  -2.346633e+00  -2.432011e+00  -2.515236e+00  -2.591857e+00  -2.659063e+00  -2.713404e+00  -2.754190e+00  -2.784831e+00  -2.810193e+00  -2.838355e+00  -2.875705e+00  -2.928665e+00  -3.004611e+00  -3.112973e+00  -3.267380e+00  -3.486342e+00  -3.795275e+00  -4.227837e+00  -4.826944e+00  -5.643906e+00  -6.733255e+00  -8.140314e+00  -9.875856e+00  -1.188232e+01  -1.399465e+01  -1.594120e+01  -1.742526e+01  -1.829051e+01  -1.863629e+01  -1.871734e+01
   79  -1.732156e+00  -1.733775e+00  -1.734259e+00  -1.735752e+00  -1.737152e+00  -1.739574e+00  -1.742156e+00  -1.746554e+00  -1.752110e+00  -1.760836e+00  -1.772504e+00  -1.788210e+00  -1.810818e+00  -1.839788e+00  -1.875216e+00  -1.922201e+00  -1.976567e+00  -2.037761e+00  -2.107825e+00  -2.183153e+00  -2.263432e+00  -2.346759e+00  -2.431509e+00  -2.514100e+00  -2.590116e+00  -2.656772e+00  -2.710652e+00  -2.751082e+00  -2.781452e+00  -2.806591e+00  -2.834511e+00  -2.871542e+00  -2.924048e+00  -2.999337e+00  -3.106749e+00  -3.259779e+00  -3.476739e+00  -3.782746e+00  -4.211010e+00  -4.803763e+00  -5.611273e+00  -6.686520e+00  -8.072549e+00  -9.777240e+00  -1.173992e+01  -1.379393e+01  -1.567086e+01  -1.708487e+01  -1.789547e+01  -1.821183e+01  -1.828349e+01
   80  -1.736288e+00  -1.737897e+00  -1.738379e+00  -1.739863e+00  -1.741254e+00  -1.743662e+00  -1.746228e+00  -1.750600e+00  -1.756122e+00  -1.764795e+00  -1.776393e+00  -1.792004e+00  -1.814474e+00  -1.843266e+00  -1.878475e+00  -1.925166e+00  -1.979186e+00  -2.039983e+00  -2.109582e+00  -2.184396e+00  -2.264112e+00  -2.346835e+00  -2.430952e+00  -2.512903e+00  -2.588308e+00  -2.654410e+00  -2.707825e+00  -2.747897e+00  -2.777994e+00  -2.802908e+00  -2.830585e+00  -2.867295e+00  -2.919344e+00  -2.993971e+00  -3.100428e+00  -3.252072e+00  -3.467017e+00  -3.770082e+00  -4.194025e+00  -4.780393e+00  -5.578414e+00  -6.639506e+00  -8.004516e+00  -9.678410e+00  -1.159754e+01  -1.359396e+01  -1.540271e+01  -1.674891e+01  -1.750756e+01  -1.779655e+01  -1.785986e+01
   81  -1.740410e+00  -1.742009e+00  -1.742487e+00  -1.743963e+00  -1.745345e+00  -1.747738e+00  -1.750289e+00  -1.754634e+00  -1.760122e+00  -1.768742e+00  -1.780269e+00  -1.795784e+00  -1.818115e+00  -1.846727e+00  -1.881715e+00  -1.928110e+00  -1.981781e+00  -2.042177e+00  -2.111307e+00  -2.185603e+00  -2.264750e+00  -2.346864e+00  -2.430342e+00  -2.511649e+00  -2.586438e+00  -2.651981e+00  -2.704929e+00  -2.744640e+00  -2.774461e+00  -2.799151e+00  -2.826582e+00  -2.862969e+00  -2.914559e+00  -2.988520e+00  -3.094016e+00  -3.244266e+00  -3.457186e+00  -3.757294e+00  -4.176895e+00  -4.756852e+00  -5.545355e+00  -6.592274e+00  -7.936255e+00  -9.579462e+00  -1.145538e+01  -1.339497e+01  -1.513701e+01  -1.641770e+01  -1.712700e+01  -1.739066e+01  -1.744644e+01
   82  -1.744521e+00  -1.746110e+00  -1.746586e+00  -1.748052e+00  -1.749425e+00  -1.751804e+00  -1.754339e+00  -1.758657e+00  -1.764111e+00  -1.772677e+00  -1.784132e+00  -1.799550e+00  -1.821741e+00  -1.850173e+00  -1.884937e+00  -1.931033e+00  -1.984352e+00  -2.044344e+00  -2.113000e+00  -2.186774e+00  -2.265348e+00  -2.346849e+00  -2.429683e+00  -2.510341e+00  -2.584510e+00  -2.649491e+00  -2.701968e+00  -2.741315e+00  -2.770860e+00  -2.795323e+00  -2.822508e+00  -2.858570e+00  -2.909698e+00  -2.982991e+00  -3.087521e+00  -3.236370e+00  -3.447255e+00  -3.744392e+00  -4.159635e+00  -4.733159e+00  -5.512121e+00  -6.544853e+00  -7.867823e+00  -9.480445e+00  -1.131350e+01  -1.319709e+01  -1.487398e+01  -1.609146e+01  -1.675398e+01  -1.699423e+01  -1.704328e+01
   83  -1.748622e+00  -1.750201e+00  -1.750674e+00  -1.752131e+00  -1.753496e+00  -1.755859e+00  -1.758378e+00  -1.762669e+00  -1.768089e+00  -1.776601e+00  -1.787984e+00  -1.803304e+00  -1.825353e+00  -1.853603e+00  -1.888142e+00  -1.933936e+00  -1.986901e+00  -2.046485e+00  -2.114665e+00  -2.187912e+00  -2.265909e+00  -2.346793e+00  -2.428978e+00  -2.508982e+00  -2.582528e+00  -2.646942e+00  -2.698946e+00  -2.737929e+00  -2.767195e+00  -2.791431e+00  -2.818368e+00  -2.854104e+00  -2.904767e+00  -2.977388e+00  -3.080948e+00  -3.228391e+00  -3.437231e+00  -3.731386e+00  -4.142256e+00  -4.709331e+00  -5.478734e+00  -6.497277e+00  -7.799278e+00  -9.381492e+00  -1.117209e+01  -1.300051e+01  -1.461384e+01  -1.577043e+01  -1.638867e+01  -1.660730e+01  -1.665039e+01
   84  -1.752713e+00  -1.754282e+00  -1.754752e+00  -1.756200e+00  -1.757556e+00  -1.759904e+00  -1.762407e+00  -1.766671e+00  -1.772056e+00  -1.780514e+00  -1.791824e+00  -1.807045e+00  -1.828952e+00  -1.857018e+00  -1.891331e+00  -1.936821e+00  -1.989429e+00  -2.048603e+00  -2.116303e+00  -2.189020e+00  -2.266436e+00  -2.346698e+00  -2.428230e+00  -2.507576e+00  -2.580495e+00  -2.644340e+00  -2.695868e+00  -2.734484e+00  -2.763471e+00  -2.787478e+00  -2.814167e+00  -2.849574e+00  -2.899772e+00  -2.971718e+00  -3.074303e+00  -3.220334e+00  -3.427124e+00  -3.718287e+00  -4.124771e+00  -4.685383e+00  -5.445219e+00  -6.449578e+00  -7.730682e+00  -9.282637e+00  -1.103119e+01  -1.280539e+01  -1.435676e+01  -1.545475e+01  -1.603117e+01  -1.622989e+01  -1.626767e+01
   85  -1.756795e+00  -1.758354e+00  -1.758821e+00  -1.760259e+00  -1.761607e+00  -1.763940e+00  -1.766427e+00  -1.770662e+00  -1.776013e+00  -1.784416e+00  -1.795652e+00  -1.810774e+00  -1.832538e+00  -1.860420e+00  -1.894504e+00  -1.939689e+00  -1.991937e+00  -2.050698e+00  -2.117914e+00  -2.190098e+00  -2.266929e+00  -2.346565e+00  -2.427441e+00  -2.506126e+00  -2.578414e+00  -2.641687e+00  -2.692738e+00  -2.730985e+00  -2.759692e+00  -2.783469e+00  -2.809909e+00  -2.844987e+00  -2.894717e+00  -2.965986e+00  -3.067594e+00  -3.212208e+00  -3.416940e+00  -3.705104e+00  -4.107192e+00  -4.661331e+00  -5.411596e+00  -6.401789e+00  -7.662034e+00  -9.183949e+00  -1.089094e+01  -1.261187e+01  -1.410292e+01  -1.514463e+01  -1.568159e+01  -1.586200e+01  -1.589505e+01
   86  -1.760868e+00  -1.762417e+00  -1.762880e+00  -1.764309e+00  -1.765648e+00  -1.767966e+00  -1.770436e+00  -1.774644e+00  -1.779960e+00  -1.788308e+00  -1.799470e+00  -1.814492e+00  -1.836112e+00  -1.863807e+00  -1.897662e+00  -1.942539e+00  -1.994426e+00  -2.052771e+00  -2.119501e+00  -2.191148e+00  -2.267391e+00  -2.346398e+00  -2.426614e+00  -2.504635e+00  -2.576289e+00  -2.638988e+00  -2.689559e+00  -2.727436e+00  -2.755862e+00  -2.779409e+00  -2.805599e+00  -2.840347e+00  -2.889607e+00  -2.960197e+00  -3.060825e+00  -3.204018e+00  -3.406688e+00  -3.691845e+00  -4.089530e+00  -4.637192e+00  -5.377888e+00  -6.353940e+00  -7.593433e+00  -9.085524e+00  -1.075145e+01  -1.242006e+01  -1.385245e+01  -1.484016e+01  -1.533994e+01  -1.550354e+01  -1.553242e+01
   87  -1.764931e+00  -1.766470e+00  -1.766930e+00  -1.768350e+00  -1.769680e+00  -1.771982e+00  -1.774436e+00  -1.778617e+00  -1.783897e+00  -1.792189e+00  -1.803277e+00  -1.818199e+00  -1.839673e+00  -1.867182e+00  -1.900805e+00  -1.945373e+00  -1.996896e+00  -2.054823e+00  -2.121064e+00  -2.192172e+00  -2.267824e+00  -2.346199e+00  -2.425752e+00  -2.503105e+00  -2.574123e+00  -2.636246e+00  -2.686335e+00  -2.723842e+00  -2.751985e+00  -2.775302e+00  -2.801240e+00  -2.835658e+00  -2.884447e+00  -2.954356e+00  -3.054001e+00  -3.195770e+00  -3.396373e+00  -3.678519e+00  -4.071798e+00  -4.612980e+00  -5.344115e+00  -6.306061e+00  -7.524916e+00  -8.987398e+00  -1.061280e+01  -1.223010e+01  -1.360552e+01  -1.454144e+01  -1.500626e+01  -1.515448e+01  -1.517968e+01
   88  -1.768986e+00  -1.770514e+00  -1.770972e+00  -1.772381e+00  -1.773702e+00  -1.775990e+00  -1.778427e+00  -1.782579e+00  -1.787824e+00  -1.796061e+00  -1.807074e+00  -1.821894e+00  -1.843223e+00  -1.870543e+00  -1.903935e+00  -1.948191e+00  -1.999348e+00  -2.056855e+00  -2.122605e+00  -2.193170e+00  -2.268229e+00  -2.345968e+00  -2.424856e+00  -2.501539e+00  -2.571918e+00  -2.633462e+00  -2.683070e+00  -2.720204e+00  -2.748065e+00  -2.771150e+00  -2.796838e+00  -2.830923e+00  -2.879241e+00  -2.948468e+00  -3.047127e+00  -3.187470e+00  -3.386004e+00  -3.665135e+00  -4.054004e+00  -4.588708e+00  -5.310296e+00  -6.258180e+00  -7.456481e+00  -8.889653e+00  -1.047503e+01  -1.204211e+01  -1.336226e+01  -1.424858e+01  -1.468055e+01  -1.481468e+01  -1.483665e+01
   89  -1.773031e+00  -1.774549e+00  -1.775003e+00  -1.776404e+00  -1.777716e+00  -1.779987e+00  -1.782408e+00  -1.786532e+00  -1.791741e+00  -1.799922e+00  -1.810860e+00  -1.825579e+00  -1.846761e+00  -1.873892e+00  -1.907050e+00  -1.950993e+00  -2.001783e+00  -2.058868e+00  -2.124124e+00  -2.194145e+00  -2.268607e+00  -2.345709e+00  -2.423928e+00  -2.499939e+00  -2.569677e+00  -2.630642e+00  -2.679765e+00  -2.716527e+00  -2.744105e+00  -2.766959e+00  -2.792394e+00  -2.826147e+00  -2.873992e+00  -2.942536e+00  -3.040209e+00  -3.179124e+00  -3.375586e+00  -3.651700e+00  -4.036160e+00  -4.564391e+00  -5.276450e+00  -6.210324e+00  -7.388211e+00  -8.792328e+00  -1.033829e+01  -1.185615e+01  -1.312268e+01  -1.396163e+01  -1.436280e+01  -1.448405e+01  -1.450318e+01
   90  -1.777067e+00  -1.778575e+00  -1.779026e+00  -1.780417e+00  -1.781720e+00  -1.783976e+00  -1.786380e+00  -1.790476e+00  -1.795649e+00  -1.803773e+00  -1.814635e+00  -1.829252e+00  -1.850287e+00  -1.877228e+00  -1.910151e+00  -1.953780e+00  -2.004201e+00  -2.060862e+00  -2.125622e+00  -2.195096e+00  -2.268960e+00  -2.345422e+00  -2.422971e+00  -2.498307e+00  -2.567403e+00  -2.627787e+00  -2.676425e+00  -2.712814e+00  -2.740109e+00  -2.762731e+00  -2.787914e+00  -2.821334e+00  -2.868706e+00  -2.936566e+00  -3.033252e+00  -3.170737e+00  -3.365125e+00  -3.638223e+00  -4.018275e+00  -4.540041e+00  -5.242597e+00  -6.162520e+00  -7.320125e+00  -8.695504e+00  -1.020262e+01  -1.167238e+01  -1.288697e+01  -1.368061e+01  -1.405292e+01  -1.416244e+01  -1.417908e+01
   91  -1.781094e+00  -1.782591e+00  -1.783039e+00  -1.784420e+00  -1.785714e+00  -1.787955e+00  -1.790342e+00  -1.794409e+00  -1.799547e+00  -1.807614e+00  -1.818401e+00  -1.832915e+00  -1.853801e+00  -1.880552e+00  -1.913240e+00  -1.956553e+00  -2.006603e+00  -2.062838e+00  -2.127100e+00  -2.196026e+00  -2.269289e+00  -2.345109e+00  -2.421985e+00  -2.496645e+00  -2.565098e+00  -2.624900e+00  -2.673053e+00  -2.709069e+00  -2.736080e+00  -2.758469e+00  -2.783400e+00  -2.816487e+00  -2.863386e+00  -2.930561e+00  -3.026258e+00  -3.162313e+00  -3.354629e+00  -3.624711e+00  -4.000358e+00  -4.515672e+00  -5.208753e+00  -6.114792e+00  -7.252264e+00  -8.599180e+00  -1.006810e+01  -1.149079e+01  -1.265517e+01  -1.340560e+01  -1.375088e+01  -1.384971e+01  -1.386416e+01
   92  -1.785111e+00  -1.786598e+00  -1.787043e+00  -1.788414e+00  -1.789699e+00  -1.791924e+00  -1.794295e+00  -1.798333e+00  -1.803434e+00  -1.811445e+00  -1.822155e+00  -1.836567e+00  -1.857304e+00  -1.883863e+00  -1.916315e+00  -1.959311e+00  -2.008989e+00  -2.064797e+00  -2.128560e+00  -2.196935e+00  -2.269595e+00  -2.344772e+00  -2.420974e+00  -2.494956e+00  -2.562765e+00  -2.621983e+00  -2.669650e+00  -2.705292e+00  -2.732020e+00  -2.754178e+00  -2.778856e+00  -2.811610e+00  -2.858034e+00  -2.924524e+00  -3.019234e+00  -3.153859e+00  -3.344102e+00  -3.611170e+00  -3.982420e+00  -4.491295e+00  -5.174935e+00  -6.067164e+00  -7.184681e+00  -8.503482e+00  -9.934781e+00  -1.131155e+01  -1.242734e+01  -1.313654e+01  -1.345661e+01  -1.354570e+01  -1.355826e+01
   93  -1.789119e+00  -1.790595e+00  -1.791037e+00  -1.792399e+00  -1.793674e+00  -1.795883e+00  -1.798237e+00  -1.802247e+00  -1.807312e+00  -1.815265e+00  -1.825899e+00  -1.840207e+00  -1.860796e+00  -1.887162e+00  -1.919377e+00  -1.962055e+00  -2.011359e+00  -2.066739e+00  -2.130000e+00  -2.197823e+00  -2.269880e+00  -2.344411e+00  -2.419938e+00  -2.493241e+00  -2.560404e+00  -2.619039e+00  -2.666221e+00  -2.701489e+00  -2.727933e+00  -2.749859e+00  -2.774284e+00  -2.806705e+00  -2.852656e+00  -2.918461e+00  -3.012182e+00  -3.145378e+00  -3.333549e+00  -3.597607e+00  -3.964468e+00  -4.466923e+00  -5.141159e+00  -6.019660e+00  -7.117355e+00  -8.408379e+00  -9.802749e+00  -1.113469e+01  -1.220353e+01  -1.287353e+01  -1.316997e+01  -1.325024e+01  -1.326112e+01
   94  -1.793117e+00  -1.794582e+00  -1.795021e+00  -1.796373e+00  -1.797640e+00  -1.799833e+00  -1.802170e+00  -1.806151e+00  -1.811179e+00  -1.819075e+00  -1.829632e+00  -1.843837e+00  -1.864276e+00  -1.890449e+00  -1.922425e+00  -1.964785e+00  -2.013715e+00  -2.068664e+00  -2.131423e+00  -2.198693e+00  -2.270144e+00  -2.344029e+00  -2.418879e+00  -2.491503e+00  -2.558020e+00  -2.616070e+00  -2.662766e+00  -2.697661e+00  -2.723821e+00  -2.745515e+00  -2.769688e+00  -2.801776e+00  -2.847253e+00  -2.912373e+00  -3.005107e+00  -3.136875e+00  -3.322978e+00  -3.584030e+00  -3.946511e+00  -4.442566e+00  -5.107441e+00  -5.972301e+00  -7.050368e+00  -8.313952e+00  -9.672024e+00  -1.096024e+01  -1.198378e+01  -1.261642e+01  -1.289086e+01  -1.296313e+01  -1.297256e+01
   95  -1.797105e+00  -1.798560e+00  -1.798995e+00  -1.800337e+00  -1.801595e+00  -1.803772e+00  -1.806092e+00  -1.810044e+00  -1.815036e+00  -1.822875e+00  -1.833355e+00  -1.847455e+00  -1.867744e+00  -1.893724e+00  -1.925461e+00  -1.967501e+00  -2.016055e+00  -2.070574e+00  -2.132829e+00  -2.199544e+00  -2.270388e+00  -2.343626e+00  -2.417798e+00  -2.489742e+00  -2.555612e+00  -2.613079e+00  -2.659289e+00  -2.693811e+00  -2.719688e+00  -2.741150e+00  -2.765071e+00  -2.796826e+00  -2.841829e+00  -2.906266e+00  -2.998013e+00  -3.128354e+00  -3.312391e+00  -3.570445e+00  -3.928558e+00  -4.418236e+00  -5.073796e+00  -5.925107e+00  -6.983724e+00  -8.220257e+00  -9.542675e+00  -1.078829e+01  -1.176813e+01  -1.236525e+01  -1.261919e+01  -1.268421e+01  -1.269237e+01
   96  -1.801082e+00  -1.802527e+00  -1.802959e+00  -1.804291e+00  -1.805539e+00  -1.807701e+00  -1.810004e+00  -1.813927e+00  -1.818882e+00  -1.826663e+00  -1.837066e+00  -1.851062e+00  -1.871200e+00  -1.896986e+00  -1.928484e+00  -1.970203e+00  -2.018381e+00  -2.072467e+00  -2.134218e+00  -2.200377e+00  -2.270614e+00  -2.343203e+00  -2.416697e+00  -2.487960e+00  -2.553184e+00  -2.610067e+00  -2.655792e+00  -2.689941e+00  -2.715535e+00  -2.736766e+00  -2.760434e+00  -2.791857e+00  -2.836388e+00  -2.900141e+00  -2.990903e+00  -3.119819e+00  -3.301795e+00  -3.556856e+00  -3.910615e+00  -4.393942e+00  -5.040237e+00  -5.878785e+00  -6.917478e+00  -8.127290e+00  -9.414749e+00  -1.061886e+01  -1.155659e+01  -1.211996e+01  -1.235482e+01  -1.241327e+01  -1.242032e+01
   97  -1.805049e+00  -1.806483e+00  -1.806912e+00  -1.808234e+00  -1.809473e+00  -1.811619e+00  -1.813905e+00  -1.817799e+00  -1.822717e+00  -1.830440e+00  -1.840766e+00  -1.854658e+00  -1.874645e+00  -1.900236e+00  -1.931494e+00  -1.972892e+00  -2.020692e+00  -2.074346e+00  -2.135591e+00  -2.201193e+00  -2.270821e+00  -2.342761e+00  -2.415578e+00  -2.486160e+00  -2.550737e+00  -2.607037e+00  -2.652276e+00  -2.686053e+00  -2.711365e+00  -2.732365e+00  -2.755782e+00  -2.786872e+00  -2.830931e+00  -2.894002e+00  -2.983781e+00  -3.111275e+00  -3.291194e+00  -3.543272e+00  -3.892691e+00  -4.369695e+00  -5.006780e+00  -5.831961e+00  -6.851635e+00  -8.035127e+00  -9.288287e+00  -1.045201e+01  -1.134913e+01  -1.188051e+01  -1.209762e+01  -1.215013e+01  -1.215623e+01
   98  -1.809005e+00  -1.810428e+00  -1.810854e+00  -1.812167e+00  -1.813396e+00  -1.815526e+00  -1.817795e+00  -1.821660e+00  -1.826541e+00  -1.834207e+00  -1.844455e+00  -1.858242e+00  -1.878077e+00  -1.903474e+00  -1.934491e+00  -1.975566e+00  -2.022988e+00  -2.076209e+00  -2.136947e+00  -2.201993e+00  -2.271012e+00  -2.342303e+00  -2.414440e+00  -2.484342e+00  -2.548273e+00  -2.603990e+00  -2.648745e+00  -2.682150e+00  -2.707181e+00  -2.727950e+00  -2.751116e+00  -2.781875e+00  -2.825462e+00  -2.887852e+00  -2.976649e+00  -3.102725e+00  -3.280593e+00  -3.529696e+00  -3.874792e+00  -4.345504e+00  -4.973436e+00  -5.785373e+00  -6.786204e+00  -7.943767e+00  -9.163341e+00  -1.028775e+01  -1.114582e+01  -1.164682e+01  -1.184742e+01  -1.189456e+01  -1.189987e+01
   99  -1.812950e+00  -1.814363e+00  -1.814785e+00  -1.816088e+00  -1.817308e+00  -1.819421e+00  -1.821673e+00  -1.825509e+00  -1.830354e+00  -1.837961e+00  -1.848131e+00  -1.861813e+00  -1.881497e+00  -1.906699e+00  -1.937475e+00  -1.978228e+00  -2.025271e+00  -2.078057e+00  -2.138289e+00  -2.202776e+00  -2.271186e+00  -2.341827e+00  -2.413286e+00  -2.482507e+00  -2.545793e+00  -2.600928e+00  -2.645200e+00  -2.678234e+00  -2.702984e+00  -2.723524e+00  -2.746438e+00  -2.776866e+00  -2.819983e+00  -2.881694e+00  -2.969512e+00  -3.094173e+00  -3.269995e+00  -3.516134e+00  -3.856926e+00  -4.321379e+00  -4.940224e+00  -5.739035e+00  -6.721252e+00  -7.853267e+00  -9.039931e+00  -1.012617e+01  -1.094664e+01  -1.141882e+01  -1.160409e+01  -1.164640e+01  -1.165100e+01
  100  -1.816884e+00  -1.818285e+00  -1.818705e+00  -1.819997e+00  -1.821209e+00  -1.823306e+00  -1.825540e+00  -1.829347e+00  -1.834155e+00  -1.841704e+00  -1.851796e+00  -1.865373e+00  -1.884905e+00  -1.909911e+00  -1.940446e+00  -1.980875e+00  -2.027540e+00  -2.079891e+00  -2.139615e+00  -2.203545e+00  -2.271345e+00  -2.341336e+00  -2.412117e+00  -2.480658e+00  -2.543299e+00  -2.597853e+00  -2.641642e+00  -2.674307e+00  -2.698777e+00  -2.719087e+00  -2.741752e+00  -2.771849e+00  -2.814497e+00  -2.875530e+00  -2.962371e+00  -3.085623e+00  -3.259406e+00  -3.502593e+00  -3.839099e+00  -4.297327e+00  -4.907137e+00  -5.692931e+00  -6.656745e+00  -7.763627e+00  -8.918063e+00  -9.967168e+00  -1.075154e+01  -1.119645e+01  -1.136752e+01  -1.140545e+01  -1.140942e+01
