# h loading Love number for a Heaviside load
# Computed by ISSM on 19-Mar-2026 11:27:51
#
#   n         h_n(t)
    1  -1.017484e+00  -1.017542e+00  -1.017568e+00  -1.017606e+00  -1.017661e+00  -1.017741e+00  -1.017857e+00  -1.018025e+00  -1.018269e+00  -1.018624e+00  -1.019137e+00  -1.019882e+00  -1.020956e+00  -1.022511e+00  -1.024749e+00  -1.027961e+00  -1.032545e+00  -1.039039e+00  -1.048140e+00  -1.060692e+00  -1.077626e+00  -1.099736e+00  -1.127277e+00  -1.159328e+00  -1.193144e+00  -1.224194e+00  -1.247726e+00  -1.261729e+00  -1.268590e+00  -1.272753e+00  -1.277092e+00
    2  -4.539158e-01  -4.549807e-01  -4.554629e-01  -4.561609e-01  -4.571757e-01  -4.586465e-01  -4.607782e-01  -4.638652e-01  -4.683322e-01  -4.747801e-01  -4.840641e-01  -4.973799e-01  -5.163718e-01  -5.432414e-01  -5.808196e-01  -6.325091e-01  -7.019652e-01  -7.922882e-01  -9.046269e-01  -1.036427e+00  -1.180522e+00  -1.327046e+00  -1.468719e+00  -1.604650e+00  -1.735213e+00  -1.852294e+00  -1.940789e+00  -1.992625e+00  -2.015988e+00  -2.027654e+00  -2.039242e+00
    3  -4.605990e-01  -4.618743e-01  -4.624508e-01  -4.632867e-01  -4.645006e-01  -4.662641e-01  -4.688199e-01  -4.725250e-01  -4.778929e-01  -4.856571e-01  -4.968692e-01  -5.130188e-01  -5.361946e-01  -5.692720e-01  -6.161189e-01  -6.817300e-01  -7.721680e-01  -8.940346e-01  -1.053117e+00  -1.251883e+00  -1.486122e+00  -1.742484e+00  -2.000307e+00  -2.239494e+00  -2.448162e+00  -2.619252e+00  -2.743024e+00  -2.815465e+00  -2.851333e+00  -2.875122e+00  -2.903002e+00
    4  -4.530948e-01  -4.544527e-01  -4.550681e-01  -4.559603e-01  -4.572557e-01  -4.591354e-01  -4.618625e-01  -4.658196e-01  -4.715543e-01  -4.798630e-01  -4.918846e-01  -5.092445e-01  -5.342592e-01  -5.701648e-01  -6.214405e-01  -6.941103e-01  -7.959847e-01  -9.365828e-01  -1.126329e+00  -1.374396e+00  -1.684560e+00  -2.049202e+00  -2.443909e+00  -2.828362e+00  -3.158983e+00  -3.407946e+00  -3.571585e+00  -3.664993e+00  -3.716707e+00  -3.758388e+00  -3.809806e+00
    5  -4.692884e-01  -4.707234e-01  -4.713728e-01  -4.723146e-01  -4.736830e-01  -4.756696e-01  -4.785529e-01  -4.827349e-01  -4.888016e-01  -4.975949e-01  -5.103289e-01  -5.287448e-01  -5.553282e-01  -5.935927e-01  -6.484515e-01  -7.266527e-01  -8.371936e-01  -9.915741e-01  -1.203457e+00  -1.487088e+00  -1.853420e+00  -2.303060e+00  -2.816653e+00  -3.347539e+00  -3.827187e+00  -4.192249e+00  -4.421094e+00  -4.544277e+00  -4.615873e+00  -4.679876e+00  -4.759202e+00
    6  -5.025090e-01  -5.040383e-01  -5.047291e-01  -5.057321e-01  -5.071901e-01  -5.093076e-01  -5.123792e-01  -5.168361e-01  -5.233016e-01  -5.326779e-01  -5.462597e-01  -5.659172e-01  -5.943163e-01  -6.352507e-01  -6.940544e-01  -7.781147e-01  -8.974329e-01  -1.065061e+00  -1.297118e+00  -1.611602e+00  -2.024927e+00  -2.544730e+00  -3.158347e+00  -3.820281e+00  -4.449531e+00  -4.953349e+00  -5.278984e+00  -5.452213e+00  -5.550385e+00  -5.638761e+00  -5.746959e+00
    7  -5.446110e-01  -5.462442e-01  -5.469828e-01  -5.480562e-01  -5.496126e-01  -5.518741e-01  -5.551558e-01  -5.599185e-01  -5.668286e-01  -5.768501e-01  -5.913710e-01  -6.123932e-01  -6.427832e-01  -6.866190e-01  -7.496621e-01  -8.399263e-01  -9.683455e-01  -1.149386e+00  -1.401254e+00  -1.745063e+00  -2.201671e+00  -2.784554e+00  -3.487368e+00  -4.268198e+00  -5.040680e+00  -5.691549e+00  -6.136817e+00  -6.382839e+00  -6.517750e+00  -6.631411e+00  -6.766515e+00
    8  -5.909918e-01  -5.927332e-01  -5.935197e-01  -5.946643e-01  -5.963256e-01  -5.987347e-01  -6.022373e-01  -6.073170e-01  -6.146830e-01  -6.253738e-01  -6.408657e-01  -6.632965e-01  -6.957337e-01  -7.425502e-01  -8.099242e-01  -9.064936e-01  -1.044101e+00  -1.238528e+00  -1.509927e+00  -1.882200e+00  -2.380142e+00  -3.022410e+00  -3.808540e+00  -4.701056e+00  -5.611754e+00  -6.412880e+00  -6.992380e+00  -7.330046e+00  -7.512633e+00  -7.652395e+00  -7.810569e+00
    9  -6.392934e-01  -6.411410e-01  -6.419776e-01  -6.431931e-01  -6.449576e-01  -6.475175e-01  -6.512354e-01  -6.566301e-01  -6.644572e-01  -6.758130e-01  -6.922698e-01  -7.161039e-01  -7.505792e-01  -8.003545e-01  -8.720288e-01  -9.748396e-01  -1.121510e+00  -1.329100e+00  -1.619594e+00  -2.019525e+00  -2.557353e+00  -3.256579e+00  -4.122428e+00  -5.122306e+00  -6.168180e+00  -7.121544e+00  -7.845135e+00  -8.288801e+00  -8.528796e+00  -8.706013e+00  -8.872112e+00
   10  -6.882613e-01  -6.902161e-01  -6.910989e-01  -6.923838e-01  -6.942467e-01  -6.969549e-01  -7.008831e-01  -7.065883e-01  -7.148647e-01  -7.268622e-01  -7.442690e-01  -7.694782e-01  -8.059432e-01  -8.586074e-01  -9.344818e-01  -1.043383e+00  -1.198885e+00  -1.419283e+00  -1.728318e+00  -2.155051e+00  -2.731449e+00  -3.485685e+00  -4.428605e+00  -5.532876e+00  -6.711969e+00  -7.819086e+00  -8.693866e+00  -9.254476e+00  -9.560033e+00  -9.754355e+00  -9.944947e+00
   11  -7.371573e-01  -7.392139e-01  -7.401446e-01  -7.414955e-01  -7.434565e-01  -7.463022e-01  -7.504392e-01  -7.564399e-01  -7.651513e-01  -7.777869e-01  -7.961023e-01  -8.226359e-01  -8.610291e-01  -9.164882e-01  -9.964205e-01  -1.111208e+00  -1.275253e+00  -1.508027e+00  -1.834983e+00  -2.287607e+00  -2.901280e+00  -3.708735e+00  -4.726441e+00  -5.932655e+00  -7.243321e+00  -8.505148e+00  -9.536354e+00  -1.022243e+01  -1.060050e+01  -1.082341e+01  -1.102389e+01
   12  -7.854923e-01  -7.876476e-01  -7.886220e-01  -7.900377e-01  -7.920923e-01  -7.950736e-01  -7.994103e-01  -8.056982e-01  -8.148226e-01  -8.280605e-01  -8.472535e-01  -8.750641e-01  -9.153100e-01  -9.734596e-01  -1.057286e+00  -1.177735e+00  -1.349986e+00  -1.594656e+00  -1.938850e+00  -2.416402e+00  -3.066009e+00  -3.924902e+00  -5.015177e+00  -6.320966e+00  -7.761441e+00  -9.178262e+00  -1.036963e+01  -1.118799e+01  -1.164471e+01  -1.189756e+01  -1.210473e+01
   13  -8.329094e-01  -8.351575e-01  -8.361769e-01  -8.376524e-01  -8.397979e-01  -8.429081e-01  -8.474328e-01  -8.539934e-01  -8.635154e-01  -8.773337e-01  -8.973642e-01  -9.263933e-01  -9.684034e-01  -1.029119e+00  -1.116674e+00  -1.242526e+00  -1.422628e+00  -1.678680e+00  -2.039381e+00  -2.540840e+00  -3.224968e+00  -4.133438e+00  -5.293980e+00  -6.696814e+00  -8.265008e+00  -9.836320e+00  -1.119037e+01  -1.214657e+01  -1.268770e+01  -1.297243e+01  -1.318410e+01
   14  -8.791341e-01  -8.814706e-01  -8.825306e-01  -8.840633e-01  -8.862916e-01  -8.895309e-01  -8.942340e-01  -9.010511e-01  -9.109508e-01  -9.253157e-01  -9.461451e-01  -9.763254e-01  -1.020018e+00  -1.083168e+00  -1.174261e+00  -1.305254e+00  -1.492816e+00  -1.759702e+00  -2.136122e+00  -2.660389e+00  -3.377556e+00  -4.333630e+00  -5.561976e+00  -7.059065e+00  -8.752403e+00  -1.047695e+01  -1.199511e+01  -1.309382e+01  -1.372496e+01  -1.404424e+01  -1.425927e+01
   15  -9.239504e-01  -9.263719e-01  -9.274666e-01  -9.290560e-01  -9.313697e-01  -9.347214e-01  -9.395873e-01  -9.466540e-01  -9.569103e-01  -9.717923e-01  -9.933720e-01  -1.024644e+00  -1.069918e+00  -1.135372e+00  -1.229807e+00  -1.365656e+00  -1.560264e+00  -1.837404e+00  -2.228724e+00  -2.774650e+00  -3.523272e+00  -4.524838e+00  -5.818309e+00  -7.406545e+00  -9.221959e+00  -1.109773e+01  -1.278059e+01  -1.402572e+01  -1.475244e+01  -1.510966e+01  -1.532789e+01
   16  -9.671898e-01  -9.696899e-01  -9.708220e-01  -9.724636e-01  -9.748480e-01  -9.783105e-01  -9.833358e-01  -9.906347e-01  -1.001224e+00  -1.016591e+00  -1.038872e+00  -1.071167e+00  -1.117928e+00  -1.185539e+00  -1.283108e+00  -1.423515e+00  -1.624757e+00  -1.911532e+00  -2.316890e+00  -2.883267e+00  -3.661669e+00  -4.706496e+00  -6.062220e+00  -7.738169e+00  -9.672078e+00  -1.169640e+01  -1.354369e+01  -1.493860e+01  -1.576648e+01  -1.616572e+01  -1.638787e+01
   17  -1.008724e+00  -1.011299e+00  -1.012460e+00  -1.014151e+00  -1.016605e+00  -1.020169e+00  -1.025343e+00  -1.032856e+00  -1.043755e+00  -1.059572e+00  -1.082517e+00  -1.115761e+00  -1.163907e+00  -1.233533e+00  -1.334029e+00  -1.478689e+00  -1.686117e+00  -1.981909e+00  -2.400412e+00  -2.985981e+00  -3.792432e+00  -4.878162e+00  -6.293076e+00  -8.052999e+00  -1.010138e+01  -1.227093e+01  -1.428169e+01  -1.582916e+01  -1.676373e+01  -1.720966e+01  -1.743723e+01
   18  -1.048461e+00  -1.051102e+00  -1.052296e+00  -1.054031e+00  -1.056551e+00  -1.060209e+00  -1.065518e+00  -1.073231e+00  -1.084415e+00  -1.100653e+00  -1.124199e+00  -1.158332e+00  -1.207761e+00  -1.279250e+00  -1.382455e+00  -1.531062e+00  -1.744237e+00  -2.048404e+00  -2.479147e+00  -3.082630e+00  -3.915333e+00  -5.039531e+00  -6.510422e+00  -8.350337e+00  -1.050878e+01  -1.281965e+01  -1.499223e+01  -1.669445e+01  -1.774109e+01  -1.823882e+01  -1.847397e+01
   19  -1.086340e+00  -1.089042e+00  -1.090266e+00  -1.092041e+00  -1.094622e+00  -1.098367e+00  -1.103802e+00  -1.111693e+00  -1.123147e+00  -1.139766e+00  -1.163873e+00  -1.198813e+00  -1.249424e+00  -1.322630e+00  -1.428335e+00  -1.580579e+00  -1.799050e+00  -2.110955e+00  -2.553021e+00  -3.173116e+00  -4.030271e+00  -5.190440e+00  -6.713987e+00  -8.629716e+00  -1.089346e+01  -1.334126e+01  -1.567336e+01  -1.753188e+01  -1.869573e+01  -1.925062e+01  -1.949602e+01
   20  -1.122328e+00  -1.125087e+00  -1.126337e+00  -1.128150e+00  -1.130784e+00  -1.134608e+00  -1.140159e+00  -1.148214e+00  -1.159912e+00  -1.176882e+00  -1.201502e+00  -1.237185e+00  -1.288876e+00  -1.363650e+00  -1.471640e+00  -1.627210e+00  -1.850544e+00  -2.169552e+00  -2.622028e+00  -3.257449e+00  -4.137227e+00  -5.330861e+00  -6.903690e+00  -8.890908e+00  -1.125494e+01  -1.383484e+01  -1.632352e+01  -1.833918e+01  -1.962491e+01  -2.024247e+01  -2.050122e+01
   21  -1.156418e+00  -1.159230e+00  -1.160500e+00  -1.162349e+00  -1.165032e+00  -1.168925e+00  -1.174580e+00  -1.182794e+00  -1.194711e+00  -1.211998e+00  -1.237081e+00  -1.273438e+00  -1.326107e+00  -1.402310e+00  -1.512374e+00  -1.670976e+00  -1.898731e+00  -2.224225e+00  -2.686221e+00  -3.335695e+00  -4.236307e+00  -5.460897e+00  -7.079612e+00  -9.133934e+00  -1.159304e+01  -1.429980e+01  -1.694152e+01  -1.911439e+01  -2.052612e+01  -2.121175e+01  -2.148722e+01
   22  -1.188622e+00  -1.191480e+00  -1.192774e+00  -1.194652e+00  -1.197379e+00  -1.201342e+00  -1.207086e+00  -1.215434e+00  -1.227546e+00  -1.245126e+00  -1.270623e+00  -1.307594e+00  -1.361150e+00  -1.438636e+00  -1.550582e+00  -1.711921e+00  -1.943682e+00  -2.275049e+00  -2.745704e+00  -3.407998e+00  -4.327680e+00  -5.580766e+00  -7.241992e+00  -9.358997e+00  -1.190784e+01  -1.473593e+01  -1.752650e+01  -1.985585e+01  -2.139695e+01  -2.215583e+01  -2.245158e+01
   23  -1.218974e+00  -1.221874e+00  -1.223185e+00  -1.225088e+00  -1.227859e+00  -1.231877e+00  -1.237708e+00  -1.246175e+00  -1.258467e+00  -1.276304e+00  -1.302181e+00  -1.339693e+00  -1.394044e+00  -1.472683e+00  -1.586315e+00  -1.750115e+00  -1.985482e+00  -2.322144e+00  -2.800631e+00  -3.474538e+00  -4.411600e+00  -5.690785e+00  -7.391213e+00  -9.566508e+00  -1.219966e+01  -1.514326e+01  -1.807796e+01  -2.056219e+01  -2.223518e+01  -2.307209e+01  -2.339171e+01
   24  -1.247519e+00  -1.250457e+00  -1.251785e+00  -1.253719e+00  -1.256518e+00  -1.260585e+00  -1.266493e+00  -1.275073e+00  -1.287519e+00  -1.305588e+00  -1.331792e+00  -1.369792e+00  -1.424851e+00  -1.504525e+00  -1.619655e+00  -1.785656e+00  -2.024246e+00  -2.365656e+00  -2.851168e+00  -3.535563e+00  -4.488367e+00  -5.791334e+00  -7.527745e+00  -9.757001e+00  -1.246902e+01  -1.552209e+01  -1.859564e+01  -2.123228e+01  -2.303872e+01  -2.395787e+01  -2.430491e+01
   25  -1.274317e+00  -1.277286e+00  -1.278631e+00  -1.280580e+00  -1.283418e+00  -1.287529e+00  -1.293503e+00  -1.302175e+00  -1.314764e+00  -1.333037e+00  -1.359541e+00  -1.397966e+00  -1.453647e+00  -1.534231e+00  -1.650698e+00  -1.818647e+00  -2.060103e+00  -2.405743e+00  -2.897537e+00  -3.591338e+00  -4.558332e+00  -5.882866e+00  -7.652142e+00  -9.931123e+00  -1.271660e+01  -1.587292e+01  -1.907958e+01  -2.186522e+01  -2.380569e+01  -2.481057e+01  -2.518842e+01
   26  -1.299438e+00  -1.302437e+00  -1.303794e+00  -1.305764e+00  -1.308626e+00  -1.312780e+00  -1.318809e+00  -1.327564e+00  -1.340282e+00  -1.358728e+00  -1.385489e+00  -1.424300e+00  -1.480520e+00  -1.561907e+00  -1.679550e+00  -1.849210e+00  -2.093201e+00  -2.442584e+00  -2.939955e+00  -3.642146e+00  -4.621866e+00  -5.965864e+00  -7.765014e+00  -1.008960e+01  -1.294316e+01  -1.619642e+01  -1.952994e+01  -2.246040e+01  -2.453434e+01  -2.562766e+01  -2.603941e+01
   27  -1.322957e+00  -1.325982e+00  -1.327349e+00  -1.329331e+00  -1.332219e+00  -1.336411e+00  -1.342487e+00  -1.351324e+00  -1.364142e+00  -1.382741e+00  -1.409728e+00  -1.448861e+00  -1.505570e+00  -1.587662e+00  -1.706317e+00  -1.877485e+00  -2.123691e+00  -2.476362e+00  -2.978662e+00  -3.688289e+00  -4.679352e+00  -6.040823e+00  -7.867004e+00  -1.023322e+01  -1.314960e+01  -1.649340e+01  -1.994716e+01  -2.301737e+01  -2.522315e+01  -2.640670e+01  -2.685503e+01
   28  -1.344956e+00  -1.348002e+00  -1.349383e+00  -1.351379e+00  -1.354285e+00  -1.358508e+00  -1.364632e+00  -1.373524e+00  -1.386437e+00  -1.405172e+00  -1.432352e+00  -1.471771e+00  -1.528893e+00  -1.611583e+00  -1.731127e+00  -1.903599e+00  -2.151731e+00  -2.507276e+00  -3.013891e+00  -3.730069e+00  -4.731198e+00  -6.108267e+00  -7.958764e+00  -1.036279e+01  -1.333679e+01  -1.676470e+01  -2.033176e+01  -2.353589e+01  -2.587078e+01  -2.714537e+01  -2.763254e+01
   29  -1.365519e+00  -1.368581e+00  -1.369969e+00  -1.371985e+00  -1.374908e+00  -1.379153e+00  -1.385317e+00  -1.394260e+00  -1.407251e+00  -1.426096e+00  -1.453446e+00  -1.493105e+00  -1.550584e+00  -1.633794e+00  -1.754095e+00  -1.927695e+00  -2.177484e+00  -2.535524e+00  -3.045894e+00  -3.767805e+00  -4.777789e+00  -6.168692e+00  -8.040942e+00  -1.047910e+01  -1.350572e+01  -1.701128e+01  -2.068437e+01  -2.401590e+01  -2.647612e+01  -2.784150e+01  -2.836922e+01
   30  -1.384732e+00  -1.387814e+00  -1.389204e+00  -1.391231e+00  -1.394163e+00  -1.398430e+00  -1.404620e+00  -1.413614e+00  -1.426675e+00  -1.445620e+00  -1.473111e+00  -1.512976e+00  -1.570747e+00  -1.654402e+00  -1.775347e+00  -1.949892e+00  -2.201111e+00  -2.561282e+00  -3.074893e+00  -3.801782e+00  -4.819511e+00  -6.222598e+00  -8.114196e+00  -1.058299e+01  -1.365731e+01  -1.723411e+01  -2.100576e+01  -2.445750e+01  -2.703823e+01  -2.849316e+01  -2.906248e+01
   31  -1.402680e+00  -1.405773e+00  -1.407174e+00  -1.409204e+00  -1.412153e+00  -1.416436e+00  -1.422659e+00  -1.431685e+00  -1.444799e+00  -1.463825e+00  -1.491426e+00  -1.531467e+00  -1.589489e+00  -1.673505e+00  -1.794996e+00  -1.970344e+00  -2.222764e+00  -2.584748e+00  -3.101123e+00  -3.832294e+00  -4.856726e+00  -6.270474e+00  -8.179116e+00  -1.067520e+01  -1.379249e+01  -1.743418e+01  -2.129673e+01  -2.486094e+01  -2.755639e+01  -2.909860e+01  -2.970991e+01
   32  -1.419448e+00  -1.422552e+00  -1.423955e+00  -1.425992e+00  -1.428953e+00  -1.433255e+00  -1.439488e+00  -1.448558e+00  -1.461708e+00  -1.480809e+00  -1.508503e+00  -1.548682e+00  -1.606903e+00  -1.691222e+00  -1.813154e+00  -1.989184e+00  -2.242594e+00  -2.606087e+00  -3.124792e+00  -3.859600e+00  -4.889790e+00  -6.312751e+00  -8.236310e+00  -1.075652e+01  -1.391217e+01  -1.761250e+01  -2.155815e+01  -2.522660e+01  -2.803013e+01  -2.965627e+01  -3.030929e+01
   33  -1.435119e+00  -1.438231e+00  -1.439637e+00  -1.441682e+00  -1.444646e+00  -1.448959e+00  -1.455219e+00  -1.464304e+00  -1.477500e+00  -1.496640e+00  -1.524421e+00  -1.564705e+00  -1.623100e+00  -1.707660e+00  -1.829954e+00  -2.006504e+00  -2.260731e+00  -2.625476e+00  -3.146126e+00  -3.883972e+00  -4.919024e+00  -6.349885e+00  -8.286330e+00  -1.082761e+01  -1.401722e+01  -1.777001e+01  -2.179091e+01  -2.555496e+01  -2.845911e+01  -3.016495e+01  -3.085871e+01
   34  -1.449772e+00  -1.452889e+00  -1.454301e+00  -1.456349e+00  -1.459321e+00  -1.463639e+00  -1.469917e+00  -1.479014e+00  -1.492235e+00  -1.511419e+00  -1.539264e+00  -1.579633e+00  -1.638153e+00  -1.722899e+00  -1.845481e+00  -2.022457e+00  -2.277325e+00  -2.643074e+00  -3.165283e+00  -3.905636e+00  -4.944753e+00  -6.382240e+00  -8.329697e+00  -1.088920e+01  -1.410847e+01  -1.790767e+01  -2.199593e+01  -2.584660e+01  -2.884322e+01  -3.062359e+01  -3.135644e+01
   35  -1.463485e+00  -1.466607e+00  -1.468020e+00  -1.470074e+00  -1.473051e+00  -1.477374e+00  -1.483657e+00  -1.492781e+00  -1.506012e+00  -1.525229e+00  -1.553113e+00  -1.593547e+00  -1.652156e+00  -1.737049e+00  -1.859836e+00  -2.037135e+00  -2.292498e+00  -2.659018e+00  -3.182468e+00  -3.924828e+00  -4.967231e+00  -6.410217e+00  -8.366889e+00  -1.094188e+01  -1.418673e+01  -1.802642e+01  -2.217416e+01  -2.610221e+01  -2.918255e+01  -3.103151e+01  -3.180110e+01
   36  -1.476329e+00  -1.479455e+00  -1.480872e+00  -1.482923e+00  -1.485907e+00  -1.490234e+00  -1.496522e+00  -1.505651e+00  -1.518903e+00  -1.538136e+00  -1.566041e+00  -1.606529e+00  -1.665202e+00  -1.750186e+00  -1.873122e+00  -2.050650e+00  -2.306370e+00  -2.673456e+00  -3.197845e+00  -3.941742e+00  -4.986745e+00  -6.434136e+00  -8.398355e+00  -1.098625e+01  -1.425272e+01  -1.812713e+01  -2.232649e+01  -2.632255e+01  -2.947736e+01  -3.138822e+01  -3.219160e+01
   37  -1.488373e+00  -1.491498e+00  -1.492916e+00  -1.494970e+00  -1.497956e+00  -1.502286e+00  -1.508582e+00  -1.517704e+00  -1.530970e+00  -1.550209e+00  -1.578143e+00  -1.618635e+00  -1.677351e+00  -1.762403e+00  -1.885414e+00  -2.063083e+00  -2.319036e+00  -2.686518e+00  -3.211543e+00  -3.956578e+00  -5.003517e+00  -6.454311e+00  -8.424515e+00  -1.102283e+01  -1.430716e+01  -1.821067e+01  -2.245388e+01  -2.650842e+01  -2.972808e+01  -3.169357e+01  -3.252725e+01
   38  -1.499684e+00  -1.502814e+00  -1.504227e+00  -1.506281e+00  -1.509264e+00  -1.513598e+00  -1.519896e+00  -1.529021e+00  -1.542285e+00  -1.561536e+00  -1.589466e+00  -1.629974e+00  -1.688703e+00  -1.773763e+00  -1.896817e+00  -2.074564e+00  -2.330618e+00  -2.698309e+00  -3.223734e+00  -3.969497e+00  -5.017774e+00  -6.471033e+00  -8.445730e+00  -1.105216e+01  -1.435068e+01  -1.827782e+01  -2.255722e+01  -2.666070e+01  -2.993531e+01  -3.194765e+01  -3.280766e+01
   39  -1.510321e+00  -1.513448e+00  -1.514860e+00  -1.516917e+00  -1.519893e+00  -1.524226e+00  -1.530525e+00  -1.539655e+00  -1.552913e+00  -1.572161e+00  -1.600086e+00  -1.640585e+00  -1.699303e+00  -1.784346e+00  -1.907390e+00  -2.085125e+00  -2.341205e+00  -2.708949e+00  -3.234542e+00  -3.980653e+00  -5.029724e+00  -6.484553e+00  -8.462345e+00  -1.107467e+01  -1.438389e+01  -1.832936e+01  -2.263746e+01  -2.678033e+01  -3.009974e+01  -3.215079e+01  -3.303279e+01
   40  -1.520341e+00  -1.523467e+00  -1.524883e+00  -1.526934e+00  -1.529921e+00  -1.534240e+00  -1.540529e+00  -1.549654e+00  -1.562911e+00  -1.582147e+00  -1.610048e+00  -1.650534e+00  -1.709211e+00  -1.794226e+00  -1.917207e+00  -2.094868e+00  -2.350863e+00  -2.718517e+00  -3.244039e+00  -3.990205e+00  -5.039539e+00  -6.495135e+00  -8.474707e+00  -1.109079e+01  -1.440738e+01  -1.836605e+01  -2.269546e+01  -2.686827e+01  -3.022231e+01  -3.230363e+01  -3.320293e+01
   41  -1.529798e+00  -1.532921e+00  -1.534333e+00  -1.536382e+00  -1.539360e+00  -1.543691e+00  -1.549961e+00  -1.559087e+00  -1.572330e+00  -1.591543e+00  -1.619432e+00  -1.659868e+00  -1.718506e+00  -1.803446e+00  -1.926334e+00  -2.103866e+00  -2.359686e+00  -2.727130e+00  -3.252399e+00  -3.998271e+00  -5.047382e+00  -6.502962e+00  -8.483070e+00  -1.110091e+01  -1.442166e+01  -1.838858e+01  -2.273210e+01  -2.692553e+01  -3.030405e+01  -3.240705e+01  -3.331878e+01
   42  -1.538741e+00  -1.541860e+00  -1.543268e+00  -1.545319e+00  -1.548295e+00  -1.552612e+00  -1.558891e+00  -1.567990e+00  -1.581224e+00  -1.600409e+00  -1.628265e+00  -1.668669e+00  -1.727236e+00  -1.812082e+00  -1.934841e+00  -2.112175e+00  -2.367751e+00  -2.734851e+00  -3.259659e+00  -4.004972e+00  -5.053408e+00  -6.508235e+00  -8.487700e+00  -1.110539e+01  -1.442723e+01  -1.839760e+01  -2.274825e+01  -2.695315e+01  -3.034602e+01  -3.246213e+01  -3.338129e+01
   43  -1.547215e+00  -1.550329e+00  -1.551736e+00  -1.553784e+00  -1.556754e+00  -1.561070e+00  -1.567335e+00  -1.576427e+00  -1.589637e+00  -1.608801e+00  -1.636613e+00  -1.676958e+00  -1.735450e+00  -1.820167e+00  -1.942762e+00  -2.119865e+00  -2.375110e+00  -2.741745e+00  -3.265947e+00  -4.010419e+00  -5.057733e+00  -6.511153e+00  -8.488845e+00  -1.110457e+01  -1.442454e+01  -1.839374e+01  -2.274476e+01  -2.695219e+01  -3.034952e+01  -3.247019e+01  -3.339174e+01
   44  -1.555261e+00  -1.558371e+00  -1.559772e+00  -1.561820e+00  -1.564785e+00  -1.569092e+00  -1.575345e+00  -1.584427e+00  -1.597604e+00  -1.616744e+00  -1.644511e+00  -1.684790e+00  -1.743185e+00  -1.827765e+00  -1.950164e+00  -2.126980e+00  -2.381826e+00  -2.747906e+00  -3.271314e+00  -4.014696e+00  -5.060510e+00  -6.511839e+00  -8.486724e+00  -1.109874e+01  -1.441402e+01  -1.837764e+01  -2.272246e+01  -2.692379e+01  -3.031587e+01  -3.243276e+01  -3.335169e+01
   45  -1.562920e+00  -1.566022e+00  -1.567429e+00  -1.569466e+00  -1.572422e+00  -1.576726e+00  -1.582964e+00  -1.592025e+00  -1.605193e+00  -1.624286e+00  -1.651998e+00  -1.692196e+00  -1.750490e+00  -1.834914e+00  -1.957091e+00  -2.133581e+00  -2.387962e+00  -2.753379e+00  -3.275853e+00  -4.017899e+00  -5.061827e+00  -6.510469e+00  -8.481532e+00  -1.108820e+01  -1.439609e+01  -1.834984e+01  -2.268218e+01  -2.686900e+01  -3.024651e+01  -3.235145e+01  -3.326300e+01
   46  -1.570226e+00  -1.573322e+00  -1.574725e+00  -1.576761e+00  -1.579713e+00  -1.584003e+00  -1.590232e+00  -1.599266e+00  -1.612409e+00  -1.631467e+00  -1.659117e+00  -1.699238e+00  -1.757402e+00  -1.841655e+00  -1.963568e+00  -2.139699e+00  -2.393550e+00  -2.758219e+00  -3.279618e+00  -4.020114e+00  -5.061790e+00  -6.507156e+00  -8.473462e+00  -1.107317e+01  -1.437110e+01  -1.831091e+01  -2.262470e+01  -2.678901e+01  -3.014294e+01  -3.222819e+01  -3.312771e+01
   47  -1.577211e+00  -1.580301e+00  -1.581697e+00  -1.583727e+00  -1.586679e+00  -1.590955e+00  -1.597168e+00  -1.606190e+00  -1.619289e+00  -1.638315e+00  -1.665900e+00  -1.705922e+00  -1.763955e+00  -1.848021e+00  -1.969654e+00  -2.145374e+00  -2.398650e+00  -2.762484e+00  -3.282672e+00  -4.021408e+00  -5.060491e+00  -6.502050e+00  -8.462663e+00  -1.105393e+01  -1.433944e+01  -1.826136e+01  -2.255082e+01  -2.668492e+01  -3.000673e+01  -3.206493e+01  -3.294810e+01
   48  -1.583907e+00  -1.586991e+00  -1.588383e+00  -1.590407e+00  -1.593346e+00  -1.597619e+00  -1.603816e+00  -1.612822e+00  -1.625887e+00  -1.644857e+00  -1.672376e+00  -1.712304e+00  -1.770184e+00  -1.854039e+00  -1.975376e+00  -2.150667e+00  -2.403302e+00  -2.766223e+00  -3.285062e+00  -4.021834e+00  -5.058018e+00  -6.495236e+00  -8.449312e+00  -1.103070e+01  -1.430139e+01  -1.820174e+01  -2.246133e+01  -2.655792e+01  -2.983952e+01  -3.186375e+01  -3.272660e+01
   49  -1.590339e+00  -1.593411e+00  -1.594804e+00  -1.596823e+00  -1.599755e+00  -1.604018e+00  -1.610199e+00  -1.619169e+00  -1.632211e+00  -1.651123e+00  -1.678576e+00  -1.718394e+00  -1.776124e+00  -1.859753e+00  -1.980776e+00  -2.155589e+00  -2.407540e+00  -2.769451e+00  -3.286847e+00  -4.021470e+00  -5.054444e+00  -6.486817e+00  -8.433531e+00  -1.100367e+01  -1.425734e+01  -1.813250e+01  -2.235694e+01  -2.640916e+01  -2.964296e+01  -3.162690e+01  -3.246579e+01
   50  -1.596534e+00  -1.599599e+00  -1.600986e+00  -1.603000e+00  -1.605920e+00  -1.610164e+00  -1.616335e+00  -1.625286e+00  -1.638283e+00  -1.657140e+00  -1.684520e+00  -1.724229e+00  -1.781791e+00  -1.865190e+00  -1.985854e+00  -2.160163e+00  -2.411394e+00  -2.772250e+00  -3.288056e+00  -4.020361e+00  -5.049832e+00  -6.476895e+00  -8.415449e+00  -1.097305e+01  -1.420751e+01  -1.805414e+01  -2.223849e+01  -2.623982e+01  -2.941879e+01  -3.135661e+01  -3.216835e+01
   51  -1.602514e+00  -1.605570e+00  -1.606950e+00  -1.608961e+00  -1.611873e+00  -1.616108e+00  -1.622255e+00  -1.631177e+00  -1.644142e+00  -1.662945e+00  -1.690243e+00  -1.729829e+00  -1.787222e+00  -1.870360e+00  -1.990661e+00  -2.164453e+00  -2.414903e+00  -2.774606e+00  -3.288749e+00  -4.018539e+00  -5.044243e+00  -6.465547e+00  -8.395215e+00  -1.093901e+01  -1.415225e+01  -1.796711e+01  -2.210665e+01  -2.605103e+01  -2.916874e+01  -3.105521e+01  -3.183709e+01
   52  -1.608299e+00  -1.611348e+00  -1.612725e+00  -1.614727e+00  -1.617634e+00  -1.621847e+00  -1.627974e+00  -1.636872e+00  -1.649796e+00  -1.668540e+00  -1.695752e+00  -1.735209e+00  -1.792428e+00  -1.875305e+00  -1.995227e+00  -2.168450e+00  -2.418081e+00  -2.776590e+00  -3.288946e+00  -4.016081e+00  -5.037766e+00  -6.452866e+00  -8.372913e+00  -1.090175e+01  -1.409181e+01  -1.787185e+01  -2.196218e+01  -2.584401e+01  -2.889452e+01  -3.072511e+01  -3.147472e+01
   53  -1.613910e+00  -1.616946e+00  -1.618319e+00  -1.620308e+00  -1.623211e+00  -1.627418e+00  -1.633525e+00  -1.642405e+00  -1.655269e+00  -1.673954e+00  -1.701066e+00  -1.740403e+00  -1.797434e+00  -1.880039e+00  -1.999563e+00  -2.172201e+00  -2.420975e+00  -2.778210e+00  -3.288696e+00  -4.013007e+00  -5.030407e+00  -6.438921e+00  -8.348685e+00  -1.086138e+01  -1.402644e+01  -1.776881e+01  -2.180581e+01  -2.561989e+01  -2.859791e+01  -3.036862e+01  -3.108419e+01
   54  -1.619362e+00  -1.622388e+00  -1.623757e+00  -1.625747e+00  -1.628630e+00  -1.632821e+00  -1.638909e+00  -1.647746e+00  -1.660582e+00  -1.679206e+00  -1.706228e+00  -1.745432e+00  -1.802261e+00  -1.884573e+00  -2.003670e+00  -2.175711e+00  -2.423583e+00  -2.779492e+00  -3.288010e+00  -4.009365e+00  -5.022244e+00  -6.423758e+00  -8.322585e+00  -1.081811e+01  -1.395641e+01  -1.765839e+01  -2.163821e+01  -2.537982e+01  -2.828070e+01  -2.998817e+01  -3.066825e+01
   55  -1.624671e+00  -1.627687e+00  -1.629052e+00  -1.631032e+00  -1.633911e+00  -1.638085e+00  -1.644145e+00  -1.652959e+00  -1.665745e+00  -1.684310e+00  -1.711229e+00  -1.750283e+00  -1.806909e+00  -1.888934e+00  -2.007603e+00  -2.179003e+00  -2.425939e+00  -2.780479e+00  -3.286931e+00  -4.005186e+00  -5.013309e+00  -6.407468e+00  -8.294745e+00  -1.077206e+01  -1.388195e+01  -1.754102e+01  -2.146012e+01  -2.512498e+01  -2.794456e+01  -2.958610e+01  -3.022968e+01
   56  -1.629853e+00  -1.632858e+00  -1.634216e+00  -1.636188e+00  -1.639053e+00  -1.643218e+00  -1.649264e+00  -1.658035e+00  -1.670780e+00  -1.689262e+00  -1.716090e+00  -1.755008e+00  -1.811421e+00  -1.893134e+00  -2.011346e+00  -2.182082e+00  -2.428062e+00  -2.781172e+00  -3.285485e+00  -4.000495e+00  -5.003664e+00  -6.390097e+00  -8.265236e+00  -1.072337e+01  -1.380331e+01  -1.741708e+01  -2.127218e+01  -2.485642e+01  -2.759125e+01  -2.916465e+01  -2.977123e+01
   57  -1.634919e+00  -1.637913e+00  -1.639266e+00  -1.641229e+00  -1.644090e+00  -1.648234e+00  -1.654250e+00  -1.662993e+00  -1.675678e+00  -1.694108e+00  -1.720831e+00  -1.759598e+00  -1.815788e+00  -1.897185e+00  -2.014942e+00  -2.184997e+00  -2.429970e+00  -2.781594e+00  -3.283693e+00  -3.995334e+00  -4.993328e+00  -6.371713e+00  -8.234146e+00  -1.067219e+01  -1.372067e+01  -1.728696e+01  -2.107509e+01  -2.457533e+01  -2.722248e+01  -2.872624e+01  -2.929554e+01
   58  -1.639882e+00  -1.642863e+00  -1.644212e+00  -1.646170e+00  -1.649020e+00  -1.653139e+00  -1.659149e+00  -1.667848e+00  -1.680486e+00  -1.698832e+00  -1.725454e+00  -1.764070e+00  -1.820041e+00  -1.901116e+00  -2.018376e+00  -2.187747e+00  -2.431689e+00  -2.781767e+00  -3.281558e+00  -3.989714e+00  -4.982356e+00  -6.352350e+00  -8.201546e+00  -1.061863e+01  -1.363432e+01  -1.715106e+01  -2.086949e+01  -2.428277e+01  -2.683981e+01  -2.827295e+01  -2.880516e+01
   59  -1.644751e+00  -1.647720e+00  -1.649063e+00  -1.651015e+00  -1.653838e+00  -1.657953e+00  -1.663929e+00  -1.672616e+00  -1.685191e+00  -1.703468e+00  -1.729971e+00  -1.768434e+00  -1.824178e+00  -1.904916e+00  -2.021686e+00  -2.190338e+00  -2.433217e+00  -2.781702e+00  -3.279125e+00  -3.983677e+00  -4.970750e+00  -6.332071e+00  -8.167532e+00  -1.056283e+01  -1.354442e+01  -1.700972e+01  -2.065604e+01  -2.397980e+01  -2.644496e+01  -2.780698e+01  -2.830257e+01
   60  -1.649537e+00  -1.652494e+00  -1.653831e+00  -1.655774e+00  -1.658588e+00  -1.662682e+00  -1.668640e+00  -1.677275e+00  -1.689815e+00  -1.708016e+00  -1.734391e+00  -1.772700e+00  -1.828194e+00  -1.908608e+00  -2.024868e+00  -2.192766e+00  -2.434554e+00  -2.781421e+00  -3.276410e+00  -3.977241e+00  -4.958589e+00  -6.310923e+00  -8.132168e+00  -1.050490e+01  -1.345119e+01  -1.686331e+01  -2.043537e+01  -2.366748e+01  -2.603942e+01  -2.733038e+01  -2.779010e+01
   61  -1.654247e+00  -1.657188e+00  -1.658524e+00  -1.660458e+00  -1.663266e+00  -1.667335e+00  -1.673264e+00  -1.681867e+00  -1.694352e+00  -1.712463e+00  -1.738739e+00  -1.776871e+00  -1.832140e+00  -1.912189e+00  -2.027956e+00  -2.195079e+00  -2.435749e+00  -2.780949e+00  -3.273407e+00  -3.970427e+00  -4.945862e+00  -6.288930e+00  -8.095504e+00  -1.044496e+01  -1.335481e+01  -1.671224e+01  -2.020808e+01  -2.334678e+01  -2.562475e+01  -2.684502e+01  -2.726993e+01
   62  -1.658891e+00  -1.661822e+00  -1.663148e+00  -1.665074e+00  -1.667865e+00  -1.671930e+00  -1.677827e+00  -1.686388e+00  -1.698806e+00  -1.716858e+00  -1.743028e+00  -1.780986e+00  -1.836006e+00  -1.915691e+00  -2.030922e+00  -2.197270e+00  -2.436778e+00  -2.780283e+00  -3.270168e+00  -3.963244e+00  -4.932623e+00  -6.266171e+00  -8.057638e+00  -1.038312e+01  -1.325552e+01  -1.655678e+01  -1.997477e+01  -2.301875e+01  -2.520239e+01  -2.635292e+01  -2.674412e+01
   63  -1.663474e+00  -1.666392e+00  -1.667712e+00  -1.669629e+00  -1.672408e+00  -1.676455e+00  -1.682325e+00  -1.690855e+00  -1.703219e+00  -1.721175e+00  -1.747227e+00  -1.785017e+00  -1.839771e+00  -1.919086e+00  -2.033788e+00  -2.199347e+00  -2.437695e+00  -2.779438e+00  -3.266688e+00  -3.955753e+00  -4.918880e+00  -6.242656e+00  -8.018601e+00  -1.031947e+01  -1.315346e+01  -1.639727e+01  -1.973605e+01  -2.268433e+01  -2.477371e+01  -2.585571e+01  -2.621466e+01
   64  -1.668003e+00  -1.670908e+00  -1.672225e+00  -1.674130e+00  -1.676901e+00  -1.680923e+00  -1.686770e+00  -1.695259e+00  -1.707561e+00  -1.725439e+00  -1.751368e+00  -1.788978e+00  -1.843486e+00  -1.922427e+00  -2.036559e+00  -2.201322e+00  -2.438465e+00  -2.778420e+00  -3.262978e+00  -3.947914e+00  -4.904676e+00  -6.218427e+00  -7.978487e+00  -1.025416e+01  -1.304887e+01  -1.623409e+01  -1.949247e+01  -2.234439e+01  -2.434005e+01  -2.535505e+01  -2.568320e+01
   65  -1.672483e+00  -1.675373e+00  -1.676682e+00  -1.678582e+00  -1.681339e+00  -1.685338e+00  -1.691157e+00  -1.699601e+00  -1.711858e+00  -1.729652e+00  -1.755445e+00  -1.792886e+00  -1.847132e+00  -1.925679e+00  -2.039278e+00  -2.203201e+00  -2.439116e+00  -2.777257e+00  -3.259046e+00  -3.939793e+00  -4.890023e+00  -6.193535e+00  -7.937337e+00  -1.018725e+01  -1.294187e+01  -1.606753e+01  -1.924460e+01  -2.199987e+01  -2.390270e+01  -2.485248e+01  -2.515151e+01
   66  -1.676920e+00  -1.679798e+00  -1.681099e+00  -1.682989e+00  -1.685734e+00  -1.689719e+00  -1.695506e+00  -1.703908e+00  -1.716103e+00  -1.733811e+00  -1.759495e+00  -1.796733e+00  -1.850725e+00  -1.928880e+00  -2.041897e+00  -2.204988e+00  -2.439669e+00  -2.775932e+00  -3.254920e+00  -3.931375e+00  -4.874950e+00  -6.168000e+00  -7.895222e+00  -1.011885e+01  -1.283266e+01  -1.589792e+01  -1.899292e+01  -2.165160e+01  -2.346280e+01  -2.434947e+01  -2.462100e+01
   67  -1.681319e+00  -1.684182e+00  -1.685477e+00  -1.687358e+00  -1.690089e+00  -1.694056e+00  -1.699807e+00  -1.708179e+00  -1.720312e+00  -1.737928e+00  -1.763486e+00  -1.800546e+00  -1.854265e+00  -1.932019e+00  -2.044447e+00  -2.206698e+00  -2.440098e+00  -2.774470e+00  -3.250599e+00  -3.922684e+00  -4.859485e+00  -6.141872e+00  -7.852179e+00  -1.004907e+01  -1.272143e+01  -1.572552e+01  -1.873803e+01  -2.130041e+01  -2.302153e+01  -2.384734e+01  -2.409307e+01
   68  -1.685682e+00  -1.688531e+00  -1.689819e+00  -1.691697e+00  -1.694412e+00  -1.698352e+00  -1.704088e+00  -1.712407e+00  -1.724469e+00  -1.742010e+00  -1.767426e+00  -1.804309e+00  -1.857740e+00  -1.935105e+00  -2.046957e+00  -2.208319e+00  -2.440432e+00  -2.772874e+00  -3.246120e+00  -3.913737e+00  -4.843633e+00  -6.115165e+00  -7.808287e+00  -9.977974e+00  -1.260832e+01  -1.555068e+01  -1.848040e+01  -2.094703e+01  -2.257988e+01  -2.334724e+01  -2.356893e+01
   69  -1.690014e+00  -1.692846e+00  -1.694130e+00  -1.695991e+00  -1.698695e+00  -1.702624e+00  -1.708323e+00  -1.716603e+00  -1.728618e+00  -1.746056e+00  -1.771341e+00  -1.808018e+00  -1.861194e+00  -1.938144e+00  -2.049401e+00  -2.209876e+00  -2.440671e+00  -2.771173e+00  -3.241438e+00  -3.904541e+00  -4.827429e+00  -6.087930e+00  -7.763561e+00  -9.905681e+00  -1.249350e+01  -1.537361e+01  -1.822045e+01  -2.059223e+01  -2.213883e+01  -2.285033e+01  -2.304969e+01
   70  -1.694318e+00  -1.697137e+00  -1.698413e+00  -1.700263e+00  -1.702955e+00  -1.706858e+00  -1.712522e+00  -1.720766e+00  -1.732717e+00  -1.750055e+00  -1.775222e+00  -1.811718e+00  -1.864590e+00  -1.941134e+00  -2.051778e+00  -2.211361e+00  -2.440836e+00  -2.769339e+00  -3.236607e+00  -3.895125e+00  -4.810878e+00  -6.060184e+00  -7.718079e+00  -9.832276e+00  -1.237712e+01  -1.519466e+01  -1.795870e+01  -2.023671e+01  -2.169935e+01  -2.235755e+01  -2.253629e+01
   71  -1.698596e+00  -1.701401e+00  -1.702665e+00  -1.704512e+00  -1.707189e+00  -1.711074e+00  -1.716709e+00  -1.724894e+00  -1.736797e+00  -1.754040e+00  -1.779064e+00  -1.815362e+00  -1.867955e+00  -1.944071e+00  -2.054099e+00  -2.212786e+00  -2.440909e+00  -2.767414e+00  -3.231638e+00  -3.885484e+00  -4.794012e+00  -6.031951e+00  -7.671896e+00  -9.757816e+00  -1.225935e+01  -1.501403e+01  -1.769558e+01  -1.988110e+01  -2.126222e+01  -2.186986e+01  -2.202960e+01
   72  -1.702852e+00  -1.705642e+00  -1.706903e+00  -1.708736e+00  -1.711397e+00  -1.715263e+00  -1.720872e+00  -1.729013e+00  -1.740840e+00  -1.757996e+00  -1.782889e+00  -1.818981e+00  -1.871290e+00  -1.946988e+00  -2.056385e+00  -2.214145e+00  -2.440911e+00  -2.765362e+00  -3.226511e+00  -3.875647e+00  -4.776839e+00  -6.003273e+00  -7.625054e+00  -9.682421e+00  -1.214030e+01  -1.483204e+01  -1.743150e+01  -1.952604e+01  -2.082823e+01  -2.138800e+01  -2.153038e+01
   73  -1.707087e+00  -1.709862e+00  -1.711116e+00  -1.712939e+00  -1.715588e+00  -1.719428e+00  -1.725000e+00  -1.733111e+00  -1.744867e+00  -1.761925e+00  -1.786688e+00  -1.822573e+00  -1.874574e+00  -1.949846e+00  -2.058617e+00  -2.215460e+00  -2.440842e+00  -2.763223e+00  -3.221253e+00  -3.865618e+00  -4.759391e+00  -5.974199e+00  -7.577579e+00  -9.606154e+00  -1.202015e+01  -1.464890e+01  -1.716687e+01  -1.917208e+01  -2.039808e+01  -2.091269e+01  -2.103922e+01
   74  -1.711303e+00  -1.714062e+00  -1.715310e+00  -1.717123e+00  -1.719755e+00  -1.723581e+00  -1.729119e+00  -1.737179e+00  -1.748869e+00  -1.765840e+00  -1.790453e+00  -1.826146e+00  -1.877864e+00  -1.952698e+00  -2.060818e+00  -2.216717e+00  -2.440700e+00  -2.761006e+00  -3.215857e+00  -3.855395e+00  -4.741675e+00  -5.944699e+00  -7.529542e+00  -9.529107e+00  -1.189902e+01  -1.446484e+01  -1.690207e+01  -1.881982e+01  -1.997238e+01  -2.044455e+01  -2.055666e+01
   75  -1.715503e+00  -1.718246e+00  -1.719482e+00  -1.721289e+00  -1.723905e+00  -1.727702e+00  -1.733219e+00  -1.741233e+00  -1.752852e+00  -1.769724e+00  -1.794204e+00  -1.829685e+00  -1.881103e+00  -1.955494e+00  -2.062981e+00  -2.217925e+00  -2.440491e+00  -2.758693e+00  -3.210366e+00  -3.844992e+00  -4.723707e+00  -5.914836e+00  -7.480974e+00  -9.451331e+00  -1.177709e+01  -1.428013e+01  -1.663747e+01  -1.846967e+01  -1.955169e+01  -1.998413e+01  -2.008320e+01
   76  -1.719687e+00  -1.722413e+00  -1.723647e+00  -1.725438e+00  -1.728040e+00  -1.731822e+00  -1.737303e+00  -1.745270e+00  -1.756827e+00  -1.773601e+00  -1.797930e+00  -1.833211e+00  -1.884314e+00  -1.958262e+00  -2.065106e+00  -2.219082e+00  -2.440235e+00  -2.756296e+00  -3.204742e+00  -3.834437e+00  -4.705480e+00  -5.884647e+00  -7.431928e+00  -9.372928e+00  -1.165442e+01  -1.409495e+01  -1.637339e+01  -1.812216e+01  -1.913662e+01  -1.953185e+01  -1.961916e+01
   77  -1.723856e+00  -1.726568e+00  -1.727797e+00  -1.729576e+00  -1.732164e+00  -1.735919e+00  -1.741366e+00  -1.749282e+00  -1.760775e+00  -1.777449e+00  -1.801649e+00  -1.836709e+00  -1.887510e+00  -1.961004e+00  -2.067199e+00  -2.220200e+00  -2.439918e+00  -2.753825e+00  -3.199011e+00  -3.823726e+00  -4.687050e+00  -5.854129e+00  -7.382427e+00  -9.293955e+00  -1.153117e+01  -1.390954e+01  -1.611019e+01  -1.777773e+01  -1.872754e+01  -1.908809e+01  -1.916485e+01
   78  -1.728012e+00  -1.730708e+00  -1.731924e+00  -1.733697e+00  -1.736269e+00  -1.740001e+00  -1.745433e+00  -1.753295e+00  -1.764712e+00  -1.781289e+00  -1.805331e+00  -1.840192e+00  -1.890675e+00  -1.963738e+00  -2.069249e+00  -2.221278e+00  -2.439547e+00  -2.751276e+00  -3.193183e+00  -3.812864e+00  -4.668406e+00  -5.823309e+00  -7.332527e+00  -9.214506e+00  -1.140747e+01  -1.372407e+01  -1.584809e+01  -1.743673e+01  -1.832486e+01  -1.865320e+01  -1.872051e+01
   79  -1.732156e+00  -1.734835e+00  -1.736045e+00  -1.737803e+00  -1.740364e+00  -1.744074e+00  -1.749456e+00  -1.757281e+00  -1.768644e+00  -1.785110e+00  -1.809013e+00  -1.843657e+00  -1.893828e+00  -1.966426e+00  -2.071276e+00  -2.222325e+00  -2.439119e+00  -2.748664e+00  -3.187257e+00  -3.801876e+00  -4.649573e+00  -5.792220e+00  -7.282268e+00  -9.134597e+00  -1.128342e+01  -1.353878e+01  -1.558749e+01  -1.709950e+01  -1.792893e+01  -1.822741e+01  -1.828626e+01
   80  -1.736288e+00  -1.738952e+00  -1.740156e+00  -1.741910e+00  -1.744441e+00  -1.748133e+00  -1.753488e+00  -1.761266e+00  -1.772546e+00  -1.788921e+00  -1.812671e+00  -1.847094e+00  -1.896965e+00  -1.969094e+00  -2.073279e+00  -2.223329e+00  -2.438645e+00  -2.745989e+00  -3.181235e+00  -3.790754e+00  -4.630558e+00  -5.760888e+00  -7.231664e+00  -9.054350e+00  -1.115913e+01  -1.335381e+01  -1.532858e+01  -1.676639e+01  -1.754002e+01  -1.781089e+01  -1.786222e+01
   81  -1.740410e+00  -1.743056e+00  -1.744253e+00  -1.745992e+00  -1.748516e+00  -1.752181e+00  -1.757508e+00  -1.765223e+00  -1.776447e+00  -1.792722e+00  -1.816315e+00  -1.850523e+00  -1.900078e+00  -1.971759e+00  -2.075257e+00  -2.224299e+00  -2.438130e+00  -2.743242e+00  -3.175126e+00  -3.779511e+00  -4.611359e+00  -5.729333e+00  -7.180799e+00  -8.973782e+00  -1.103473e+01  -1.316933e+01  -1.507165e+01  -1.643772e+01  -1.715842e+01  -1.740380e+01  -1.744850e+01
   82  -1.744521e+00  -1.747152e+00  -1.748342e+00  -1.750064e+00  -1.752585e+00  -1.756215e+00  -1.761511e+00  -1.769187e+00  -1.780330e+00  -1.796499e+00  -1.819952e+00  -1.853937e+00  -1.903169e+00  -1.974380e+00  -2.077193e+00  -2.225230e+00  -2.437574e+00  -2.740441e+00  -3.168945e+00  -3.768159e+00  -4.592027e+00  -5.697534e+00  -7.129665e+00  -8.892991e+00  -1.091031e+01  -1.298552e+01  -1.481689e+01  -1.611367e+01  -1.678432e+01  -1.700627e+01  -1.704504e+01
   83  -1.748622e+00  -1.751234e+00  -1.752415e+00  -1.754132e+00  -1.756627e+00  -1.760246e+00  -1.765503e+00  -1.773131e+00  -1.784202e+00  -1.800269e+00  -1.823572e+00  -1.857339e+00  -1.906251e+00  -1.976994e+00  -2.079123e+00  -2.226142e+00  -2.436971e+00  -2.737589e+00  -3.162689e+00  -3.756704e+00  -4.572552e+00  -5.665580e+00  -7.078306e+00  -8.812022e+00  -1.078596e+01  -1.280254e+01  -1.456452e+01  -1.579452e+01  -1.641785e+01  -1.661828e+01  -1.665192e+01
   84  -1.752713e+00  -1.755309e+00  -1.756484e+00  -1.758184e+00  -1.760666e+00  -1.764266e+00  -1.769478e+00  -1.777064e+00  -1.788066e+00  -1.804024e+00  -1.827177e+00  -1.860726e+00  -1.909316e+00  -1.979586e+00  -2.081009e+00  -2.227019e+00  -2.436334e+00  -2.734679e+00  -3.156356e+00  -3.745148e+00  -4.552937e+00  -5.633450e+00  -7.026783e+00  -8.730921e+00  -1.066178e+01  -1.262054e+01  -1.431477e+01  -1.548046e+01  -1.605921e+01  -1.623990e+01  -1.626897e+01
   85  -1.756795e+00  -1.759375e+00  -1.760544e+00  -1.762237e+00  -1.764703e+00  -1.768268e+00  -1.773458e+00  -1.780988e+00  -1.791906e+00  -1.807775e+00  -1.830764e+00  -1.864094e+00  -1.912358e+00  -1.982162e+00  -2.082889e+00  -2.227866e+00  -2.435657e+00  -2.731721e+00  -3.149967e+00  -3.733500e+00  -4.533210e+00  -5.601170e+00  -6.975092e+00  -8.649775e+00  -1.053787e+01  -1.243964e+01  -1.406776e+01  -1.517168e+01  -1.570841e+01  -1.587108e+01  -1.589618e+01
   86  -1.760868e+00  -1.763431e+00  -1.764590e+00  -1.766273e+00  -1.768714e+00  -1.772267e+00  -1.777419e+00  -1.784901e+00  -1.795757e+00  -1.811505e+00  -1.834349e+00  -1.867449e+00  -1.915396e+00  -1.984710e+00  -2.084738e+00  -2.228685e+00  -2.434949e+00  -2.728720e+00  -3.143501e+00  -3.721768e+00  -4.513368e+00  -5.568763e+00  -6.923269e+00  -8.568582e+00  -1.041431e+01  -1.225997e+01  -1.382373e+01  -1.486830e+01  -1.536555e+01  -1.551179e+01  -1.553340e+01
   87  -1.764931e+00  -1.767477e+00  -1.768630e+00  -1.770296e+00  -1.772728e+00  -1.776254e+00  -1.781371e+00  -1.788801e+00  -1.799584e+00  -1.815235e+00  -1.837923e+00  -1.870800e+00  -1.918415e+00  -1.987254e+00  -2.086575e+00  -2.229481e+00  -2.434199e+00  -2.725670e+00  -3.136987e+00  -3.709976e+00  -4.493434e+00  -5.536249e+00  -6.871368e+00  -8.487455e+00  -1.029118e+01  -1.208167e+01  -1.358275e+01  -1.457046e+01  -1.503067e+01  -1.516193e+01  -1.518050e+01
   88  -1.768986e+00  -1.771514e+00  -1.772658e+00  -1.774319e+00  -1.776730e+00  -1.780228e+00  -1.785319e+00  -1.792697e+00  -1.803412e+00  -1.818938e+00  -1.841481e+00  -1.874140e+00  -1.921422e+00  -1.989772e+00  -2.088399e+00  -2.230262e+00  -2.433425e+00  -2.722582e+00  -3.130422e+00  -3.698097e+00  -4.473405e+00  -5.503628e+00  -6.819404e+00  -8.406416e+00  -1.016857e+01  -1.190483e+01  -1.334498e+01  -1.427825e+01  -1.470374e+01  -1.482141e+01  -1.483737e+01
   89  -1.773031e+00  -1.775542e+00  -1.776678e+00  -1.778324e+00  -1.780726e+00  -1.784198e+00  -1.789242e+00  -1.796583e+00  -1.807215e+00  -1.822652e+00  -1.845025e+00  -1.877454e+00  -1.924413e+00  -1.992281e+00  -2.090192e+00  -2.231005e+00  -2.432628e+00  -2.719468e+00  -3.123796e+00  -3.686155e+00  -4.453296e+00  -5.470932e+00  -6.767412e+00  -8.325499e+00  -1.004656e+01  -1.172958e+01  -1.311056e+01  -1.399172e+01  -1.438477e+01  -1.449013e+01  -1.450378e+01
   90  -1.777067e+00  -1.779561e+00  -1.780689e+00  -1.782327e+00  -1.784704e+00  -1.788158e+00  -1.793178e+00  -1.800459e+00  -1.811021e+00  -1.826342e+00  -1.848567e+00  -1.880770e+00  -1.927385e+00  -1.994766e+00  -2.091966e+00  -2.231729e+00  -2.431789e+00  -2.716302e+00  -3.117133e+00  -3.674162e+00  -4.433131e+00  -5.438181e+00  -6.715410e+00  -8.244766e+00  -9.925183e+00  -1.155599e+01  -1.287956e+01  -1.371101e+01  -1.407372e+01  -1.416792e+01  -1.417964e+01
   91  -1.781094e+00  -1.783571e+00  -1.784692e+00  -1.786317e+00  -1.788677e+00  -1.792106e+00  -1.797088e+00  -1.804312e+00  -1.814806e+00  -1.830027e+00  -1.852093e+00  -1.884068e+00  -1.930350e+00  -1.997240e+00  -2.093725e+00  -2.232429e+00  -2.430928e+00  -2.713107e+00  -3.110428e+00  -3.662113e+00  -4.412903e+00  -5.405378e+00  -6.663420e+00  -8.164258e+00  -9.804543e+00  -1.138419e+01  -1.265210e+01  -1.343609e+01  -1.377054e+01  -1.385462e+01  -1.386462e+01
   92  -1.785111e+00  -1.787571e+00  -1.788683e+00  -1.790306e+00  -1.792637e+00  -1.796062e+00  -1.800994e+00  -1.808157e+00  -1.818593e+00  -1.833699e+00  -1.855592e+00  -1.887357e+00  -1.933297e+00  -1.999704e+00  -2.095462e+00  -2.233104e+00  -2.430053e+00  -2.709865e+00  -3.103677e+00  -3.650022e+00  -4.392629e+00  -5.372551e+00  -6.611487e+00  -8.084023e+00  -9.684693e+00  -1.121421e+01  -1.242824e+01  -1.316704e+01  -1.347510e+01  -1.355011e+01  -1.355864e+01
   93  -1.789119e+00  -1.791561e+00  -1.792665e+00  -1.794267e+00  -1.796596e+00  -1.799973e+00  -1.804881e+00  -1.812019e+00  -1.822360e+00  -1.837346e+00  -1.859096e+00  -1.890636e+00  -1.936230e+00  -2.002150e+00  -2.097204e+00  -2.233770e+00  -2.429140e+00  -2.706631e+00  -3.096881e+00  -3.637894e+00  -4.372311e+00  -5.339715e+00  -6.559624e+00  -8.004093e+00  -9.565684e+00  -1.104616e+01  -1.220805e+01  -1.290381e+01  -1.318735e+01  -1.325416e+01  -1.326144e+01
   94  -1.793117e+00  -1.795541e+00  -1.796638e+00  -1.798230e+00  -1.800541e+00  -1.803904e+00  -1.808785e+00  -1.815860e+00  -1.826107e+00  -1.840989e+00  -1.862590e+00  -1.893882e+00  -1.939142e+00  -2.004581e+00  -2.098898e+00  -2.234411e+00  -2.428205e+00  -2.703341e+00  -3.090083e+00  -3.625714e+00  -4.351965e+00  -5.306856e+00  -6.507848e+00  -7.924499e+00  -9.447576e+00  -1.088011e+01  -1.199160e+01  -1.264641e+01  -1.290720e+01  -1.296664e+01  -1.297283e+01
   95  -1.797105e+00  -1.799511e+00  -1.800604e+00  -1.802187e+00  -1.804474e+00  -1.807804e+00  -1.812639e+00  -1.819661e+00  -1.829848e+00  -1.844649e+00  -1.866073e+00  -1.897132e+00  -1.942067e+00  -2.006998e+00  -2.100602e+00  -2.235030e+00  -2.427246e+00  -2.700038e+00  -3.083241e+00  -3.613509e+00  -4.331589e+00  -5.274023e+00  -6.456206e+00  -7.845273e+00  -9.330419e+00  -1.071608e+01  -1.177892e+01  -1.239488e+01  -1.263451e+01  -1.268733e+01  -1.269263e+01
   96  -1.801082e+00  -1.803471e+00  -1.804552e+00  -1.806121e+00  -1.808404e+00  -1.811713e+00  -1.816510e+00  -1.823475e+00  -1.833589e+00  -1.848269e+00  -1.869551e+00  -1.900365e+00  -1.944972e+00  -2.009396e+00  -2.102272e+00  -2.235659e+00  -2.426280e+00  -2.696702e+00  -3.076365e+00  -3.601295e+00  -4.311219e+00  -5.241230e+00  -6.404683e+00  -7.766458e+00  -9.214275e+00  -1.055418e+01  -1.157003e+01  -1.214910e+01  -1.236914e+01  -1.241605e+01  -1.242056e+01
   97  -1.805049e+00  -1.807421e+00  -1.808495e+00  -1.810050e+00  -1.812315e+00  -1.815590e+00  -1.820363e+00  -1.827284e+00  -1.837328e+00  -1.851877e+00  -1.873003e+00  -1.903585e+00  -1.947855e+00  -2.011796e+00  -2.103917e+00  -2.236249e+00  -2.425266e+00  -2.693369e+00  -3.069467e+00  -3.589027e+00  -4.290824e+00  -5.208463e+00  -6.353337e+00  -7.688104e+00  -9.099162e+00  -1.039443e+01  -1.136501e+01  -1.190909e+01  -1.211099e+01  -1.215258e+01  -1.215643e+01
   98  -1.809005e+00  -1.811359e+00  -1.812427e+00  -1.813969e+00  -1.816214e+00  -1.819472e+00  -1.824203e+00  -1.831063e+00  -1.841042e+00  -1.855492e+00  -1.876452e+00  -1.906803e+00  -1.950721e+00  -2.014165e+00  -2.105584e+00  -2.236811e+00  -2.424253e+00  -2.689979e+00  -3.062555e+00  -3.576752e+00  -4.270432e+00  -5.175742e+00  -6.302152e+00  -7.610227e+00  -8.985169e+00  -1.023689e+01  -1.116385e+01  -1.167478e+01  -1.185991e+01  -1.189675e+01  -1.190004e+01
   99  -1.812950e+00  -1.815291e+00  -1.816343e+00  -1.817877e+00  -1.820100e+00  -1.823338e+00  -1.828031e+00  -1.834839e+00  -1.844736e+00  -1.859077e+00  -1.879873e+00  -1.910002e+00  -1.953573e+00  -2.016539e+00  -2.107210e+00  -2.237379e+00  -2.423228e+00  -2.686585e+00  -3.055615e+00  -3.564487e+00  -4.250057e+00  -5.143099e+00  -6.251184e+00  -7.532837e+00  -8.872254e+00  -1.008161e+01  -1.096653e+01  -1.144611e+01  -1.161574e+01  -1.164835e+01  -1.165115e+01
  100  -1.816884e+00  -1.819202e+00  -1.820250e+00  -1.821773e+00  -1.823983e+00  -1.827193e+00  -1.831848e+00  -1.838610e+00  -1.848422e+00  -1.862661e+00  -1.883305e+00  -1.913194e+00  -1.956426e+00  -2.018870e+00  -2.108824e+00  -2.237919e+00  -2.422187e+00  -2.683161e+00  -3.048659e+00  -3.552198e+00  -4.229686e+00  -5.110505e+00  -6.200430e+00  -7.455982e+00  -8.760534e+00  -9.928567e+00  -1.077307e+01  -1.122299e+01  -1.137833e+01  -1.140717e+01  -1.140957e+01
