# h loading Love number for a Heaviside load
# Computed by ISSM on 19-Mar-2026 11:27:51
#
#   n         h_n(t)
    1  -1.252810e+00  -1.252877e+00  -1.252907e+00  -1.252951e+00  -1.253015e+00  -1.253108e+00  -1.253242e+00  -1.253437e+00  -1.253719e+00  -1.254129e+00  -1.254719e+00  -1.255571e+00  -1.256796e+00  -1.258545e+00  -1.261032e+00  -1.264536e+00  -1.269413e+00  -1.276101e+00  -1.285101e+00  -1.296959e+00  -1.312236e+00  -1.331443e+00  -1.354862e+00  -1.382040e+00  -1.411081e+00  -1.438343e+00  -1.459504e+00  -1.472059e+00  -1.477299e+00  -1.478945e+00  -1.479854e+00
    2  -9.616526e-01  -9.627440e-01  -9.632360e-01  -9.639516e-01  -9.649889e-01  -9.664931e-01  -9.686735e-01  -9.718320e-01  -9.763962e-01  -9.829828e-01  -9.924559e-01  -1.006025e+00  -1.025340e+00  -1.052593e+00  -1.090564e+00  -1.142520e+00  -1.211849e+00  -1.301204e+00  -1.411113e+00  -1.538350e+00  -1.675204e+00  -1.811284e+00  -1.938482e+00  -2.055453e+00  -2.164889e+00  -2.264182e+00  -2.342600e+00  -2.391278e+00  -2.413662e+00  -2.422741e+00  -2.429406e+00
    3  -1.024664e+00  -1.026082e+00  -1.026724e+00  -1.027654e+00  -1.029006e+00  -1.030966e+00  -1.033808e+00  -1.037925e+00  -1.043887e+00  -1.052504e+00  -1.064931e+00  -1.082795e+00  -1.108367e+00  -1.144733e+00  -1.195989e+00  -1.267313e+00  -1.364810e+00  -1.494884e+00  -1.662800e+00  -1.870270e+00  -2.112247e+00  -2.374156e+00  -2.632591e+00  -2.862820e+00  -3.050692e+00  -3.195831e+00  -3.300488e+00  -3.364356e+00  -3.395251e+00  -3.410507e+00  -3.424924e+00
    4  -1.020277e+00  -1.021842e+00  -1.022549e+00  -1.023576e+00  -1.025066e+00  -1.027229e+00  -1.030364e+00  -1.034913e+00  -1.041501e+00  -1.051037e+00  -1.064810e+00  -1.084663e+00  -1.113186e+00  -1.153966e+00  -1.211883e+00  -1.293375e+00  -1.406567e+00  -1.561061e+00  -1.767025e+00  -2.033089e+00  -2.362440e+00  -2.746844e+00  -3.160207e+00  -3.557650e+00  -3.888680e+00  -4.123062e+00  -4.265894e+00  -4.343207e+00  -4.381875e+00  -4.405345e+00  -4.430363e+00
    5  -1.041455e+00  -1.043114e+00  -1.043863e+00  -1.044953e+00  -1.046535e+00  -1.048828e+00  -1.052158e+00  -1.056985e+00  -1.063983e+00  -1.074117e+00  -1.088770e+00  -1.109919e+00  -1.140358e+00  -1.184004e+00  -1.246235e+00  -1.334308e+00  -1.457663e+00  -1.628033e+00  -1.859008e+00  -2.164476e+00  -2.555075e+00  -3.031391e+00  -3.573764e+00  -4.133080e+00  -4.634574e+00  -5.007161e+00  -5.227273e+00  -5.332050e+00  -5.380512e+00  -5.413635e+00  -5.451192e+00
    6  -1.087978e+00  -1.089734e+00  -1.090529e+00  -1.091682e+00  -1.093358e+00  -1.095789e+00  -1.099317e+00  -1.104432e+00  -1.111849e+00  -1.122594e+00  -1.138138e+00  -1.160589e+00  -1.192941e+00  -1.239394e+00  -1.305786e+00  -1.400044e+00  -1.532667e+00  -1.717039e+00  -1.969307e+00  -2.307264e+00  -2.747254e+00  -3.297333e+00  -3.945471e+00  -4.645256e+00  -5.310906e+00  -5.840713e+00  -6.173092e+00  -6.332015e+00  -6.399794e+00  -6.445026e+00  -6.497150e+00
    7  -1.148010e+00  -1.149872e+00  -1.150717e+00  -1.151938e+00  -1.153714e+00  -1.156292e+00  -1.160032e+00  -1.165457e+00  -1.173325e+00  -1.184723e+00  -1.201220e+00  -1.225057e+00  -1.259431e+00  -1.308840e+00  -1.379556e+00  -1.480160e+00  -1.622127e+00  -1.820306e+00  -2.093029e+00  -2.461352e+00  -2.946276e+00  -3.562114e+00  -4.303815e+00  -5.129521e+00  -5.948947e+00  -6.639377e+00  -7.104342e+00  -7.342271e+00  -7.443638e+00  -7.505230e+00  -7.573644e+00
    8  -1.213792e+00  -1.215764e+00  -1.216656e+00  -1.217951e+00  -1.219832e+00  -1.222560e+00  -1.226519e+00  -1.232263e+00  -1.240593e+00  -1.252666e+00  -1.270144e+00  -1.295406e+00  -1.331855e+00  -1.384284e+00  -1.459403e+00  -1.566435e+00  -1.717788e+00  -1.929702e+00  -2.222535e+00  -2.620274e+00  -3.148082e+00  -3.825812e+00  -4.654861e+00  -5.598450e+00  -6.564877e+00  -7.416376e+00  -8.026049e+00  -8.362055e+00  -8.511077e+00  -8.593789e+00  -8.678997e+00
    9  -1.281311e+00  -1.283392e+00  -1.284334e+00  -1.285700e+00  -1.287682e+00  -1.290564e+00  -1.294743e+00  -1.300807e+00  -1.309600e+00  -1.322347e+00  -1.340800e+00  -1.367487e+00  -1.406001e+00  -1.461438e+00  -1.540933e+00  -1.654333e+00  -1.814973e+00  -2.040414e+00  -2.352952e+00  -2.779338e+00  -3.348616e+00  -4.085822e+00  -4.998490e+00  -6.055256e+00  -7.164767e+00  -8.177936e+00  -8.940949e+00  -9.389593e+00  -9.598321e+00  -9.706272e+00  -9.807310e+00
   10  -1.348617e+00  -1.350804e+00  -1.351794e+00  -1.353232e+00  -1.355317e+00  -1.358347e+00  -1.362738e+00  -1.369115e+00  -1.378363e+00  -1.391767e+00  -1.411183e+00  -1.439260e+00  -1.479802e+00  -1.538176e+00  -1.621955e+00  -1.741590e+00  -1.911297e+00  -2.149932e+00  -2.481655e+00  -2.935863e+00  -3.545320e+00  -4.340033e+00  -5.333557e+00  -6.500199e+00  -7.750253e+00  -8.925876e+00  -9.848927e+00  -1.042180e+01  -1.070026e+01  -1.083681e+01  -1.095170e+01
   11  -1.414748e+00  -1.417039e+00  -1.418075e+00  -1.419580e+00  -1.421766e+00  -1.424936e+00  -1.429538e+00  -1.436217e+00  -1.445903e+00  -1.459948e+00  -1.480286e+00  -1.509717e+00  -1.552214e+00  -1.613445e+00  -1.701368e+00  -1.827033e+00  -2.005520e+00  -2.256928e+00  -2.607212e+00  -3.088341e+00  -3.736653e+00  -4.587007e+00  -5.658931e+00  -6.932670e+00  -8.321166e+00  -9.659784e+00  -1.074813e+01  -1.145463e+01  -1.181141e+01  -1.197939e+01  -1.210578e+01
   12  -1.479182e+00  -1.481572e+00  -1.482653e+00  -1.484223e+00  -1.486501e+00  -1.489811e+00  -1.494613e+00  -1.501582e+00  -1.511691e+00  -1.526349e+00  -1.547583e+00  -1.578305e+00  -1.622681e+00  -1.686653e+00  -1.778558e+00  -1.910021e+00  -2.096942e+00  -2.360629e+00  -2.728777e+00  -3.235819e+00  -3.921593e+00  -4.825688e+00  -5.973567e+00  -7.351697e+00  -8.876462e+00  -1.037809e+01  -1.163574e+01  -1.248364e+01  -1.292633e+01  -1.312852e+01  -1.326430e+01
   13  -1.541600e+00  -1.544085e+00  -1.545208e+00  -1.546842e+00  -1.549210e+00  -1.552648e+00  -1.557643e+00  -1.564891e+00  -1.575403e+00  -1.590645e+00  -1.612724e+00  -1.644678e+00  -1.690852e+00  -1.757433e+00  -1.853133e+00  -1.990123e+00  -2.185105e+00  -2.460530e+00  -2.845750e+00  -3.377625e+00  -4.099368e+00  -5.055189e+00  -6.276487e+00  -7.756136e+00  -9.414715e+00  -1.107873e+01  -1.250852e+01  -1.350429e+01  -1.403986e+01  -1.427932e+01  -1.442300e+01
   14  -1.601782e+00  -1.604355e+00  -1.605520e+00  -1.607212e+00  -1.609666e+00  -1.613227e+00  -1.618403e+00  -1.625916e+00  -1.636805e+00  -1.652597e+00  -1.675481e+00  -1.708602e+00  -1.756473e+00  -1.825522e+00  -1.924822e+00  -2.067053e+00  -2.269673e+00  -2.556239e+00  -2.957708e+00  -3.513242e+00  -4.269333e+00  -5.274725e+00  -6.566712e+00  -8.144762e+00  -9.934292e+00  -1.175933e+01  -1.336308e+01  -1.451221e+01  -1.514731e+01  -1.542765e+01  -1.557852e+01
   15  -1.659565e+00  -1.662224e+00  -1.663427e+00  -1.665171e+00  -1.667707e+00  -1.671389e+00  -1.676734e+00  -1.684483e+00  -1.695729e+00  -1.712045e+00  -1.735678e+00  -1.769901e+00  -1.819368e+00  -1.890733e+00  -1.993419e+00  -2.140580e+00  -2.350394e+00  -2.647469e+00  -3.064289e+00  -3.642233e+00  -4.430955e+00  -5.483626e+00  -6.843382e+00  -8.516413e+00  -1.043352e+01  -1.241754e+01  -1.419615e+01  -1.550332e+01  -1.624443e+01  -1.656983e+01  -1.672809e+01
   16  -1.714833e+00  -1.717569e+00  -1.718808e+00  -1.720607e+00  -1.723216e+00  -1.727004e+00  -1.732505e+00  -1.740486e+00  -1.752069e+00  -1.768863e+00  -1.793205e+00  -1.828444e+00  -1.879400e+00  -1.952934e+00  -2.058776e+00  -2.210542e+00  -2.427092e+00  -2.734012e+00  -3.165245e+00  -3.764279e+00  -4.583820e+00  -5.681339e+00  -7.105721e+00  -8.870015e+00  -1.091090e+01  -1.305113e+01  -1.500464e+01  -1.647386e+01  -1.732740e+01  -1.770273e+01  -1.786942e+01
   17  -1.767508e+00  -1.770315e+00  -1.771588e+00  -1.773435e+00  -1.776112e+00  -1.780002e+00  -1.785646e+00  -1.793842e+00  -1.805730e+00  -1.822972e+00  -1.847963e+00  -1.884150e+00  -1.936478e+00  -2.012024e+00  -2.120790e+00  -2.276835e+00  -2.499635e+00  -2.815723e+00  -3.260400e+00  -3.879164e+00  -4.727644e+00  -5.867462e+00  -7.353179e+00  -9.204717e+00  -1.136511e+01  -1.365818e+01  -1.578587e+01  -1.742046e+01  -1.839280e+01  -1.882343e+01  -1.900044e+01
   18  -1.817547e+00  -1.820422e+00  -1.821726e+00  -1.823613e+00  -1.826356e+00  -1.830337e+00  -1.836117e+00  -1.844505e+00  -1.856677e+00  -1.874329e+00  -1.899916e+00  -1.936972e+00  -1.990574e+00  -2.067959e+00  -2.179422e+00  -2.339399e+00  -2.567971e+00  -2.892526e+00  -3.349660e+00  -3.986767e+00  -4.862249e+00  -6.041749e+00  -7.585343e+00  -9.519891e+00  -1.179516e+01  -1.423710e+01  -1.653749e+01  -1.834016e+01  -1.943750e+01  -1.992933e+01  -2.011921e+01
   19  -1.864940e+00  -1.867878e+00  -1.869204e+00  -1.871132e+00  -1.873932e+00  -1.877997e+00  -1.883901e+00  -1.892465e+00  -1.904897e+00  -1.922921e+00  -1.949056e+00  -1.986905e+00  -2.041654e+00  -2.120725e+00  -2.234648e+00  -2.398235e+00  -2.632087e+00  -2.964418e+00  -3.433019e+00  -4.087064e+00  -4.987602e+00  -6.204109e+00  -7.802051e+00  -9.815184e+00  -1.220037e+01  -1.478668e+01  -1.725762e+01  -1.923041e+01  -2.045866e+01  -2.101789e+01  -2.122380e+01
   20  -1.909706e+00  -1.912698e+00  -1.914048e+00  -1.916016e+00  -1.918867e+00  -1.923007e+00  -1.929021e+00  -1.937748e+00  -1.950407e+00  -1.968774e+00  -1.995401e+00  -2.033967e+00  -2.089763e+00  -2.170364e+00  -2.286513e+00  -2.453371e+00  -2.692032e+00  -3.031452e+00  -3.510537e+00  -4.180138e+00  -5.103781e+00  -6.354614e+00  -8.003322e+00  -1.009050e+01  -1.258036e+01  -1.530613e+01  -1.794477e+01  -2.008897e+01  -2.145365e+01  -2.208672e+01  -2.231228e+01
   21  -1.951890e+00  -1.954930e+00  -1.956305e+00  -1.958302e+00  -1.961203e+00  -1.965410e+00  -1.971525e+00  -1.980392e+00  -1.993261e+00  -2.011933e+00  -2.038999e+00  -2.078209e+00  -2.134949e+00  -2.216919e+00  -2.335076e+00  -2.504883e+00  -2.747891e+00  -3.093731e+00  -3.582345e+00  -4.266131e+00  -5.210969e+00  -6.493465e+00  -8.189353e+00  -1.034598e+01  -1.293512e+01  -1.579500e+01  -1.859788e+01  -2.091402e+01  -2.242009e+01  -2.313339e+01  -2.338263e+01
   22  -1.991557e+00  -1.994638e+00  -1.996035e+00  -1.998061e+00  -2.001002e+00  -2.005270e+00  -2.011471e+00  -2.020469e+00  -2.033525e+00  -2.052471e+00  -2.079927e+00  -2.119712e+00  -2.177288e+00  -2.260482e+00  -2.380438e+00  -2.552881e+00  -2.799784e+00  -3.151399e+00  -3.648614e+00  -4.345270e+00  -5.309423e+00  -6.620988e+00  -8.360517e+00  -1.058198e+01  -1.326490e+01  -1.625322e+01  -1.921627e+01  -2.170403e+01  -2.335577e+01  -2.415554e+01  -2.443273e+01
   23  -2.028792e+00  -2.031914e+00  -2.033327e+00  -2.035377e+00  -2.038356e+00  -2.042676e+00  -2.048954e+00  -2.058063e+00  -2.071285e+00  -2.090469e+00  -2.118278e+00  -2.158566e+00  -2.216881e+00  -2.301163e+00  -2.422705e+00  -2.597492e+00  -2.847866e+00  -3.204642e+00  -3.709574e+00  -4.417835e+00  -5.399510e+00  -6.737609e+00  -8.517311e+00  -1.079905e+01  -1.357014e+01  -1.668101e+01  -1.979957e+01  -2.245783e+01  -2.425868e+01  -2.515083e+01  -2.546040e+01
   24  -2.063690e+00  -2.066846e+00  -2.068273e+00  -2.070349e+00  -2.073352e+00  -2.077727e+00  -2.084070e+00  -2.093278e+00  -2.106644e+00  -2.126032e+00  -2.154151e+00  -2.194883e+00  -2.253847e+00  -2.339080e+00  -2.462028e+00  -2.638882e+00  -2.892320e+00  -3.253669e+00  -3.765483e+00  -4.484128e+00  -5.481601e+00  -6.843819e+00  -8.660334e+00  -1.099787e+01  -1.385157e+01  -1.707885e+01  -2.034776e+01  -2.317450e+01  -2.512699e+01  -2.611690e+01  -2.646333e+01
   25  -2.096360e+00  -2.099545e+00  -2.100986e+00  -2.103075e+00  -2.106116e+00  -2.110527e+00  -2.116930e+00  -2.126221e+00  -2.139715e+00  -2.159284e+00  -2.187668e+00  -2.228786e+00  -2.288314e+00  -2.374373e+00  -2.498541e+00  -2.677202e+00  -2.933327e+00  -3.298708e+00  -3.816608e+00  -4.544512e+00  -5.556154e+00  -6.940165e+00  -8.790268e+00  -1.117923e+01  -1.410999e+01  -1.744745e+01  -2.086104e+01  -2.385338e+01  -2.595905e+01  -2.705154e+01  -2.743912e+01
   26  -2.126917e+00  -2.130126e+00  -2.131579e+00  -2.133688e+00  -2.136746e+00  -2.141193e+00  -2.147650e+00  -2.157014e+00  -2.170614e+00  -2.190337e+00  -2.218949e+00  -2.260403e+00  -2.320416e+00  -2.407185e+00  -2.532408e+00  -2.712634e+00  -2.971095e+00  -3.340000e+00  -3.863247e+00  -4.599340e+00  -5.623618e+00  -7.027235e+00  -8.907830e+00  -1.134401e+01  -1.434637e+01  -1.778763e+01  -2.133984e+01  -2.449408e+01  -2.675344e+01  -2.795250e+01  -2.838541e+01
   27  -2.155480e+00  -2.158712e+00  -2.160172e+00  -2.162296e+00  -2.165378e+00  -2.169847e+00  -2.176351e+00  -2.185778e+00  -2.199465e+00  -2.219326e+00  -2.248126e+00  -2.289860e+00  -2.350288e+00  -2.437672e+00  -2.563784e+00  -2.745352e+00  -3.005828e+00  -3.377781e+00  -3.905693e+00  -4.648987e+00  -5.684462e+00  -7.105611e+00  -9.013783e+00  -1.149310e+01  -1.456174e+01  -1.810040e+01  -2.178479e+01  -2.509642e+01  -2.750888e+01  -2.881764e+01  -2.929975e+01
   28  -2.182169e+00  -2.185418e+00  -2.186887e+00  -2.189017e+00  -2.192116e+00  -2.196619e+00  -2.203154e+00  -2.212634e+00  -2.226393e+00  -2.246365e+00  -2.275326e+00  -2.317298e+00  -2.378077e+00  -2.465964e+00  -2.592846e+00  -2.775542e+00  -3.037733e+00  -3.412306e+00  -3.944249e+00  -4.693820e+00  -5.739160e+00  -7.175915e+00  -9.108877e+00  -1.162746e+01  -1.475715e+01  -1.838681e+01  -2.219663e+01  -2.566041e+01  -2.822431e+01  -2.964501e+01  -3.017970e+01
   29  -2.207104e+00  -2.210366e+00  -2.211844e+00  -2.213987e+00  -2.217098e+00  -2.221620e+00  -2.228179e+00  -2.237704e+00  -2.251532e+00  -2.271588e+00  -2.300685e+00  -2.342847e+00  -2.403910e+00  -2.492228e+00  -2.619737e+00  -2.803384e+00  -3.067025e+00  -3.443806e+00  -3.979196e+00  -4.734202e+00  -5.788167e+00  -7.238722e+00  -9.193861e+00  -1.174800e+01  -1.493369e+01  -1.864798e+01  -2.257623e+01  -2.618622e+01  -2.889886e+01  -3.043269e+01  -3.102288e+01
   30  -2.230406e+00  -2.233678e+00  -2.235165e+00  -2.237313e+00  -2.240437e+00  -2.244973e+00  -2.251557e+00  -2.261114e+00  -2.274990e+00  -2.295124e+00  -2.324322e+00  -2.366643e+00  -2.427937e+00  -2.516596e+00  -2.644620e+00  -2.829044e+00  -3.093876e+00  -3.472517e+00  -4.010829e+00  -4.770481e+00  -5.831924e+00  -7.294603e+00  -9.269467e+00  -1.185563e+01  -1.509245e+01  -1.888504e+01  -2.292452e+01  -2.667418e+01  -2.953183e+01  -3.117896e+01  -3.182698e+01
   31  -2.252188e+00  -2.255472e+00  -2.256956e+00  -2.259114e+00  -2.262247e+00  -2.266792e+00  -2.273395e+00  -2.282980e+00  -2.296893e+00  -2.317083e+00  -2.346363e+00  -2.388812e+00  -2.450283e+00  -2.539214e+00  -2.667647e+00  -2.852698e+00  -3.118494e+00  -3.498662e+00  -4.039407e+00  -4.802994e+00  -5.870864e+00  -7.344094e+00  -9.336384e+00  -1.195122e+01  -1.523446e+01  -1.909914e+01  -2.324250e+01  -2.712471e+01  -3.012273e+01  -3.188229e+01  -3.258980e+01
   32  -2.272563e+00  -2.275853e+00  -2.277342e+00  -2.279503e+00  -2.282641e+00  -2.287197e+00  -2.293817e+00  -2.303419e+00  -2.317360e+00  -2.337586e+00  -2.366935e+00  -2.409468e+00  -2.471083e+00  -2.560214e+00  -2.688960e+00  -2.874499e+00  -3.141062e+00  -3.522450e+00  -4.065188e+00  -4.832056e+00  -5.905370e+00  -7.387709e+00  -9.395272e+00  -1.203563e+01  -1.536074e+01  -1.929139e+01  -2.353120e+01  -2.753840e+01  -3.067120e+01  -3.254129e+01  -3.330922e+01
   33  -2.291635e+00  -2.294930e+00  -2.296420e+00  -2.298589e+00  -2.301728e+00  -2.306292e+00  -2.312912e+00  -2.322536e+00  -2.336495e+00  -2.356755e+00  -2.386143e+00  -2.428738e+00  -2.490446e+00  -2.579726e+00  -2.708700e+00  -2.894594e+00  -3.161732e+00  -3.544077e+00  -4.088405e+00  -4.857952e+00  -5.935824e+00  -7.425932e+00  -9.446756e+00  -1.210964e+01  -1.547227e+01  -1.946290e+01  -2.379165e+01  -2.791587e+01  -3.117706e+01  -3.315478e+01  -3.398339e+01
   34  -2.309508e+00  -2.312802e+00  -2.314300e+00  -2.316462e+00  -2.319609e+00  -2.324176e+00  -2.330803e+00  -2.340433e+00  -2.354402e+00  -2.374680e+00  -2.404088e+00  -2.446729e+00  -2.508500e+00  -2.597870e+00  -2.726992e+00  -2.913131e+00  -3.180683e+00  -3.563734e+00  -4.109280e+00  -4.880965e+00  -5.962562e+00  -7.459199e+00  -9.491400e+00  -1.217398e+01  -1.556998e+01  -1.961474e+01  -2.402490e+01  -2.825785e+01  -3.164032e+01  -3.372177e+01  -3.461053e+01
   35  -2.326274e+00  -2.329571e+00  -2.331064e+00  -2.333227e+00  -2.336378e+00  -2.340943e+00  -2.347575e+00  -2.357207e+00  -2.371184e+00  -2.391468e+00  -2.420886e+00  -2.463539e+00  -2.525333e+00  -2.614750e+00  -2.743953e+00  -2.930238e+00  -3.198052e+00  -3.581578e+00  -4.128015e+00  -4.901331e+00  -5.985906e+00  -7.487915e+00  -9.529742e+00  -1.222934e+01  -1.565470e+01  -1.974789e+01  -2.423199e+01  -2.856510e+01  -3.206108e+01  -3.424149e+01  -3.518912e+01
   36  -2.342024e+00  -2.345325e+00  -2.346816e+00  -2.348983e+00  -2.352127e+00  -2.356692e+00  -2.363327e+00  -2.372947e+00  -2.386929e+00  -2.407207e+00  -2.436623e+00  -2.479275e+00  -2.541062e+00  -2.630485e+00  -2.759699e+00  -2.946033e+00  -3.213980e+00  -3.597781e+00  -4.144805e+00  -4.919297e+00  -6.006148e+00  -7.512468e+00  -9.562271e+00  -1.227635e+01  -1.572727e+01  -1.986333e+01  -2.441393e+01  -2.883844e+01  -3.243959e+01  -3.471341e+01  -3.571790e+01
   37  -2.356842e+00  -2.360140e+00  -2.361630e+00  -2.363792e+00  -2.366937e+00  -2.371497e+00  -2.378128e+00  -2.387749e+00  -2.401713e+00  -2.421987e+00  -2.451382e+00  -2.494014e+00  -2.555779e+00  -2.645164e+00  -2.774334e+00  -2.960643e+00  -3.228577e+00  -3.612478e+00  -4.159803e+00  -4.935056e+00  -6.023553e+00  -7.533181e+00  -9.589428e+00  -1.231560e+01  -1.578843e+01  -1.996199e+01  -2.457171e+01  -2.907873e+01  -3.277626e+01  -3.513710e+01  -3.619577e+01
   38  -2.370804e+00  -2.374096e+00  -2.375586e+00  -2.377751e+00  -2.380888e+00  -2.385449e+00  -2.392070e+00  -2.401681e+00  -2.415638e+00  -2.435883e+00  -2.465257e+00  -2.507847e+00  -2.569549e+00  -2.658868e+00  -2.787958e+00  -2.974157e+00  -3.241978e+00  -3.625801e+00  -4.173186e+00  -4.948801e+00  -6.038352e+00  -7.550379e+00  -9.611626e+00  -1.234763e+01  -1.583886e+01  -2.004471e+01  -2.470629e+01  -2.928683e+01  -3.307157e+01  -3.551246e+01  -3.662193e+01
   39  -2.383983e+00  -2.387271e+00  -2.388759e+00  -2.390918e+00  -2.394052e+00  -2.398609e+00  -2.405220e+00  -2.414829e+00  -2.428757e+00  -2.448975e+00  -2.478317e+00  -2.520846e+00  -2.582488e+00  -2.671705e+00  -2.800648e+00  -2.986673e+00  -3.254283e+00  -3.637882e+00  -4.185087e+00  -4.960716e+00  -6.050764e+00  -7.564332e+00  -9.629221e+00  -1.237293e+01  -1.587921e+01  -2.011233e+01  -2.481862e+01  -2.946368e+01  -3.332614e+01  -3.583953e+01  -3.699588e+01
   40  -2.396446e+00  -2.399728e+00  -2.401213e+00  -2.403371e+00  -2.406503e+00  -2.411048e+00  -2.417651e+00  -2.427242e+00  -2.441145e+00  -2.461333e+00  -2.490627e+00  -2.533097e+00  -2.594635e+00  -2.683719e+00  -2.812494e+00  -2.998278e+00  -3.265577e+00  -3.648821e+00  -4.195642e+00  -4.970958e+00  -6.060994e+00  -7.575305e+00  -9.642572e+00  -1.239197e+01  -1.591011e+01  -2.016556e+01  -2.490961e+01  -2.961018e+01  -3.354065e+01  -3.611849e+01  -3.731730e+01
   41  -2.408254e+00  -2.411530e+00  -2.413014e+00  -2.415161e+00  -2.418284e+00  -2.422832e+00  -2.429417e+00  -2.438984e+00  -2.452874e+00  -2.473023e+00  -2.502265e+00  -2.544645e+00  -2.606080e+00  -2.695003e+00  -2.823571e+00  -3.009056e+00  -3.275964e+00  -3.658703e+00  -4.204943e+00  -4.979659e+00  -6.069207e+00  -7.583522e+00  -9.651964e+00  -1.240510e+01  -1.593208e+01  -2.020516e+01  -2.498008e+01  -2.972729e+01  -3.371593e+01  -3.634985e+01  -3.758621e+01
   42  -2.419463e+00  -2.422732e+00  -2.424208e+00  -2.426358e+00  -2.429479e+00  -2.434004e+00  -2.440580e+00  -2.450116e+00  -2.463987e+00  -2.484087e+00  -2.513267e+00  -2.555574e+00  -2.616870e+00  -2.705627e+00  -2.833932e+00  -3.019057e+00  -3.285514e+00  -3.667637e+00  -4.213116e+00  -4.986943e+00  -6.075574e+00  -7.589192e+00  -9.657681e+00  -1.241276e+01  -1.594561e+01  -2.023180e+01  -2.503092e+01  -2.981591e+01  -3.385283e+01  -3.653416e+01  -3.780278e+01
   43  -2.430126e+00  -2.433387e+00  -2.434862e+00  -2.437005e+00  -2.440118e+00  -2.444632e+00  -2.451187e+00  -2.460712e+00  -2.474530e+00  -2.494595e+00  -2.523705e+00  -2.565908e+00  -2.627079e+00  -2.715622e+00  -2.843647e+00  -3.028383e+00  -3.294308e+00  -3.675701e+00  -4.220257e+00  -4.992929e+00  -6.080245e+00  -7.592483e+00  -9.659970e+00  -1.241525e+01  -1.595120e+01  -2.024609e+01  -2.506294e+01  -2.987705e+01  -3.395238e+01  -3.667224e+01  -3.796763e+01
   44  -2.440290e+00  -2.443543e+00  -2.445014e+00  -2.447147e+00  -2.450254e+00  -2.454753e+00  -2.461310e+00  -2.470799e+00  -2.484583e+00  -2.504599e+00  -2.533627e+00  -2.575735e+00  -2.636734e+00  -2.725065e+00  -2.852774e+00  -3.037081e+00  -3.302390e+00  -3.682976e+00  -4.226442e+00  -4.997718e+00  -6.083320e+00  -7.593594e+00  -9.659069e+00  -1.241292e+01  -1.594928e+01  -2.024863e+01  -2.507691e+01  -2.991161e+01  -3.401551e+01  -3.676502e+01  -3.808141e+01
   45  -2.450000e+00  -2.453245e+00  -2.454709e+00  -2.456832e+00  -2.459939e+00  -2.464429e+00  -2.470946e+00  -2.480420e+00  -2.494180e+00  -2.514125e+00  -2.543078e+00  -2.585056e+00  -2.645905e+00  -2.733994e+00  -2.861357e+00  -3.045189e+00  -3.309830e+00  -3.689516e+00  -4.231754e+00  -5.001429e+00  -6.084960e+00  -7.592659e+00  -9.655173e+00  -1.240601e+01  -1.594024e+01  -2.024000e+01  -2.507360e+01  -2.992058e+01  -3.404340e+01  -3.681357e+01  -3.814513e+01
   46  -2.459295e+00  -2.462529e+00  -2.463988e+00  -2.466114e+00  -2.469201e+00  -2.473681e+00  -2.480187e+00  -2.489627e+00  -2.503336e+00  -2.523232e+00  -2.552092e+00  -2.593959e+00  -2.654612e+00  -2.742453e+00  -2.869452e+00  -3.052774e+00  -3.316700e+00  -3.695385e+00  -4.236258e+00  -5.004109e+00  -6.085221e+00  -7.589832e+00  -9.648466e+00  -1.239481e+01  -1.592445e+01  -2.022071e+01  -2.505372e+01  -2.990492e+01  -3.403712e+01  -3.681915e+01  -3.816001e+01
   47  -2.468212e+00  -2.471437e+00  -2.472894e+00  -2.475010e+00  -2.478085e+00  -2.482552e+00  -2.489043e+00  -2.498455e+00  -2.512118e+00  -2.531947e+00  -2.560716e+00  -2.602445e+00  -2.662925e+00  -2.750487e+00  -2.877109e+00  -3.059874e+00  -3.323022e+00  -3.700628e+00  -4.240018e+00  -5.005844e+00  -6.084238e+00  -7.585209e+00  -9.639127e+00  -1.237957e+01  -1.590228e+01  -2.019129e+01  -2.501798e+01  -2.986555e+01  -3.399793e+01  -3.678311e+01  -3.812745e+01
   48  -2.476785e+00  -2.479998e+00  -2.481450e+00  -2.483561e+00  -2.486624e+00  -2.491079e+00  -2.497538e+00  -2.506919e+00  -2.520541e+00  -2.540314e+00  -2.568986e+00  -2.610573e+00  -2.670844e+00  -2.758131e+00  -2.884343e+00  -3.066533e+00  -3.328867e+00  -3.705317e+00  -4.243103e+00  -5.006722e+00  -6.082071e+00  -7.578932e+00  -9.627317e+00  -1.236048e+01  -1.587404e+01  -2.015216e+01  -2.496710e+01  -2.980347e+01  -3.392706e+01  -3.670696e+01  -3.804904e+01
   49  -2.485043e+00  -2.488245e+00  -2.489694e+00  -2.491795e+00  -2.494852e+00  -2.499284e+00  -2.505727e+00  -2.515078e+00  -2.528646e+00  -2.548347e+00  -2.576925e+00  -2.618374e+00  -2.678439e+00  -2.765424e+00  -2.891209e+00  -3.072785e+00  -3.334247e+00  -3.709468e+00  -4.245556e+00  -5.006776e+00  -6.078823e+00  -7.571091e+00  -9.613161e+00  -1.233776e+01  -1.584002e+01  -2.010384e+01  -2.490175e+01  -2.971965e+01  -3.382578e+01  -3.659223e+01  -3.792660e+01
   50  -2.493015e+00  -2.496206e+00  -2.497649e+00  -2.499742e+00  -2.502791e+00  -2.507206e+00  -2.513629e+00  -2.522938e+00  -2.536462e+00  -2.556092e+00  -2.584569e+00  -2.625868e+00  -2.685717e+00  -2.772380e+00  -2.897724e+00  -3.078661e+00  -3.339212e+00  -3.713151e+00  -4.247414e+00  -5.006083e+00  -6.074546e+00  -7.561782e+00  -9.596803e+00  -1.231162e+01  -1.580052e+01  -2.004671e+01  -2.482255e+01  -2.961500e+01  -3.369545e+01  -3.644064e+01  -3.776195e+01
   51  -2.500727e+00  -2.503905e+00  -2.505345e+00  -2.507428e+00  -2.510465e+00  -2.514866e+00  -2.521260e+00  -2.530541e+00  -2.544010e+00  -2.563567e+00  -2.591936e+00  -2.633083e+00  -2.692710e+00  -2.779052e+00  -2.903926e+00  -3.084200e+00  -3.343796e+00  -3.716393e+00  -4.248725e+00  -5.004680e+00  -6.069307e+00  -7.551088e+00  -9.578356e+00  -1.228221e+01  -1.575580e+01  -1.998121e+01  -2.473015e+01  -2.949052e+01  -3.353735e+01  -3.625389e+01  -3.755722e+01
   52  -2.508201e+00  -2.511369e+00  -2.512799e+00  -2.514878e+00  -2.517899e+00  -2.522288e+00  -2.528654e+00  -2.537903e+00  -2.551315e+00  -2.570787e+00  -2.599045e+00  -2.640025e+00  -2.699433e+00  -2.785453e+00  -2.909836e+00  -3.089419e+00  -3.348033e+00  -3.719205e+00  -4.249532e+00  -5.002631e+00  -6.063168e+00  -7.539087e+00  -9.557943e+00  -1.224970e+01  -1.570611e+01  -1.990773e+01  -2.462518e+01  -2.934714e+01  -3.335291e+01  -3.603382e+01  -3.731451e+01
   53  -2.515458e+00  -2.518607e+00  -2.520037e+00  -2.522109e+00  -2.525112e+00  -2.529484e+00  -2.535824e+00  -2.545034e+00  -2.558399e+00  -2.577788e+00  -2.605949e+00  -2.646758e+00  -2.705924e+00  -2.791584e+00  -2.915488e+00  -3.094353e+00  -3.351936e+00  -3.721643e+00  -4.249865e+00  -4.999954e+00  -6.056164e+00  -7.525866e+00  -9.535654e+00  -1.221426e+01  -1.565172e+01  -1.982666e+01  -2.450825e+01  -2.918580e+01  -3.314350e+01  -3.578230e+01  -3.703612e+01
   54  -2.522518e+00  -2.525658e+00  -2.527078e+00  -2.529138e+00  -2.532133e+00  -2.536484e+00  -2.542801e+00  -2.551962e+00  -2.565280e+00  -2.584592e+00  -2.612620e+00  -2.653274e+00  -2.712187e+00  -2.797507e+00  -2.920889e+00  -3.099011e+00  -3.355543e+00  -3.723722e+00  -4.249759e+00  -4.996711e+00  -6.048383e+00  -7.511481e+00  -9.511602e+00  -1.217602e+01  -1.559282e+01  -1.973836e+01  -2.437997e+01  -2.900747e+01  -3.291050e+01  -3.550116e+01  -3.672427e+01
   55  -2.529397e+00  -2.532528e+00  -2.533938e+00  -2.535990e+00  -2.538970e+00  -2.543309e+00  -2.549590e+00  -2.558719e+00  -2.571981e+00  -2.591204e+00  -2.619124e+00  -2.659595e+00  -2.718257e+00  -2.803209e+00  -2.926068e+00  -3.103435e+00  -3.358867e+00  -3.725474e+00  -4.249241e+00  -4.992915e+00  -6.039841e+00  -7.495981e+00  -9.485855e+00  -1.213509e+01  -1.552965e+01  -1.964320e+01  -2.424090e+01  -2.881301e+01  -3.265534e+01  -3.519247e+01  -3.638133e+01
   56  -2.536112e+00  -2.539225e+00  -2.540633e+00  -2.542678e+00  -2.545647e+00  -2.549955e+00  -2.556222e+00  -2.565312e+00  -2.578505e+00  -2.597655e+00  -2.625444e+00  -2.665737e+00  -2.724144e+00  -2.808726e+00  -2.931042e+00  -3.107626e+00  -3.361938e+00  -3.726916e+00  -4.248343e+00  -4.988616e+00  -6.030601e+00  -7.479447e+00  -9.458513e+00  -1.209166e+01  -1.546241e+01  -1.954152e+01  -2.409162e+01  -2.860341e+01  -3.237941e+01  -3.485805e+01  -3.600972e+01
   57  -2.542677e+00  -2.545774e+00  -2.547178e+00  -2.549213e+00  -2.552168e+00  -2.556461e+00  -2.562694e+00  -2.571738e+00  -2.584880e+00  -2.603938e+00  -2.631602e+00  -2.671725e+00  -2.729854e+00  -2.814057e+00  -2.935818e+00  -3.111609e+00  -3.364751e+00  -3.728068e+00  -4.247080e+00  -4.983846e+00  -6.020672e+00  -7.461916e+00  -9.429655e+00  -1.204584e+01  -1.539131e+01  -1.943362e+01  -2.393269e+01  -2.837958e+01  -3.208413e+01  -3.449986e+01  -3.561186e+01
   58  -2.549105e+00  -2.552191e+00  -2.553586e+00  -2.555613e+00  -2.558547e+00  -2.562827e+00  -2.569032e+00  -2.578035e+00  -2.591108e+00  -2.610091e+00  -2.637616e+00  -2.677545e+00  -2.735418e+00  -2.819221e+00  -2.940426e+00  -3.115395e+00  -3.367355e+00  -3.728954e+00  -4.245484e+00  -4.978617e+00  -6.010109e+00  -7.443458e+00  -9.399340e+00  -1.199770e+01  -1.531654e+01  -1.931988e+01  -2.376466e+01  -2.814239e+01  -3.177086e+01  -3.411986e+01  -3.519000e+01
   59  -2.555408e+00  -2.558477e+00  -2.559866e+00  -2.561882e+00  -2.564814e+00  -2.569061e+00  -2.575235e+00  -2.584206e+00  -2.597212e+00  -2.616095e+00  -2.643503e+00  -2.683243e+00  -2.740838e+00  -2.824247e+00  -2.944867e+00  -3.119002e+00  -3.369751e+00  -3.729603e+00  -4.243565e+00  -4.972961e+00  -5.998958e+00  -7.424106e+00  -9.367656e+00  -1.194742e+01  -1.523829e+01  -1.920057e+01  -2.358808e+01  -2.789277e+01  -3.144100e+01  -3.371995e+01  -3.474657e+01
   60  -2.561595e+00  -2.564650e+00  -2.566029e+00  -2.568039e+00  -2.570953e+00  -2.575179e+00  -2.581327e+00  -2.590252e+00  -2.603197e+00  -2.622001e+00  -2.649261e+00  -2.688810e+00  -2.746134e+00  -2.829131e+00  -2.949164e+00  -3.122440e+00  -3.371958e+00  -3.730003e+00  -4.241337e+00  -4.966896e+00  -5.987216e+00  -7.403891e+00  -9.334675e+00  -1.189506e+01  -1.515674e+01  -1.907605e+01  -2.340347e+01  -2.763158e+01  -3.109590e+01  -3.330203e+01  -3.428383e+01
   61  -2.567678e+00  -2.570718e+00  -2.572092e+00  -2.574090e+00  -2.576990e+00  -2.581195e+00  -2.587312e+00  -2.596190e+00  -2.609076e+00  -2.627776e+00  -2.654917e+00  -2.694258e+00  -2.751299e+00  -2.833886e+00  -2.953322e+00  -3.125730e+00  -3.373975e+00  -3.730185e+00  -4.238839e+00  -4.960457e+00  -5.974952e+00  -7.382883e+00  -9.300447e+00  -1.184073e+01  -1.507205e+01  -1.894658e+01  -2.321133e+01  -2.735964e+01  -3.073689e+01  -3.286793e+01  -3.380407e+01
   62  -2.573664e+00  -2.576689e+00  -2.578053e+00  -2.580046e+00  -2.582930e+00  -2.587119e+00  -2.593200e+00  -2.602026e+00  -2.614850e+00  -2.633455e+00  -2.660449e+00  -2.699613e+00  -2.756356e+00  -2.838523e+00  -2.957345e+00  -3.128867e+00  -3.375824e+00  -3.730155e+00  -4.236070e+00  -4.953658e+00  -5.962159e+00  -7.361110e+00  -9.265030e+00  -1.178455e+01  -1.498438e+01  -1.881246e+01  -2.301219e+01  -2.707788e+01  -3.036529e+01  -3.241948e+01  -3.330948e+01
   63  -2.579562e+00  -2.582571e+00  -2.583932e+00  -2.585909e+00  -2.588776e+00  -2.592941e+00  -2.598999e+00  -2.607782e+00  -2.620534e+00  -2.639048e+00  -2.665909e+00  -2.704859e+00  -2.761306e+00  -2.843050e+00  -2.961261e+00  -3.131874e+00  -3.377517e+00  -3.729940e+00  -4.233059e+00  -4.946524e+00  -5.948890e+00  -7.338611e+00  -9.228511e+00  -1.172660e+01  -1.489395e+01  -1.867400e+01  -2.280653e+01  -2.678704e+01  -2.998233e+01  -3.195846e+01  -3.280208e+01
   64  -2.585379e+00  -2.588372e+00  -2.589725e+00  -2.591692e+00  -2.594541e+00  -2.598697e+00  -2.604712e+00  -2.613444e+00  -2.626140e+00  -2.644563e+00  -2.671272e+00  -2.710020e+00  -2.766159e+00  -2.847476e+00  -2.965055e+00  -3.134758e+00  -3.379060e+00  -3.729539e+00  -4.229802e+00  -4.939061e+00  -5.935147e+00  -7.315412e+00  -9.190917e+00  -1.166698e+01  -1.480087e+01  -1.853144e+01  -2.259489e+01  -2.648800e+01  -2.958934e+01  -3.148654e+01  -3.228397e+01
   65  -2.591120e+00  -2.594097e+00  -2.595447e+00  -2.597400e+00  -2.600237e+00  -2.604368e+00  -2.610342e+00  -2.619041e+00  -2.631669e+00  -2.649973e+00  -2.676555e+00  -2.715090e+00  -2.770946e+00  -2.851799e+00  -2.968734e+00  -3.137513e+00  -3.380468e+00  -3.728964e+00  -4.226326e+00  -4.931290e+00  -5.920976e+00  -7.291566e+00  -9.152306e+00  -1.160577e+01  -1.470530e+01  -1.838510e+01  -2.237765e+01  -2.618151e+01  -2.918747e+01  -3.100529e+01  -3.175707e+01
   66  -2.596793e+00  -2.599754e+00  -2.601095e+00  -2.603038e+00  -2.605853e+00  -2.609957e+00  -2.615918e+00  -2.624566e+00  -2.637122e+00  -2.655334e+00  -2.681749e+00  -2.720075e+00  -2.775623e+00  -2.856052e+00  -2.972326e+00  -3.140174e+00  -3.381752e+00  -3.728226e+00  -4.222623e+00  -4.923226e+00  -5.906375e+00  -7.267085e+00  -9.112747e+00  -1.154308e+01  -1.460745e+01  -1.823522e+01  -2.215532e+01  -2.586833e+01  -2.877788e+01  -3.051641e+01  -3.122320e+01
   67  -2.602401e+00  -2.605346e+00  -2.606684e+00  -2.608608e+00  -2.611420e+00  -2.615488e+00  -2.621421e+00  -2.630029e+00  -2.642486e+00  -2.660616e+00  -2.686888e+00  -2.725010e+00  -2.780231e+00  -2.860210e+00  -2.975844e+00  -3.142718e+00  -3.382905e+00  -3.727339e+00  -4.218741e+00  -4.914893e+00  -5.891399e+00  -7.242023e+00  -9.072284e+00  -1.147896e+01  -1.450736e+01  -1.808203e+01  -2.192837e+01  -2.554922e+01  -2.836172e+01  -3.002130e+01  -3.068408e+01
   68  -2.607950e+00  -2.610878e+00  -2.612203e+00  -2.614122e+00  -2.616919e+00  -2.620975e+00  -2.626855e+00  -2.635416e+00  -2.647822e+00  -2.665836e+00  -2.691962e+00  -2.729861e+00  -2.784780e+00  -2.864293e+00  -2.979251e+00  -3.145160e+00  -3.383948e+00  -3.726307e+00  -4.214668e+00  -4.906292e+00  -5.876013e+00  -7.216394e+00  -9.030941e+00  -1.141353e+01  -1.440527e+01  -1.792583e+01  -2.169719e+01  -2.522489e+01  -2.794002e+01  -2.952139e+01  -3.014129e+01
   69  -2.613445e+00  -2.616356e+00  -2.617675e+00  -2.619586e+00  -2.622368e+00  -2.626392e+00  -2.632247e+00  -2.640749e+00  -2.653085e+00  -2.671002e+00  -2.696979e+00  -2.734648e+00  -2.789254e+00  -2.868304e+00  -2.982593e+00  -3.147520e+00  -3.384872e+00  -3.725132e+00  -4.210405e+00  -4.897440e+00  -5.860290e+00  -7.190236e+00  -8.988817e+00  -1.134685e+01  -1.430125e+01  -1.776684e+01  -2.146225e+01  -2.489606e+01  -2.751389e+01  -2.901803e+01  -2.959644e+01
   70  -2.618888e+00  -2.621781e+00  -2.623091e+00  -2.624997e+00  -2.627762e+00  -2.631761e+00  -2.637580e+00  -2.646027e+00  -2.658291e+00  -2.676104e+00  -2.701932e+00  -2.739381e+00  -2.793662e+00  -2.872249e+00  -2.985867e+00  -3.149801e+00  -3.385694e+00  -3.723833e+00  -4.205969e+00  -4.888353e+00  -5.844222e+00  -7.163581e+00  -8.945901e+00  -1.127899e+01  -1.419549e+01  -1.760531e+01  -2.122398e+01  -2.456337e+01  -2.708430e+01  -2.851253e+01  -2.905085e+01
   71  -2.624283e+00  -2.627164e+00  -2.628453e+00  -2.630351e+00  -2.633090e+00  -2.637081e+00  -2.642861e+00  -2.651260e+00  -2.663466e+00  -2.681159e+00  -2.706836e+00  -2.744082e+00  -2.798031e+00  -2.876135e+00  -2.989066e+00  -3.151996e+00  -3.386416e+00  -3.722407e+00  -4.201379e+00  -4.879050e+00  -5.827851e+00  -7.136452e+00  -8.902278e+00  -1.121004e+01  -1.408811e+01  -1.744149e+01  -2.098269e+01  -2.422748e+01  -2.665210e+01  -2.800600e+01  -2.850588e+01
   72  -2.629633e+00  -2.632493e+00  -2.633786e+00  -2.635668e+00  -2.638388e+00  -2.642344e+00  -2.648107e+00  -2.656451e+00  -2.668581e+00  -2.686158e+00  -2.711683e+00  -2.748695e+00  -2.802314e+00  -2.879963e+00  -2.992190e+00  -3.154104e+00  -3.387052e+00  -3.720878e+00  -4.196640e+00  -4.869545e+00  -5.811163e+00  -7.108849e+00  -8.857993e+00  -1.114008e+01  -1.397919e+01  -1.727557e+01  -2.073885e+01  -2.388898e+01  -2.621828e+01  -2.749957e+01  -2.796269e+01
   73  -2.634941e+00  -2.637783e+00  -2.639070e+00  -2.640935e+00  -2.643647e+00  -2.647584e+00  -2.653298e+00  -2.661601e+00  -2.673656e+00  -2.691138e+00  -2.716491e+00  -2.753283e+00  -2.806563e+00  -2.883724e+00  -2.995253e+00  -3.156148e+00  -3.387607e+00  -3.719232e+00  -4.191751e+00  -4.859825e+00  -5.794183e+00  -7.080845e+00  -8.813040e+00  -1.106916e+01  -1.386892e+01  -1.710777e+01  -2.049280e+01  -2.354855e+01  -2.578365e+01  -2.699428e+01  -2.742238e+01
   74  -2.640209e+00  -2.643034e+00  -2.644312e+00  -2.646167e+00  -2.648862e+00  -2.652774e+00  -2.658446e+00  -2.666702e+00  -2.678683e+00  -2.696050e+00  -2.721268e+00  -2.757811e+00  -2.810778e+00  -2.887435e+00  -2.998253e+00  -3.158121e+00  -3.388080e+00  -3.717484e+00  -4.186719e+00  -4.849909e+00  -5.776929e+00  -7.052425e+00  -8.767522e+00  -1.099739e+01  -1.375739e+01  -1.693834e+01  -2.024490e+01  -2.320665e+01  -2.534897e+01  -2.649108e+01  -2.688589e+01
   75  -2.645440e+00  -2.648247e+00  -2.649516e+00  -2.651357e+00  -2.654039e+00  -2.657928e+00  -2.663575e+00  -2.671771e+00  -2.683666e+00  -2.700936e+00  -2.725979e+00  -2.762294e+00  -2.814933e+00  -2.891094e+00  -3.001209e+00  -3.160040e+00  -3.388448e+00  -3.715625e+00  -4.181557e+00  -4.839829e+00  -5.759426e+00  -7.023641e+00  -8.721448e+00  -1.092477e+01  -1.364472e+01  -1.676746e+01  -1.999551e+01  -2.286391e+01  -2.491503e+01  -2.599084e+01  -2.635421e+01
   76  -2.650635e+00  -2.653424e+00  -2.654685e+00  -2.656518e+00  -2.659178e+00  -2.663035e+00  -2.668648e+00  -2.676795e+00  -2.688615e+00  -2.705770e+00  -2.730654e+00  -2.766745e+00  -2.819040e+00  -2.894732e+00  -3.004113e+00  -3.161874e+00  -3.388770e+00  -3.713683e+00  -4.176284e+00  -4.829562e+00  -5.741682e+00  -6.994507e+00  -8.674851e+00  -1.085143e+01  -1.353105e+01  -1.659532e+01  -1.974493e+01  -2.252075e+01  -2.448250e+01  -2.549435e+01  -2.582813e+01
   77  -2.655795e+00  -2.658567e+00  -2.659824e+00  -2.661641e+00  -2.664291e+00  -2.668122e+00  -2.673696e+00  -2.681780e+00  -2.693523e+00  -2.710580e+00  -2.735306e+00  -2.771161e+00  -2.823102e+00  -2.898290e+00  -3.006958e+00  -3.163692e+00  -3.389011e+00  -3.711647e+00  -4.170867e+00  -4.819143e+00  -5.723709e+00  -6.965022e+00  -8.627760e+00  -1.077740e+01  -1.341645e+01  -1.642214e+01  -1.949354e+01  -2.217773e+01  -2.405202e+01  -2.500231e+01  -2.530829e+01
   78  -2.660924e+00  -2.663677e+00  -2.664922e+00  -2.666734e+00  -2.669356e+00  -2.673165e+00  -2.678703e+00  -2.686748e+00  -2.698412e+00  -2.715344e+00  -2.739913e+00  -2.775521e+00  -2.827126e+00  -2.901817e+00  -3.009763e+00  -3.165413e+00  -3.389186e+00  -3.709537e+00  -4.165358e+00  -4.808577e+00  -5.705517e+00  -6.935262e+00  -8.580251e+00  -1.070276e+01  -1.330105e+01  -1.624810e+01  -1.924156e+01  -2.183525e+01  -2.362419e+01  -2.451548e+01  -2.479534e+01
   79  -2.666021e+00  -2.668756e+00  -2.669993e+00  -2.671789e+00  -2.674398e+00  -2.678180e+00  -2.683693e+00  -2.691664e+00  -2.703263e+00  -2.720069e+00  -2.744482e+00  -2.779863e+00  -2.831122e+00  -2.905310e+00  -3.012508e+00  -3.167091e+00  -3.389291e+00  -3.707337e+00  -4.159741e+00  -4.797851e+00  -5.687122e+00  -6.905210e+00  -8.532326e+00  -1.062757e+01  -1.318496e+01  -1.607336e+01  -1.898937e+01  -2.149382e+01  -2.319955e+01  -2.403433e+01  -2.428986e+01
   80  -2.671088e+00  -2.673804e+00  -2.675033e+00  -2.676818e+00  -2.679409e+00  -2.683174e+00  -2.688632e+00  -2.696572e+00  -2.708072e+00  -2.724794e+00  -2.749015e+00  -2.784172e+00  -2.835069e+00  -2.908756e+00  -3.015210e+00  -3.168713e+00  -3.389338e+00  -3.705046e+00  -4.154019e+00  -4.787008e+00  -5.668545e+00  -6.874876e+00  -8.484034e+00  -1.055187e+01  -1.306827e+01  -1.589810e+01  -1.873719e+01  -2.115377e+01  -2.277863e+01  -2.355944e+01  -2.379232e+01
   81  -2.676126e+00  -2.678821e+00  -2.680044e+00  -2.681819e+00  -2.684390e+00  -2.688129e+00  -2.693553e+00  -2.701434e+00  -2.712864e+00  -2.729467e+00  -2.753530e+00  -2.788436e+00  -2.838993e+00  -2.912158e+00  -3.017878e+00  -3.170305e+00  -3.389340e+00  -3.702696e+00  -4.148217e+00  -4.776041e+00  -5.649790e+00  -6.844314e+00  -8.435399e+00  -1.047572e+01  -1.295110e+01  -1.572251e+01  -1.848530e+01  -2.081548e+01  -2.236185e+01  -2.309124e+01  -2.330307e+01
   82  -2.681135e+00  -2.683815e+00  -2.685027e+00  -2.686787e+00  -2.689345e+00  -2.693058e+00  -2.698449e+00  -2.706274e+00  -2.717624e+00  -2.734109e+00  -2.758010e+00  -2.792664e+00  -2.842869e+00  -2.915525e+00  -3.020510e+00  -3.171828e+00  -3.389257e+00  -3.700279e+00  -4.142310e+00  -4.764935e+00  -5.630863e+00  -6.813500e+00  -8.386457e+00  -1.039920e+01  -1.283352e+01  -1.554671e+01  -1.823396e+01  -2.047934e+01  -2.194969e+01  -2.263018e+01  -2.282253e+01
   83  -2.686117e+00  -2.688779e+00  -2.689980e+00  -2.691730e+00  -2.694265e+00  -2.697956e+00  -2.703307e+00  -2.711078e+00  -2.722352e+00  -2.738724e+00  -2.762466e+00  -2.796863e+00  -2.846732e+00  -2.918868e+00  -3.023090e+00  -3.173314e+00  -3.389147e+00  -3.697782e+00  -4.136326e+00  -4.753720e+00  -5.611796e+00  -6.782495e+00  -8.337249e+00  -1.032234e+01  -1.271564e+01  -1.537088e+01  -1.798338e+01  -2.014566e+01  -2.154249e+01  -2.217657e+01  -2.235096e+01
   84  -2.691073e+00  -2.693723e+00  -2.694911e+00  -2.696641e+00  -2.699165e+00  -2.702831e+00  -2.708140e+00  -2.715857e+00  -2.727058e+00  -2.743302e+00  -2.766875e+00  -2.801051e+00  -2.850548e+00  -2.922169e+00  -3.025632e+00  -3.174766e+00  -3.388980e+00  -3.695250e+00  -4.130254e+00  -4.742390e+00  -5.592586e+00  -6.751308e+00  -8.287790e+00  -1.024521e+01  -1.259753e+01  -1.519517e+01  -1.773382e+01  -1.981474e+01  -2.114058e+01  -2.173075e+01  -2.188854e+01
   85  -2.696002e+00  -2.698626e+00  -2.699812e+00  -2.701539e+00  -2.704038e+00  -2.707665e+00  -2.712937e+00  -2.720605e+00  -2.731731e+00  -2.747860e+00  -2.771265e+00  -2.805193e+00  -2.854329e+00  -2.925442e+00  -3.028147e+00  -3.176172e+00  -3.388761e+00  -3.692646e+00  -4.124109e+00  -4.731003e+00  -5.573249e+00  -6.719935e+00  -8.238111e+00  -1.016785e+01  -1.247930e+01  -1.501971e+01  -1.748550e+01  -1.948690e+01  -2.074428e+01  -2.129292e+01  -2.143549e+01
   86  -2.700905e+00  -2.703510e+00  -2.704688e+00  -2.706399e+00  -2.708884e+00  -2.712490e+00  -2.717722e+00  -2.725330e+00  -2.736375e+00  -2.752389e+00  -2.775616e+00  -2.809305e+00  -2.858082e+00  -2.928677e+00  -3.030623e+00  -3.177542e+00  -3.388492e+00  -3.689977e+00  -4.117912e+00  -4.719487e+00  -5.553789e+00  -6.688416e+00  -8.188260e+00  -1.009030e+01  -1.236101e+01  -1.484462e+01  -1.723857e+01  -1.916234e+01  -2.035385e+01  -2.086332e+01  -2.099195e+01
   87  -2.705783e+00  -2.708369e+00  -2.709539e+00  -2.711239e+00  -2.713702e+00  -2.717285e+00  -2.722485e+00  -2.730034e+00  -2.740996e+00  -2.756889e+00  -2.779956e+00  -2.813375e+00  -2.861809e+00  -2.931883e+00  -3.033061e+00  -3.178851e+00  -3.388184e+00  -3.687263e+00  -4.111623e+00  -4.707906e+00  -5.534226e+00  -6.656775e+00  -8.138234e+00  -1.001263e+01  -1.224273e+01  -1.467004e+01  -1.699323e+01  -1.884133e+01  -1.996953e+01  -2.044211e+01  -2.055799e+01
   88  -2.710636e+00  -2.713203e+00  -2.714364e+00  -2.716050e+00  -2.718496e+00  -2.722054e+00  -2.727218e+00  -2.734711e+00  -2.745597e+00  -2.761365e+00  -2.784253e+00  -2.817456e+00  -2.865515e+00  -2.935050e+00  -3.035477e+00  -3.180146e+00  -3.387823e+00  -3.684495e+00  -4.105283e+00  -4.696237e+00  -5.514558e+00  -6.624997e+00  -8.088098e+00  -9.934872e+00  -1.212458e+01  -1.449609e+01  -1.674970e+01  -1.852407e+01  -1.959151e+01  -2.002942e+01  -2.013362e+01
   89  -2.715464e+00  -2.718012e+00  -2.719164e+00  -2.720841e+00  -2.723266e+00  -2.726790e+00  -2.731915e+00  -2.739354e+00  -2.750155e+00  -2.765812e+00  -2.788541e+00  -2.821482e+00  -2.869183e+00  -2.938193e+00  -3.037853e+00  -3.181388e+00  -3.387441e+00  -3.681682e+00  -4.098888e+00  -4.684499e+00  -5.494797e+00  -6.593117e+00  -8.037871e+00  -9.857067e+00  -1.200662e+01  -1.432290e+01  -1.650809e+01  -1.821077e+01  -1.921993e+01  -1.962530e+01  -1.971893e+01
   90  -2.720267e+00  -2.722796e+00  -2.723939e+00  -2.725597e+00  -2.728013e+00  -2.731515e+00  -2.736597e+00  -2.743977e+00  -2.754696e+00  -2.770236e+00  -2.792797e+00  -2.825481e+00  -2.872822e+00  -2.941306e+00  -3.040196e+00  -3.182622e+00  -3.387008e+00  -3.678821e+00  -4.092433e+00  -4.672696e+00  -5.474961e+00  -6.561141e+00  -7.987538e+00  -9.779264e+00  -1.188887e+01  -1.415053e+01  -1.626858e+01  -1.790160e+01  -1.885501e+01  -1.922987e+01  -1.931381e+01
   91  -2.725046e+00  -2.727555e+00  -2.728691e+00  -2.730337e+00  -2.732732e+00  -2.736208e+00  -2.741258e+00  -2.748579e+00  -2.759224e+00  -2.774649e+00  -2.797020e+00  -2.829452e+00  -2.876435e+00  -2.944386e+00  -3.042508e+00  -3.183798e+00  -3.386536e+00  -3.675918e+00  -4.085936e+00  -4.660826e+00  -5.455061e+00  -6.529096e+00  -7.937160e+00  -9.701512e+00  -1.177145e+01  -1.397914e+01  -1.603128e+01  -1.759669e+01  -1.849680e+01  -1.884314e+01  -1.891834e+01
   92  -2.729800e+00  -2.732291e+00  -2.733417e+00  -2.735051e+00  -2.737434e+00  -2.740879e+00  -2.745891e+00  -2.753158e+00  -2.763707e+00  -2.779024e+00  -2.801223e+00  -2.833411e+00  -2.880026e+00  -2.947444e+00  -3.044788e+00  -3.184946e+00  -3.386032e+00  -3.672965e+00  -4.079374e+00  -4.648912e+00  -5.435090e+00  -6.496985e+00  -7.886755e+00  -9.623839e+00  -1.165439e+01  -1.380883e+01  -1.579636e+01  -1.729620e+01  -1.814542e+01  -1.846510e+01  -1.853238e+01
   93  -2.734530e+00  -2.737001e+00  -2.738119e+00  -2.739738e+00  -2.742100e+00  -2.745522e+00  -2.750493e+00  -2.757711e+00  -2.768182e+00  -2.783367e+00  -2.805409e+00  -2.837343e+00  -2.883579e+00  -2.950485e+00  -3.047049e+00  -3.186072e+00  -3.385490e+00  -3.669990e+00  -4.072779e+00  -4.636942e+00  -5.415069e+00  -6.464851e+00  -7.836353e+00  -9.546264e+00  -1.153779e+01  -1.363962e+01  -1.556393e+01  -1.700024e+01  -1.780093e+01  -1.809575e+01  -1.815586e+01
   94  -2.739236e+00  -2.741684e+00  -2.742797e+00  -2.744413e+00  -2.746749e+00  -2.750143e+00  -2.755070e+00  -2.762225e+00  -2.772618e+00  -2.787691e+00  -2.809557e+00  -2.841245e+00  -2.887122e+00  -2.953481e+00  -3.049271e+00  -3.187158e+00  -3.384918e+00  -3.666962e+00  -4.066142e+00  -4.624929e+00  -5.395010e+00  -6.432656e+00  -7.785955e+00  -9.468853e+00  -1.142168e+01  -1.347164e+01  -1.533406e+01  -1.670891e+01  -1.746340e+01  -1.773499e+01  -1.778862e+01
   95  -2.743917e+00  -2.746357e+00  -2.747445e+00  -2.749049e+00  -2.751369e+00  -2.754747e+00  -2.759627e+00  -2.766731e+00  -2.777039e+00  -2.791992e+00  -2.813673e+00  -2.845115e+00  -2.890635e+00  -2.956447e+00  -3.051475e+00  -3.188214e+00  -3.384318e+00  -3.663907e+00  -4.059472e+00  -4.612879e+00  -5.374896e+00  -6.400470e+00  -7.735595e+00  -9.391662e+00  -1.130612e+01  -1.330498e+01  -1.510687e+01  -1.642231e+01  -1.713274e+01  -1.738286e+01  -1.743065e+01
   96  -2.748575e+00  -2.750988e+00  -2.752080e+00  -2.753662e+00  -2.755967e+00  -2.759310e+00  -2.764165e+00  -2.771208e+00  -2.781426e+00  -2.796257e+00  -2.817776e+00  -2.848956e+00  -2.894122e+00  -2.959408e+00  -3.053624e+00  -3.189251e+00  -3.383674e+00  -3.660834e+00  -4.052764e+00  -4.600790e+00  -5.354767e+00  -6.368264e+00  -7.685310e+00  -9.314664e+00  -1.119115e+01  -1.313970e+01  -1.488248e+01  -1.614047e+01  -1.680909e+01  -1.703922e+01  -1.708175e+01
   97  -2.753208e+00  -2.755602e+00  -2.756684e+00  -2.758257e+00  -2.760541e+00  -2.763856e+00  -2.768680e+00  -2.775660e+00  -2.785799e+00  -2.800510e+00  -2.821851e+00  -2.852794e+00  -2.897571e+00  -2.962340e+00  -3.055778e+00  -3.190262e+00  -3.383011e+00  -3.657716e+00  -4.046024e+00  -4.588686e+00  -5.334598e+00  -6.336071e+00  -7.635102e+00  -9.237923e+00  -1.107685e+01  -1.297586e+01  -1.466095e+01  -1.586352e+01  -1.649244e+01  -1.670393e+01  -1.674179e+01
   98  -2.757816e+00  -2.760191e+00  -2.761265e+00  -2.762825e+00  -2.765090e+00  -2.768372e+00  -2.773158e+00  -2.780087e+00  -2.790153e+00  -2.804742e+00  -2.825899e+00  -2.856587e+00  -2.900995e+00  -2.965218e+00  -3.057899e+00  -3.191233e+00  -3.382321e+00  -3.654551e+00  -4.039272e+00  -4.576529e+00  -5.314450e+00  -6.303876e+00  -7.584984e+00  -9.161480e+00  -1.096324e+01  -1.281357e+01  -1.444234e+01  -1.559147e+01  -1.618271e+01  -1.637698e+01  -1.641058e+01
   99  -2.762400e+00  -2.764756e+00  -2.765821e+00  -2.767369e+00  -2.769627e+00  -2.772878e+00  -2.777616e+00  -2.784487e+00  -2.794458e+00  -2.808949e+00  -2.829932e+00  -2.860362e+00  -2.904406e+00  -2.968087e+00  -3.059968e+00  -3.192179e+00  -3.381594e+00  -3.651375e+00  -4.032475e+00  -4.564353e+00  -5.294291e+00  -6.271724e+00  -7.534972e+00  -9.085340e+00  -1.085038e+01  -1.265282e+01  -1.422667e+01  -1.532429e+01  -1.587987e+01  -1.605821e+01  -1.608801e+01
  100  -2.766960e+00  -2.769296e+00  -2.770353e+00  -2.771887e+00  -2.774116e+00  -2.777351e+00  -2.782050e+00  -2.788862e+00  -2.798764e+00  -2.813114e+00  -2.833941e+00  -2.864126e+00  -2.907785e+00  -2.970938e+00  -3.062048e+00  -3.193103e+00  -3.380858e+00  -3.648189e+00  -4.025659e+00  -4.552205e+00  -5.274120e+00  -6.239618e+00  -7.485145e+00  -9.009575e+00  -1.073831e+01  -1.249371e+01  -1.401408e+01  -1.506215e+01  -1.558392e+01  -1.574746e+01  -1.577398e+01
