# k loading Love number for a Heaviside load
# Computed by ISSM on 19-Mar-2026 11:27:51
#
#   n         k_n(t)
    1  -1.000000e+00  -1.000000e+00  -1.000000e+00  -1.000000e+00  -1.000000e+00  -1.000000e+00  -1.000000e+00  -1.000000e+00  -1.000000e+00  -1.000000e+00  -1.000000e+00  -1.000000e+00  -1.000000e+00  -1.000000e+00  -1.000000e+00  -1.000000e+00  -1.000000e+00  -1.000000e+00  -1.000000e+00  -1.000000e+00  -1.000000e+00  -1.000000e+00  -1.000000e+00  -1.000000e+00  -1.000000e+00  -1.000000e+00  -1.000000e+00  -1.000000e+00  -1.000000e+00  -1.000000e+00  -1.000000e+00
    2  -3.121890e-01  -3.127399e-01  -3.129884e-01  -3.133500e-01  -3.138737e-01  -3.146333e-01  -3.157343e-01  -3.173288e-01  -3.196336e-01  -3.229593e-01  -3.277429e-01  -3.345945e-01  -3.443485e-01  -3.581083e-01  -3.772761e-01  -4.034915e-01  -4.384319e-01  -4.833558e-01  -5.383289e-01  -6.013059e-01  -6.676595e-01  -7.311384e-01  -7.867587e-01  -8.337831e-01  -8.748649e-01  -9.110563e-01  -9.394203e-01  -9.569000e-01  -9.647098e-01  -9.674906e-01  -9.690820e-01
    3  -2.030339e-01  -2.034945e-01  -2.037029e-01  -2.040055e-01  -2.044444e-01  -2.050813e-01  -2.060045e-01  -2.073431e-01  -2.092813e-01  -2.120836e-01  -2.161279e-01  -2.219479e-01  -2.302891e-01  -2.421725e-01  -2.589620e-01  -2.824001e-01  -3.145698e-01  -3.576915e-01  -4.136306e-01  -4.830073e-01  -5.639621e-01  -6.510608e-01  -7.355507e-01  -8.083512e-01  -8.648294e-01  -9.062025e-01  -9.350177e-01  -9.521773e-01  -9.599350e-01  -9.629981e-01  -9.652091e-01
    4  -1.370012e-01  -1.373682e-01  -1.375343e-01  -1.377750e-01  -1.381250e-01  -1.386328e-01  -1.393695e-01  -1.404376e-01  -1.419866e-01  -1.442290e-01  -1.474719e-01  -1.521533e-01  -1.588926e-01  -1.685558e-01  -1.823346e-01  -2.018234e-01  -2.290768e-01  -2.665812e-01  -3.170388e-01  -3.828085e-01  -4.648106e-01  -5.608572e-01  -6.639460e-01  -7.621721e-01  -8.424726e-01  -8.975495e-01  -9.295937e-01  -9.459043e-01  -9.531405e-01  -9.564116e-01  -9.591574e-01
    5  -1.049523e-01  -1.052565e-01  -1.053938e-01  -1.055937e-01  -1.058838e-01  -1.063049e-01  -1.069155e-01  -1.078016e-01  -1.090869e-01  -1.109503e-01  -1.136467e-01  -1.175465e-01  -1.231716e-01  -1.312649e-01  -1.428580e-01  -1.593661e-01  -1.826704e-01  -2.151656e-01  -2.596955e-01  -3.192246e-01  -3.960467e-01  -4.903047e-01  -5.978701e-01  -7.085811e-01  -8.072064e-01  -8.795063e-01  -9.210236e-01  -9.394690e-01  -9.465532e-01  -9.499458e-01  -9.530179e-01
    6  -8.875116e-02  -8.901591e-02  -8.913537e-02  -8.930907e-02  -8.956143e-02  -8.992766e-02  -9.045925e-02  -9.123042e-02  -9.234929e-02  -9.397126e-02  -9.632098e-02  -9.972089e-02  -1.046318e-01  -1.117085e-01  -1.218711e-01  -1.363910e-01  -1.569884e-01  -1.859062e-01  -2.259151e-01  -2.801145e-01  -3.513624e-01  -4.410423e-01  -5.470600e-01  -6.615505e-01  -7.701841e-01  -8.561054e-01  -9.091427e-01  -9.331944e-01  -9.416128e-01  -9.453105e-01  -9.487025e-01
    7  -7.958037e-02  -7.981845e-02  -7.992591e-02  -8.008215e-02  -8.030928e-02  -8.063865e-02  -8.111705e-02  -8.181076e-02  -8.281797e-02  -8.427792e-02  -8.639401e-02  -8.945668e-02  -9.388374e-02  -1.002699e-01  -1.094524e-01  -1.225977e-01  -1.412969e-01  -1.676548e-01  -2.043250e-01  -2.543957e-01  -3.209490e-01  -4.060437e-01  -5.088970e-01  -6.235034e-01  -7.371151e-01  -8.324931e-01  -8.960335e-01  -9.272856e-01  -9.385638e-01  -9.430342e-01  -9.468766e-01
    8  -7.374544e-02  -7.396389e-02  -7.406311e-02  -7.420673e-02  -7.441547e-02  -7.471816e-02  -7.515783e-02  -7.579553e-02  -7.672167e-02  -7.806397e-02  -8.001014e-02  -8.282749e-02  -8.690236e-02  -9.278256e-02  -1.012460e-01  -1.133782e-01  -1.306659e-01  -1.550983e-01  -1.892167e-01  -2.360497e-01  -2.987717e-01  -3.798393e-01  -4.793594e-01  -5.927566e-01  -7.088367e-01  -8.108511e-01  -8.832893e-01  -9.219932e-01  -9.370592e-01  -9.427521e-01  -9.471385e-01
    9  -6.966083e-02  -6.986470e-02  -6.995704e-02  -7.009086e-02  -7.028498e-02  -7.056731e-02  -7.097728e-02  -7.157203e-02  -7.243509e-02  -7.368685e-02  -7.550133e-02  -7.812879e-02  -8.192997e-02  -8.741855e-02  -9.532331e-02  -1.066632e-01  -1.228456e-01  -1.457586e-01  -1.778423e-01  -2.220573e-01  -2.816095e-01  -3.592138e-01  -4.556167e-01  -5.673704e-01  -6.846661e-01  -7.915584e-01  -8.715066e-01  -9.173516e-01  -9.366221e-01  -9.438173e-01  -9.487382e-01
   10  -6.659043e-02  -6.678228e-02  -6.686891e-02  -6.699522e-02  -6.717800e-02  -6.744395e-02  -6.782916e-02  -6.838913e-02  -6.920124e-02  -7.037923e-02  -7.208767e-02  -7.456187e-02  -7.814188e-02  -8.331203e-02  -9.076236e-02  -1.014587e-01  -1.167383e-01  -1.384047e-01  -1.688105e-01  -2.108438e-01  -2.677176e-01  -3.423221e-01  -4.358934e-01  -5.458936e-01  -6.637324e-01  -7.743607e-01  -8.607131e-01  -9.132179e-01  -9.367933e-01  -9.456331e-01  -9.510033e-01
   11  -6.415577e-02  -6.433757e-02  -6.441979e-02  -6.453919e-02  -6.471256e-02  -6.496449e-02  -6.532980e-02  -6.585994e-02  -6.663002e-02  -6.774688e-02  -6.936572e-02  -7.171182e-02  -7.510591e-02  -8.001002e-02  -8.707910e-02  -9.723423e-02  -1.117536e-01  -1.323685e-01  -1.613500e-01  -2.015218e-01  -2.560828e-01  -3.280537e-01  -4.190571e-01  -5.273095e-01  -6.452925e-01  -7.588603e-01  -8.507304e-01  -9.093694e-01  -9.371968e-01  -9.477308e-01  -9.534508e-01
   12  -6.214132e-02  -6.231449e-02  -6.239281e-02  -6.250654e-02  -6.267147e-02  -6.291169e-02  -6.325949e-02  -6.376490e-02  -6.449791e-02  -6.556204e-02  -6.710497e-02  -6.933998e-02  -7.257508e-02  -7.725001e-02  -8.399118e-02  -9.368060e-02  -1.075437e-01  -1.272484e-01  -1.549948e-01  -1.935403e-01  -2.460687e-01  -3.156926e-01  -4.043478e-01  -5.108922e-01  -6.287508e-01  -7.446601e-01  -8.413157e-01  -9.055858e-01  -9.375414e-01  -9.497842e-01  -9.557699e-01
   13  -6.041364e-02  -6.057915e-02  -6.065414e-02  -6.076280e-02  -6.092088e-02  -6.115000e-02  -6.148309e-02  -6.196640e-02  -6.266818e-02  -6.368530e-02  -6.516103e-02  -6.729886e-02  -7.039394e-02  -7.486786e-02  -8.132076e-02  -9.060006e-02  -1.038852e-01  -1.227868e-01  -1.494385e-01  -1.865399e-01  -2.372483e-01  -3.047477e-01  -3.912312e-01  -4.961067e-01  -6.136432e-01  -7.314178e-01  -8.322393e-01  -9.016687e-01  -9.376028e-01  -9.515652e-01  -9.577681e-01
   14  -5.888528e-02  -5.904411e-02  -5.911578e-02  -5.922023e-02  -5.937165e-02  -5.959146e-02  -5.991105e-02  -6.037497e-02  -6.104735e-02  -6.202360e-02  -6.343930e-02  -6.549024e-02  -6.846022e-02  -7.275400e-02  -7.894924e-02  -8.786120e-02  -1.006282e-01  -1.188081e-01  -1.444747e-01  -1.802699e-01  -2.293229e-01  -2.948688e-01  -3.793179e-01  -4.825538e-01  -5.996045e-01  -7.188454e-01  -8.232978e-01  -8.974580e-01  -9.372270e-01  -9.529316e-01  -9.593340e-01
   15  -5.749692e-02  -5.764966e-02  -5.771868e-02  -5.781910e-02  -5.796453e-02  -5.817619e-02  -5.848326e-02  -5.892876e-02  -5.957551e-02  -6.051408e-02  -6.187503e-02  -6.384795e-02  -6.670406e-02  -7.083410e-02  -7.679487e-02  -8.537271e-02  -9.766782e-02  -1.151898e-01  -1.399557e-01  -1.745528e-01  -2.220772e-01  -2.858032e-01  -3.683221e-01  -4.699341e-01  -5.863509e-01  -7.067127e-01  -8.143275e-01  -8.928327e-01  -9.363017e-01  -9.537865e-01  -9.604087e-01
   16  -5.620771e-02  -5.635484e-02  -5.642133e-02  -5.651799e-02  -5.665837e-02  -5.686187e-02  -5.715740e-02  -5.758669e-02  -5.820970e-02  -5.911353e-02  -6.042459e-02  -6.232474e-02  -6.507656e-02  -6.905622e-02  -7.480087e-02  -8.307083e-02  -9.493076e-02  -1.118445e-01  -1.357768e-01  -1.692596e-01  -2.153564e-01  -2.773645e-01  -3.580298e-01  -4.580198e-01  -5.736678e-01  -6.948420e-01  -8.051989e-01  -8.877020e-01  -9.347529e-01  -9.540720e-01  -9.609635e-01
   17  -5.498935e-02  -5.513116e-02  -5.519539e-02  -5.528858e-02  -5.542376e-02  -5.562037e-02  -5.590506e-02  -5.631919e-02  -5.691988e-02  -5.779176e-02  -5.905615e-02  -6.088890e-02  -6.354326e-02  -6.738286e-02  -7.292654e-02  -8.090970e-02  -9.236363e-02  -1.087103e-01  -1.318615e-01  -1.642986e-01  -2.090464e-01  -2.694172e-01  -3.482857e-01  -4.466441e-01  -5.613942e-01  -6.831019e-01  -7.958226e-01  -8.820049e-01  -9.325320e-01  -9.537490e-01  -9.609798e-01
   18  -5.382238e-02  -5.395926e-02  -5.402118e-02  -5.411108e-02  -5.424178e-02  -5.443122e-02  -5.470646e-02  -5.510628e-02  -5.568628e-02  -5.652770e-02  -5.774836e-02  -5.951792e-02  -6.208122e-02  -6.578927e-02  -7.114429e-02  -7.885791e-02  -8.993024e-02  -1.057413e-01  -1.281560e-01  -1.596021e-01  -2.030646e-01  -2.618616e-01  -3.389751e-01  -4.356853e-01  -5.494160e-01  -6.714000e-01  -7.861381e-01  -8.757044e-01  -9.296110e-01  -9.527962e-01  -9.604511e-01
   19  -5.269356e-02  -5.282580e-02  -5.288554e-02  -5.297230e-02  -5.309856e-02  -5.328175e-02  -5.354764e-02  -5.393391e-02  -5.449406e-02  -5.530721e-02  -5.648677e-02  -5.819673e-02  -6.067329e-02  -6.425684e-02  -6.943349e-02  -7.689270e-02  -8.760303e-02  -1.029071e-01  -1.246211e-01  -1.551216e-01  -1.973521e-01  -2.546268e-01  -3.300169e-01  -4.250578e-01  -5.376529e-01  -6.596772e-01  -7.761113e-01  -8.687842e-01  -9.259731e-01  -9.511960e-01  -9.593679e-01
   20  -5.159413e-02  -5.172206e-02  -5.177966e-02  -5.186370e-02  -5.198582e-02  -5.216269e-02  -5.241993e-02  -5.279310e-02  -5.333468e-02  -5.412078e-02  -5.526106e-02  -5.691419e-02  -5.930914e-02  -6.277475e-02  -6.778155e-02  -7.499818e-02  -8.536409e-02  -1.001846e-01  -1.212294e-01  -1.508234e-01  -1.918666e-01  -2.476624e-01  -3.213538e-01  -4.147032e-01  -5.260544e-01  -6.479005e-01  -7.657300e-01  -8.612431e-01  -9.216118e-01  -9.489387e-01  -9.577250e-01
   21  -5.051848e-02  -5.064211e-02  -5.069803e-02  -5.077916e-02  -5.089723e-02  -5.106839e-02  -5.131714e-02  -5.167803e-02  -5.220190e-02  -5.296241e-02  -5.406511e-02  -5.566417e-02  -5.798109e-02  -6.133429e-02  -6.617877e-02  -7.316370e-02  -8.320111e-02  -9.755881e-02  -1.179616e-01  -1.466834e-01  -1.865787e-01  -2.409328e-01  -3.129474e-01  -4.045831e-01  -5.145915e-01  -6.360558e-01  -7.549989e-01  -8.530920e-01  -9.165319e-01  -9.460159e-01  -9.555136e-01
   22  -4.946327e-02  -4.958287e-02  -4.963697e-02  -4.971567e-02  -4.982965e-02  -4.999518e-02  -5.023576e-02  -5.058522e-02  -5.109201e-02  -5.182791e-02  -5.289483e-02  -5.444235e-02  -5.668449e-02  -5.992974e-02  -6.461990e-02  -7.138277e-02  -8.110487e-02  -9.501861e-02  -1.148037e-01  -1.426850e-01  -1.814675e-01  -2.344152e-01  -3.047719e-01  -3.946751e-01  -5.032500e-01  -6.241458e-01  -7.439362e-01  -8.443524e-01  -9.107397e-01  -9.424192e-01  -9.527225e-01
   23  -4.842670e-02  -4.854247e-02  -4.859483e-02  -4.867098e-02  -4.878138e-02  -4.894184e-02  -4.917459e-02  -4.951239e-02  -5.000305e-02  -5.071520e-02  -5.174819e-02  -5.324617e-02  -5.541650e-02  -5.855883e-02  -6.310030e-02  -6.965032e-02  -7.906997e-02  -9.255642e-02  -1.117473e-01  -1.388163e-01  -1.765196e-01  -2.280925e-01  -2.968113e-01  -3.849669e-01  -4.920271e-01  -6.121822e-01  -7.325663e-01  -8.350519e-01  -9.042487e-01  -9.381456e-01  -9.493403e-01
   24  -4.740803e-02  -4.752011e-02  -4.757081e-02  -4.764460e-02  -4.775113e-02  -4.790655e-02  -4.813217e-02  -4.845918e-02  -4.893455e-02  -4.962366e-02  -5.062425e-02  -5.207463e-02  -5.417646e-02  -5.721930e-02  -6.161857e-02  -6.796452e-02  -7.709285e-02  -9.016847e-02  -1.087863e-01  -1.350697e-01  -1.717252e-01  -2.219554e-01  -2.890566e-01  -3.754536e-01  -4.809284e-01  -6.001851e-01  -7.209235e-01  -8.252244e-01  -8.970763e-01  -9.331895e-01  -9.453539e-01
   25  -4.640721e-02  -4.651576e-02  -4.656471e-02  -4.663625e-02  -4.673984e-02  -4.689036e-02  -4.710836e-02  -4.742520e-02  -4.788543e-02  -4.855293e-02  -4.952223e-02  -5.092684e-02  -5.296273e-02  -5.591067e-02  -6.017264e-02  -6.632271e-02  -7.517131e-02  -8.785109e-02  -1.059162e-01  -1.314402e-01  -1.670790e-01  -2.159969e-01  -2.815028e-01  -3.661353e-01  -4.699638e-01  -5.881777e-01  -7.090429e-01  -8.149058e-01  -8.892450e-01  -9.275545e-01  -9.407498e-01
   26  -4.542464e-02  -4.552980e-02  -4.557748e-02  -4.564660e-02  -4.574663e-02  -4.589219e-02  -4.610396e-02  -4.641084e-02  -4.685673e-02  -4.750350e-02  -4.844218e-02  -4.980359e-02  -5.177603e-02  -5.463229e-02  -5.876328e-02  -6.472464e-02  -7.330365e-02  -8.560281e-02  -1.031343e-01  -1.279240e-01  -1.625756e-01  -2.102130e-01  -2.741471e-01  -3.570147e-01  -4.591445e-01  -5.761854e-01  -6.969625e-01  -8.041376e-01  -8.807792e-01  -9.212384e-01  -9.355163e-01
   27  -4.446093e-02  -4.456283e-02  -4.460893e-02  -4.467585e-02  -4.477306e-02  -4.491408e-02  -4.511906e-02  -4.541666e-02  -4.584858e-02  -4.647569e-02  -4.738530e-02  -4.870430e-02  -5.061617e-02  -5.338520e-02  -5.738905e-02  -6.316908e-02  -7.148936e-02  -8.342133e-02  -1.004386e-01  -1.245183e-01  -1.582120e-01  -2.046009e-01  -2.669895e-01  -3.480959e-01  -4.484845e-01  -5.642347e-01  -6.847210e-01  -7.929601e-01  -8.717053e-01  -9.142478e-01  -9.296441e-01
   28  -4.351681e-02  -4.361557e-02  -4.366025e-02  -4.372512e-02  -4.381920e-02  -4.395616e-02  -4.415490e-02  -4.444324e-02  -4.486184e-02  -4.546958e-02  -4.635145e-02  -4.763019e-02  -4.948418e-02  -5.216821e-02  -5.605115e-02  -6.165636e-02  -6.972785e-02  -8.130621e-02  -9.782766e-02  -1.212212e-01  -1.539865e-01  -1.991580e-01  -2.600286e-01  -3.393829e-01  -4.379961e-01  -5.523506e-01  -6.723558e-01  -7.814131e-01  -8.620528e-01  -9.065909e-01  -9.231230e-01
   29  -4.259299e-02  -4.268875e-02  -4.273207e-02  -4.279500e-02  -4.288610e-02  -4.301894e-02  -4.321159e-02  -4.349137e-02  -4.389743e-02  -4.448637e-02  -4.534151e-02  -4.658157e-02  -4.837935e-02  -5.098281e-02  -5.474888e-02  -6.018656e-02  -6.801868e-02  -7.925666e-02  -9.529949e-02  -1.180305e-01  -1.498959e-01  -1.938832e-01  -2.532647e-01  -3.308796e-01  -4.276910e-01  -5.405563e-01  -6.599018e-01  -7.695396e-01  -8.518539e-01  -8.982765e-01  -9.159473e-01
   30  -4.169015e-02  -4.178303e-02  -4.182501e-02  -4.188606e-02  -4.197474e-02  -4.210332e-02  -4.229009e-02  -4.256142e-02  -4.295515e-02  -4.352684e-02  -4.435607e-02  -4.555903e-02  -4.730298e-02  -4.982857e-02  -5.348271e-02  -5.875905e-02  -6.636072e-02  -7.727160e-02  -9.285375e-02  -1.149448e-01  -1.459390e-01  -1.887740e-01  -2.466972e-01  -3.225893e-01  -4.175797e-01  -5.288726e-01  -6.473928e-01  -7.573773e-01  -8.411404e-01  -8.893203e-01  -9.081151e-01
   31  -4.080886e-02  -4.089899e-02  -4.093975e-02  -4.099902e-02  -4.108485e-02  -4.120963e-02  -4.139111e-02  -4.165428e-02  -4.203621e-02  -4.259081e-02  -4.339540e-02  -4.456293e-02  -4.625513e-02  -4.870632e-02  -5.225263e-02  -5.737459e-02  -6.475427e-02  -7.535034e-02  -9.048832e-02  -1.119617e-01  -1.421127e-01  -1.838279e-01  -2.403248e-01  -3.145130e-01  -4.076705e-01  -5.173190e-01  -6.348600e-01  -7.449660e-01  -8.299474e-01  -8.797396e-01  -8.996258e-01
   32  -3.994960e-02  -4.003709e-02  -4.007653e-02  -4.013409e-02  -4.021753e-02  -4.033877e-02  -4.051469e-02  -4.077014e-02  -4.114086e-02  -4.167902e-02  -4.246041e-02  -4.359320e-02  -4.523603e-02  -4.761535e-02  -5.105830e-02  -5.603177e-02  -6.319876e-02  -7.349168e-02  -8.820222e-02  -1.090797e-01  -1.384147e-01  -1.790421e-01  -2.341452e-01  -3.066529e-01  -3.979701e-01  -5.059116e-01  -6.223314e-01  -7.323425e-01  -8.183085e-01  -8.695550e-01  -8.904849e-01
   33  -3.911270e-02  -3.919763e-02  -3.923604e-02  -3.929192e-02  -3.937283e-02  -3.949043e-02  -3.966110e-02  -3.990925e-02  -4.026942e-02  -4.079220e-02  -4.155076e-02  -4.265064e-02  -4.424554e-02  -4.655641e-02  -4.990002e-02  -5.473061e-02  -6.169289e-02  -7.169454e-02  -8.599326e-02  -1.062958e-01  -1.348420e-01  -1.744137e-01  -2.281559e-01  -2.990077e-01  -3.884832e-01  -4.946642e-01  -6.098322e-01  -7.195409e-01  -8.062583e-01  -8.587884e-01  -8.807006e-01
   34  -3.829837e-02  -3.838085e-02  -3.841819e-02  -3.847236e-02  -3.855102e-02  -3.866533e-02  -3.883111e-02  -3.907196e-02  -3.942184e-02  -3.992939e-02  -4.066608e-02  -4.173476e-02  -4.328448e-02  -4.552886e-02  -4.877703e-02  -5.347064e-02  -6.023638e-02  -6.995774e-02  -8.385981e-02  -1.036085e-01  -1.313916e-01  -1.699391e-01  -2.223540e-01  -2.915762e-01  -3.792135e-01  -4.835887e-01  -5.973852e-01  -7.065938e-01  -7.938323e-01  -8.474664e-01  -8.702857e-01
   35  -3.750670e-02  -3.758684e-02  -3.762309e-02  -3.767561e-02  -3.775219e-02  -3.786318e-02  -3.802432e-02  -3.825822e-02  -3.859826e-02  -3.909140e-02  -3.980728e-02  -4.084555e-02  -4.235114e-02  -4.453224e-02  -4.768939e-02  -5.225092e-02  -5.882775e-02  -6.827927e-02  -8.180006e-02  -1.010137e-01  -1.280603e-01  -1.656142e-01  -2.167353e-01  -2.843557e-01  -3.701618e-01  -4.726936e-01  -5.850104e-01  -6.935330e-01  -7.810652e-01  -8.356168e-01  -8.592550e-01
   36  -3.673767e-02  -3.681557e-02  -3.685079e-02  -3.690199e-02  -3.697633e-02  -3.708424e-02  -3.724094e-02  -3.746813e-02  -3.779872e-02  -3.827820e-02  -3.897392e-02  -3.998333e-02  -4.144655e-02  -4.356701e-02  -4.663599e-02  -5.107099e-02  -5.746649e-02  -6.665865e-02  -7.981184e-02  -9.851017e-02  -1.248441e-01  -1.614351e-01  -2.112953e-01  -2.773434e-01  -3.613290e-01  -4.619859e-01  -5.727254e-01  -6.803856e-01  -7.679915e-01  -8.232706e-01  -8.476305e-01
   37  -3.599115e-02  -3.606689e-02  -3.610114e-02  -3.615092e-02  -3.622325e-02  -3.632774e-02  -3.648040e-02  -3.670149e-02  -3.702259e-02  -3.748914e-02  -3.816523e-02  -3.914680e-02  -4.057006e-02  -4.263197e-02  -4.561645e-02  -4.992988e-02  -5.615052e-02  -6.509334e-02  -7.789256e-02  -9.609411e-02  -1.217400e-01  -1.573975e-01  -2.060297e-01  -2.705353e-01  -3.527137e-01  -4.514718e-01  -5.605450e-01  -6.671792e-01  -7.546441e-01  -8.104590e-01  -8.354352e-01
   38  -3.526693e-02  -3.534060e-02  -3.537392e-02  -3.542230e-02  -3.549258e-02  -3.559468e-02  -3.574285e-02  -3.595797e-02  -3.627042e-02  -3.672373e-02  -3.738166e-02  -3.833659e-02  -3.972042e-02  -4.172650e-02  -4.463008e-02  -4.882664e-02  -5.487915e-02  -6.358226e-02  -7.604058e-02  -9.376279e-02  -1.187438e-01  -1.534962e-01  -2.009334e-01  -2.639268e-01  -3.443139e-01  -4.411536e-01  -5.484826e-01  -6.539377e-01  -7.410564e-01  -7.972155e-01  -8.226956e-01
   39  -3.456472e-02  -3.463640e-02  -3.466882e-02  -3.471590e-02  -3.478421e-02  -3.488354e-02  -3.502779e-02  -3.523732e-02  -3.554093e-02  -3.598219e-02  -3.662230e-02  -3.755124e-02  -3.889850e-02  -4.085024e-02  -4.367608e-02  -4.776029e-02  -5.365150e-02  -6.212345e-02  -7.425356e-02  -9.151305e-02  -1.158514e-01  -1.497271e-01  -1.960006e-01  -2.575128e-01  -3.361267e-01  -4.310352e-01  -5.365496e-01  -6.406836e-01  -7.272606e-01  -7.835748e-01  -8.094433e-01
   40  -3.388416e-02  -3.395393e-02  -3.398548e-02  -3.403141e-02  -3.409785e-02  -3.419442e-02  -3.433490e-02  -3.453890e-02  -3.483453e-02  -3.526380e-02  -3.588723e-02  -3.679131e-02  -3.810244e-02  -4.000261e-02  -4.275331e-02  -4.672955e-02  -5.246537e-02  -6.071525e-02  -7.252926e-02  -8.934259e-02  -1.130595e-01  -1.460854e-01  -1.912266e-01  -2.512884e-01  -3.281489e-01  -4.211166e-01  -5.247551e-01  -6.274381e-01  -7.132870e-01  -7.695715e-01  -7.957104e-01
   41  -3.322483e-02  -3.329276e-02  -3.332348e-02  -3.336823e-02  -3.343280e-02  -3.352703e-02  -3.366382e-02  -3.386206e-02  -3.415051e-02  -3.456826e-02  -3.517532e-02  -3.605549e-02  -3.733237e-02  -3.918238e-02  -4.186151e-02  -4.573377e-02  -5.131990e-02  -5.935543e-02  -7.086458e-02  -8.724783e-02  -1.103636e-01  -1.425663e-01  -1.866056e-01  -2.452471e-01  -3.203768e-01  -4.113983e-01  -5.131072e-01  -6.142204e-01  -6.991664e-01  -7.552430e-01  -7.815336e-01
   42  -3.258626e-02  -3.265243e-02  -3.268235e-02  -3.272582e-02  -3.278878e-02  -3.288058e-02  -3.301367e-02  -3.320676e-02  -3.348746e-02  -3.389472e-02  -3.448611e-02  -3.534356e-02  -3.658695e-02  -3.838963e-02  -4.099862e-02  -4.477080e-02  -5.021364e-02  -5.804283e-02  -6.925816e-02  -8.522600e-02  -1.077609e-01  -1.391647e-01  -1.821319e-01  -2.393842e-01  -3.128044e-01  -4.018798e-01  -5.016126e-01  -6.010472e-01  -6.849278e-01  -7.406249e-01  -7.669489e-01
   43  -3.196797e-02  -3.203244e-02  -3.206160e-02  -3.210386e-02  -3.216543e-02  -3.225474e-02  -3.238399e-02  -3.257266e-02  -3.284595e-02  -3.324285e-02  -3.381892e-02  -3.465452e-02  -3.586655e-02  -3.762186e-02  -4.016522e-02  -4.384075e-02  -4.914483e-02  -5.677570e-02  -6.770673e-02  -8.327308e-02  -1.052468e-01  -1.358759e-01  -1.777997e-01  -2.336929e-01  -3.054280e-01  -3.925589e-01  -4.902776e-01  -5.879357e-01  -6.705995e-01  -7.257544e-01  -7.519976e-01
   44  -3.136942e-02  -3.143234e-02  -3.146067e-02  -3.150194e-02  -3.156179e-02  -3.164880e-02  -3.177553e-02  -3.195873e-02  -3.222496e-02  -3.261198e-02  -3.317337e-02  -3.398797e-02  -3.516895e-02  -3.688061e-02  -3.935888e-02  -4.294229e-02  -4.811251e-02  -5.555127e-02  -6.620947e-02  -8.138786e-02  -1.028179e-01  -1.326959e-01  -1.736049e-01  -2.281689e-01  -2.982424e-01  -3.834343e-01  -4.791056e-01  -5.748996e-01  -6.562072e-01  -7.106677e-01  -7.367188e-01
   45  -3.079007e-02  -3.085148e-02  -3.087903e-02  -3.091927e-02  -3.097771e-02  -3.106262e-02  -3.118578e-02  -3.136442e-02  -3.162501e-02  -3.200157e-02  -3.254877e-02  -3.334299e-02  -3.449449e-02  -3.616367e-02  -3.857964e-02  -4.207349e-02  -4.711488e-02  -5.436906e-02  -6.476314e-02  -7.956716e-02  -1.004707e-01  -1.296202e-01  -1.695407e-01  -2.228048e-01  -2.912426e-01  -3.745038e-01  -4.681006e-01  -5.619534e-01  -6.417781e-01  -6.954009e-01  -7.211555e-01
   46  -3.022935e-02  -3.028917e-02  -3.031611e-02  -3.035535e-02  -3.041228e-02  -3.049526e-02  -3.061527e-02  -3.078977e-02  -3.104300e-02  -3.141074e-02  -3.194448e-02  -3.271909e-02  -3.384180e-02  -3.546965e-02  -3.782636e-02  -4.123399e-02  -4.615143e-02  -5.322680e-02  -6.336569e-02  -7.780761e-02  -9.820152e-02  -1.266438e-01  -1.656030e-01  -2.175959e-01  -2.844227e-01  -3.657639e-01  -4.572663e-01  -5.491097e-01  -6.273350e-01  -6.799900e-01  -7.053489e-01
   47  -2.968670e-02  -2.974501e-02  -2.977134e-02  -2.980951e-02  -2.986521e-02  -2.994586e-02  -3.006322e-02  -3.023335e-02  -3.048061e-02  -3.083963e-02  -3.135973e-02  -3.211515e-02  -3.321101e-02  -3.479902e-02  -3.709807e-02  -4.042225e-02  -4.521965e-02  -5.212285e-02  -6.201557e-02  -7.610661e-02  -9.600709e-02  -1.237633e-01  -1.617858e-01  -2.125364e-01  -2.777785e-01  -3.572125e-01  -4.466036e-01  -5.363784e-01  -6.129025e-01  -6.644699e-01  -6.893421e-01
   48  -2.916155e-02  -2.921841e-02  -2.924413e-02  -2.928149e-02  -2.933576e-02  -2.941459e-02  -2.952897e-02  -2.969486e-02  -2.993570e-02  -3.028602e-02  -3.079442e-02  -3.153140e-02  -3.260046e-02  -3.415033e-02  -3.639378e-02  -3.963771e-02  -4.431933e-02  -5.105634e-02  -6.071035e-02  -7.446249e-02  -9.388448e-02  -1.209745e-01  -1.580852e-01  -2.076205e-01  -2.713042e-01  -3.488454e-01  -4.361152e-01  -5.237715e-01  -5.985041e-01  -6.488756e-01  -6.731769e-01
   49  -2.865331e-02  -2.870893e-02  -2.873392e-02  -2.877038e-02  -2.882331e-02  -2.890012e-02  -2.901193e-02  -2.917417e-02  -2.940932e-02  -2.975072e-02  -3.024683e-02  -3.096695e-02  -3.200989e-02  -3.352269e-02  -3.571272e-02  -3.887919e-02  -4.344886e-02  -5.002445e-02  -5.944829e-02  -7.287226e-02  -9.183090e-02  -1.182729e-01  -1.544961e-01  -2.028433e-01  -2.649941e-01  -3.406603e-01  -4.258030e-01  -5.112984e-01  -5.841583e-01  -6.332385e-01  -6.568967e-01
   50  -2.816141e-02  -2.821561e-02  -2.824012e-02  -2.827572e-02  -2.832741e-02  -2.840247e-02  -2.851155e-02  -2.866972e-02  -2.889960e-02  -2.923324e-02  -2.971745e-02  -3.042013e-02  -3.143868e-02  -3.291546e-02  -3.505338e-02  -3.814513e-02  -4.260675e-02  -4.902698e-02  -5.822757e-02  -7.133344e-02  -8.984204e-02  -1.156559e-01  -1.510139e-01  -1.981999e-01  -2.588448e-01  -3.326532e-01  -4.156670e-01  -4.989672e-01  -5.698880e-01  -6.175927e-01  -6.405399e-01
   51  -2.768531e-02  -2.773804e-02  -2.776220e-02  -2.779700e-02  -2.784746e-02  -2.792083e-02  -2.802718e-02  -2.818178e-02  -2.840644e-02  -2.873227e-02  -2.920504e-02  -2.989096e-02  -3.088589e-02  -3.232811e-02  -3.441608e-02  -3.743516e-02  -4.179223e-02  -4.806192e-02  -5.704639e-02  -6.984413e-02  -8.791685e-02  -1.131190e-01  -1.476342e-01  -1.936853e-01  -2.528499e-01  -3.248206e-01  -4.057073e-01  -4.867870e-01  -5.557098e-01  -6.019681e-01  -6.241493e-01
   52  -2.722443e-02  -2.727613e-02  -2.729951e-02  -2.733356e-02  -2.738298e-02  -2.745440e-02  -2.755856e-02  -2.770933e-02  -2.792877e-02  -2.824699e-02  -2.870843e-02  -2.937880e-02  -3.035055e-02  -3.175940e-02  -3.379862e-02  -3.674807e-02  -4.100363e-02  -4.712794e-02  -5.590295e-02  -6.840227e-02  -8.605134e-02  -1.106592e-01  -1.443538e-01  -1.892943e-01  -2.470051e-01  -3.171595e-01  -3.959252e-01  -4.747649e-01  -5.416430e-01  -5.863948e-01  -6.077610e-01
   53  -2.677824e-02  -2.682875e-02  -2.685159e-02  -2.688477e-02  -2.693292e-02  -2.700295e-02  -2.710436e-02  -2.725206e-02  -2.746619e-02  -2.777711e-02  -2.822847e-02  -2.888322e-02  -2.983293e-02  -3.120911e-02  -3.320164e-02  -3.608292e-02  -4.024087e-02  -4.622363e-02  -5.479588e-02  -6.700558e-02  -8.424291e-02  -1.082738e-01  -1.411676e-01  -1.850233e-01  -2.413069e-01  -3.096665e-01  -3.863210e-01  -4.629073e-01  -5.277041e-01  -5.709013e-01  -5.914144e-01
   54  -2.634620e-02  -2.639556e-02  -2.641797e-02  -2.645031e-02  -2.649736e-02  -2.656576e-02  -2.666511e-02  -2.680897e-02  -2.701848e-02  -2.732220e-02  -2.776329e-02  -2.840340e-02  -2.933109e-02  -3.067648e-02  -3.262331e-02  -3.543884e-02  -3.950213e-02  -4.534801e-02  -5.372364e-02  -6.565217e-02  -8.249033e-02  -1.059589e-01  -1.380727e-01  -1.808668e-01  -2.357494e-01  -3.023376e-01  -3.768937e-01  -4.512210e-01  -5.139089e-01  -5.555122e-01  -5.751434e-01
   55  -2.592779e-02  -2.597604e-02  -2.599786e-02  -2.602959e-02  -2.607569e-02  -2.614238e-02  -2.623933e-02  -2.638043e-02  -2.658500e-02  -2.688196e-02  -2.731329e-02  -2.793863e-02  -2.884557e-02  -3.015996e-02  -3.206328e-02  -3.481560e-02  -3.878630e-02  -4.449975e-02  -5.268521e-02  -6.434059e-02  -8.079074e-02  -1.037122e-01  -1.350653e-01  -1.768218e-01  -2.303294e-01  -2.951707e-01  -3.676431e-01  -4.397107e-01  -5.002721e-01  -5.402558e-01  -5.589817e-01
   56  -2.552251e-02  -2.556968e-02  -2.559102e-02  -2.562203e-02  -2.566700e-02  -2.573216e-02  -2.582741e-02  -2.596510e-02  -2.616502e-02  -2.645546e-02  -2.687697e-02  -2.748813e-02  -2.837529e-02  -2.966042e-02  -3.152104e-02  -3.421131e-02  -3.809312e-02  -4.367799e-02  -5.167820e-02  -6.306872e-02  -7.914153e-02  -1.015303e-01  -1.321418e-01  -1.728836e-01  -2.250421e-01  -2.881615e-01  -3.585688e-01  -4.283817e-01  -4.868070e-01  -5.251530e-01  -5.429609e-01
   57  -2.512987e-02  -2.517599e-02  -2.519686e-02  -2.522727e-02  -2.527116e-02  -2.533511e-02  -2.542795e-02  -2.556261e-02  -2.575836e-02  -2.604209e-02  -2.645421e-02  -2.705220e-02  -2.791894e-02  -2.917571e-02  -3.099559e-02  -3.362586e-02  -3.742087e-02  -4.288116e-02  -5.070204e-02  -6.183512e-02  -7.754109e-02  -9.941155e-02  -1.292993e-01  -1.690496e-01  -2.198838e-01  -2.813071e-01  -3.496705e-01  -4.172397e-01  -4.735267e-01  -5.102266e-01  -5.271110e-01
   58  -2.474939e-02  -2.479439e-02  -2.481491e-02  -2.484454e-02  -2.488758e-02  -2.495010e-02  -2.504075e-02  -2.517260e-02  -2.536366e-02  -2.564173e-02  -2.604453e-02  -2.662954e-02  -2.747727e-02  -2.870649e-02  -3.048584e-02  -3.305827e-02  -3.676933e-02  -4.210832e-02  -4.975505e-02  -6.063797e-02  -7.598700e-02  -9.735292e-02  -1.265346e-01  -1.653149e-01  -2.148511e-01  -2.746048e-01  -3.409471e-01  -4.062874e-01  -4.604422e-01  -4.954966e-01  -5.114578e-01
   59  -2.438061e-02  -2.442474e-02  -2.444466e-02  -2.447369e-02  -2.451590e-02  -2.457700e-02  -2.466559e-02  -2.479482e-02  -2.498179e-02  -2.525335e-02  -2.564807e-02  -2.621984e-02  -2.704934e-02  -2.825123e-02  -2.999175e-02  -3.250802e-02  -3.613773e-02  -4.135920e-02  -4.883601e-02  -5.947575e-02  -7.447797e-02  -9.535177e-02  -1.238446e-01  -1.616767e-01  -2.099399e-01  -2.680511e-01  -3.323980e-01  -3.955292e-01  -4.475644e-01  -4.809810e-01  -4.960265e-01
   60  -2.402309e-02  -2.406627e-02  -2.408581e-02  -2.411416e-02  -2.415535e-02  -2.421516e-02  -2.430185e-02  -2.442811e-02  -2.461123e-02  -2.487716e-02  -2.526278e-02  -2.582231e-02  -2.663424e-02  -2.781025e-02  -2.951297e-02  -3.197400e-02  -3.552492e-02  -4.063188e-02  -4.794392e-02  -5.834708e-02  -7.301110e-02  -9.340619e-02  -1.212268e-01  -1.581314e-01  -2.051476e-01  -2.616437e-01  -3.240220e-01  -3.849681e-01  -4.349024e-01  -4.666973e-01  -4.808399e-01
   61  -2.367640e-02  -2.371865e-02  -2.373776e-02  -2.376552e-02  -2.380583e-02  -2.386436e-02  -2.394943e-02  -2.407260e-02  -2.425202e-02  -2.451200e-02  -2.488969e-02  -2.543735e-02  -2.623140e-02  -2.738226e-02  -2.904834e-02  -3.145654e-02  -3.493025e-02  -3.992613e-02  -4.707793e-02  -5.725090e-02  -7.158619e-02  -9.151389e-02  -1.186785e-01  -1.546764e-01  -2.004694e-01  -2.553788e-01  -3.158178e-01  -3.746059e-01  -4.224648e-01  -4.526600e-01  -4.659175e-01
   62  -2.334013e-02  -2.338148e-02  -2.340018e-02  -2.342735e-02  -2.346680e-02  -2.352415e-02  -2.360731e-02  -2.372789e-02  -2.390332e-02  -2.415802e-02  -2.452726e-02  -2.506349e-02  -2.584051e-02  -2.696697e-02  -2.859710e-02  -3.095392e-02  -3.435293e-02  -3.924075e-02  -4.623698e-02  -5.618582e-02  -7.020056e-02  -8.967304e-02  -1.161970e-01  -1.513083e-01  -1.959033e-01  -2.492546e-01  -3.077849e-01  -3.644465e-01  -4.102595e-01  -4.388832e-01  -4.512782e-01
   63  -2.301387e-02  -2.305435e-02  -2.307266e-02  -2.309920e-02  -2.313787e-02  -2.319381e-02  -2.327536e-02  -2.339346e-02  -2.356517e-02  -2.381439e-02  -2.417581e-02  -2.470068e-02  -2.546132e-02  -2.656393e-02  -2.815972e-02  -3.046588e-02  -3.379241e-02  -3.857501e-02  -4.541990e-02  -5.515084e-02  -6.885322e-02  -8.788146e-02  -1.137806e-01  -1.480249e-01  -1.914463e-01  -2.432678e-01  -2.999215e-01  -3.544901e-01  -3.982926e-01  -4.253788e-01  -4.369364e-01
   64  -2.269725e-02  -2.273688e-02  -2.275481e-02  -2.278084e-02  -2.281852e-02  -2.287354e-02  -2.295305e-02  -2.306882e-02  -2.323675e-02  -2.348112e-02  -2.383529e-02  -2.434894e-02  -2.509314e-02  -2.617259e-02  -2.773446e-02  -2.999194e-02  -3.324778e-02  -3.792834e-02  -4.462549e-02  -5.414433e-02  -6.754244e-02  -8.613778e-02  -1.114263e-01  -1.448231e-01  -1.870950e-01  -2.374161e-01  -2.922267e-01  -3.447392e-01  -3.865702e-01  -4.121567e-01  -4.229059e-01
   65  -2.238990e-02  -2.242871e-02  -2.244626e-02  -2.247174e-02  -2.250876e-02  -2.256252e-02  -2.264049e-02  -2.275395e-02  -2.291844e-02  -2.315760e-02  -2.350387e-02  -2.400665e-02  -2.473587e-02  -2.579245e-02  -2.732165e-02  -2.953199e-02  -3.271891e-02  -3.729996e-02  -4.385322e-02  -5.316518e-02  -6.626698e-02  -8.443948e-02  -1.091322e-01  -1.416999e-01  -1.828465e-01  -2.316964e-01  -2.846988e-01  -3.351952e-01  -3.750976e-01  -3.992253e-01  -4.091984e-01
   66  -2.209146e-02  -2.212946e-02  -2.214669e-02  -2.217171e-02  -2.220786e-02  -2.226050e-02  -2.233694e-02  -2.244793e-02  -2.260915e-02  -2.284322e-02  -2.318230e-02  -2.367498e-02  -2.438909e-02  -2.542355e-02  -2.692074e-02  -2.908478e-02  -3.220489e-02  -3.668844e-02  -4.310189e-02  -5.221244e-02  -6.502514e-02  -8.278559e-02  -1.068960e-01  -1.386536e-01  -1.786992e-01  -2.261073e-01  -2.773360e-01  -3.258575e-01  -3.638778e-01  -3.865931e-01  -3.958233e-01
   67  -2.180160e-02  -2.183882e-02  -2.185565e-02  -2.188010e-02  -2.191560e-02  -2.196689e-02  -2.204212e-02  -2.215081e-02  -2.230833e-02  -2.253761e-02  -2.286997e-02  -2.335231e-02  -2.405159e-02  -2.506476e-02  -2.653111e-02  -2.864986e-02  -3.170466e-02  -3.609444e-02  -4.237130e-02  -5.128561e-02  -6.381637e-02  -8.117473e-02  -1.047163e-01  -1.356814e-01  -1.746486e-01  -2.206452e-01  -2.701373e-01  -3.167270e-01  -3.529148e-01  -3.742654e-01  -3.827876e-01
   68  -2.151998e-02  -2.155644e-02  -2.157293e-02  -2.159688e-02  -2.163156e-02  -2.168216e-02  -2.175549e-02  -2.186204e-02  -2.201650e-02  -2.224113e-02  -2.256644e-02  -2.303887e-02  -2.372397e-02  -2.471625e-02  -2.615242e-02  -2.822749e-02  -3.121860e-02  -3.551608e-02  -4.166060e-02  -5.038326e-02  -6.263907e-02  -7.960456e-02  -1.025907e-01  -1.327816e-01  -1.706937e-01  -2.153083e-01  -2.631005e-01  -3.078042e-01  -3.422100e-01  -3.622466e-01  -3.700965e-01
   69  -2.124630e-02  -2.128202e-02  -2.129817e-02  -2.132169e-02  -2.135591e-02  -2.140524e-02  -2.147705e-02  -2.158133e-02  -2.173252e-02  -2.195268e-02  -2.227166e-02  -2.273415e-02  -2.340550e-02  -2.437730e-02  -2.578356e-02  -2.781628e-02  -3.074563e-02  -3.495342e-02  -4.096851e-02  -4.950435e-02  -6.149177e-02  -7.807426e-02  -1.005181e-01  -1.299518e-01  -1.668321e-01  -2.100937e-01  -2.562245e-01  -2.990894e-01  -3.317664e-01  -3.505396e-01  -3.577551e-01
   70  -2.098026e-02  -2.101526e-02  -2.103108e-02  -2.105406e-02  -2.108744e-02  -2.113592e-02  -2.120621e-02  -2.130854e-02  -2.145680e-02  -2.167221e-02  -2.198473e-02  -2.243801e-02  -2.309521e-02  -2.404756e-02  -2.542545e-02  -2.741626e-02  -3.028523e-02  -3.440595e-02  -4.029443e-02  -4.864818e-02  -6.037419e-02  -7.658270e-02  -9.849626e-02  -1.271897e-01  -1.630609e-01  -2.050003e-01  -2.495077e-01  -2.905800e-01  -3.215848e-01  -3.391483e-01  -3.457645e-01
   71  -2.072156e-02  -2.075585e-02  -2.077125e-02  -2.079388e-02  -2.082663e-02  -2.087408e-02  -2.094307e-02  -2.104335e-02  -2.118861e-02  -2.139980e-02  -2.170597e-02  -2.215022e-02  -2.279416e-02  -2.372687e-02  -2.507707e-02  -2.702699e-02  -2.983743e-02  -3.387281e-02  -3.963822e-02  -4.781417e-02  -5.928439e-02  -7.512808e-02  -9.652369e-02  -1.244939e-01  -1.593784e-01  -2.000247e-01  -2.429475e-01  -2.822769e-01  -3.116643e-01  -3.280720e-01  -3.341267e-01
   72  -2.046993e-02  -2.050353e-02  -2.051873e-02  -2.054080e-02  -2.057286e-02  -2.061940e-02  -2.068704e-02  -2.078513e-02  -2.092773e-02  -2.113427e-02  -2.143446e-02  -2.186955e-02  -2.250088e-02  -2.341510e-02  -2.473749e-02  -2.664825e-02  -2.940090e-02  -3.335355e-02  -3.899890e-02  -4.700157e-02  -5.822260e-02  -7.370877e-02  -9.459893e-02  -1.218621e-01  -1.557816e-01  -1.951649e-01  -2.365424e-01  -2.741779e-01  -3.020054e-01  -3.173112e-01  -3.228400e-01
   73  -2.022511e-02  -2.025804e-02  -2.027294e-02  -2.029457e-02  -2.032599e-02  -2.037172e-02  -2.043784e-02  -2.053402e-02  -2.067402e-02  -2.087629e-02  -2.117020e-02  -2.159687e-02  -2.221547e-02  -2.311114e-02  -2.440715e-02  -2.627902e-02  -2.897610e-02  -3.284765e-02  -3.837580e-02  -4.620943e-02  -5.718683e-02  -7.232477e-02  -9.272078e-02  -1.192926e-01  -1.522696e-01  -1.904190e-01  -2.302903e-01  -2.662827e-01  -2.926081e-01  -3.068649e-01  -3.119038e-01
   74  -1.998684e-02  -2.001903e-02  -2.003372e-02  -2.005493e-02  -2.008572e-02  -2.013055e-02  -2.019530e-02  -2.028978e-02  -2.042662e-02  -2.062499e-02  -2.091365e-02  -2.133141e-02  -2.193772e-02  -2.281507e-02  -2.408547e-02  -2.591975e-02  -2.856232e-02  -3.235471e-02  -3.776829e-02  -4.543632e-02  -5.617641e-02  -7.097429e-02  -9.088697e-02  -1.167840e-01  -1.488394e-01  -1.857850e-01  -2.241894e-01  -2.585882e-01  -2.834693e-01  -2.967321e-01  -3.013142e-01
   75  -1.975489e-02  -1.978653e-02  -1.980084e-02  -1.982162e-02  -1.985181e-02  -1.989578e-02  -1.995928e-02  -2.005156e-02  -2.018586e-02  -2.038077e-02  -2.066318e-02  -2.107297e-02  -2.166705e-02  -2.252742e-02  -2.377218e-02  -2.556992e-02  -2.815879e-02  -3.187415e-02  -3.717614e-02  -4.468321e-02  -5.519064e-02  -6.965605e-02  -8.909725e-02  -1.143338e-01  -1.454901e-01  -1.812604e-01  -2.182375e-01  -2.510940e-01  -2.745884e-01  -2.869092e-01  -2.910687e-01
   76  -1.952901e-02  -1.956003e-02  -1.957406e-02  -1.959439e-02  -1.962402e-02  -1.966691e-02  -1.972926e-02  -1.982002e-02  -1.995144e-02  -2.014232e-02  -2.041918e-02  -2.082100e-02  -2.140343e-02  -2.224710e-02  -2.346711e-02  -2.522855e-02  -2.776577e-02  -3.140561e-02  -3.659858e-02  -4.394796e-02  -5.422880e-02  -6.836949e-02  -8.734949e-02  -1.119417e-01  -1.422192e-01  -1.768434e-01  -2.124318e-01  -2.437967e-01  -2.659623e-01  -2.773933e-01  -2.811620e-01
   77  -1.930898e-02  -1.933939e-02  -1.935315e-02  -1.937313e-02  -1.940214e-02  -1.944424e-02  -1.950547e-02  -1.959412e-02  -1.972300e-02  -1.991044e-02  -2.018204e-02  -2.057595e-02  -2.114665e-02  -2.197351e-02  -2.316952e-02  -2.489614e-02  -2.738243e-02  -3.094855e-02  -3.603498e-02  -4.323076e-02  -5.329013e-02  -6.711326e-02  -8.564278e-02  -1.096051e-01  -1.390245e-01  -1.725318e-01  -2.067717e-01  -2.366946e-01  -2.575884e-01  -2.681806e-01  -2.715885e-01
   78  -1.909459e-02  -1.912442e-02  -1.913779e-02  -1.915749e-02  -1.918594e-02  -1.922724e-02  -1.928721e-02  -1.937428e-02  -1.950077e-02  -1.968420e-02  -1.995051e-02  -2.033658e-02  -2.089649e-02  -2.170693e-02  -2.287934e-02  -2.457173e-02  -2.700843e-02  -3.050320e-02  -3.548529e-02  -4.253082e-02  -5.237386e-02  -6.588690e-02  -8.397630e-02  -1.073229e-01  -1.359048e-01  -1.683239e-01  -2.012535e-01  -2.297852e-01  -2.494635e-01  -2.592664e-01  -2.623426e-01
   79  -1.888565e-02  -1.891489e-02  -1.892811e-02  -1.894728e-02  -1.897521e-02  -1.901581e-02  -1.907466e-02  -1.915994e-02  -1.928379e-02  -1.946351e-02  -1.972478e-02  -2.010367e-02  -2.065211e-02  -2.144708e-02  -2.259640e-02  -2.425556e-02  -2.664380e-02  -3.006794e-02  -3.494902e-02  -4.184745e-02  -5.147889e-02  -6.468902e-02  -8.234812e-02  -1.050939e-01  -1.328587e-01  -1.642173e-01  -1.958758e-01  -2.230658e-01  -2.415839e-01  -2.506452e-01  -2.534172e-01
   80  -1.868194e-02  -1.871061e-02  -1.872358e-02  -1.874242e-02  -1.876977e-02  -1.880958e-02  -1.886717e-02  -1.895076e-02  -1.907231e-02  -1.924891e-02  -1.950477e-02  -1.987614e-02  -2.041422e-02  -2.119359e-02  -2.232018e-02  -2.394686e-02  -2.628787e-02  -2.964362e-02  -3.442513e-02  -4.117999e-02  -5.060507e-02  -6.351915e-02  -8.075791e-02  -1.029165e-01  -1.298833e-01  -1.602103e-01  -1.906359e-01  -2.165330e-01  -2.339458e-01  -2.423121e-01  -2.448056e-01
   81  -1.848328e-02  -1.851140e-02  -1.852412e-02  -1.854260e-02  -1.856942e-02  -1.860841e-02  -1.866488e-02  -1.874716e-02  -1.886608e-02  -1.903925e-02  -1.929039e-02  -1.965439e-02  -2.018236e-02  -2.094610e-02  -2.205107e-02  -2.364592e-02  -2.594054e-02  -2.922911e-02  -3.391372e-02  -4.052869e-02  -4.975126e-02  -6.237609e-02  -7.920429e-02  -1.007895e-01  -1.269787e-01  -1.563008e-01  -1.855314e-01  -2.101847e-01  -2.265449e-01  -2.342608e-01  -2.364998e-01
   82  -1.828949e-02  -1.831707e-02  -1.832955e-02  -1.834767e-02  -1.837398e-02  -1.841238e-02  -1.846758e-02  -1.854813e-02  -1.866528e-02  -1.883491e-02  -1.908109e-02  -1.943823e-02  -1.995564e-02  -2.070495e-02  -2.178840e-02  -2.335209e-02  -2.560110e-02  -2.882449e-02  -3.341433e-02  -3.989225e-02  -4.891738e-02  -6.125946e-02  -7.768613e-02  -9.871128e-02  -1.241425e-01  -1.524867e-01  -1.805603e-01  -2.040173e-01  -2.193773e-01  -2.264853e-01  -2.284925e-01
   83  -1.810040e-02  -1.812746e-02  -1.813970e-02  -1.815741e-02  -1.818328e-02  -1.822076e-02  -1.827520e-02  -1.835418e-02  -1.846889e-02  -1.863538e-02  -1.887674e-02  -1.922692e-02  -1.973483e-02  -2.046943e-02  -2.153189e-02  -2.306501e-02  -2.527035e-02  -2.842934e-02  -3.292639e-02  -3.927010e-02  -4.810221e-02  -6.016784e-02  -7.620298e-02  -9.668112e-02  -1.213724e-01  -1.487667e-01  -1.757198e-01  -1.980276e-01  -2.124380e-01  -2.189789e-01  -2.207761e-01
   84  -1.791585e-02  -1.794239e-02  -1.795440e-02  -1.797183e-02  -1.799715e-02  -1.803398e-02  -1.808729e-02  -1.816476e-02  -1.827747e-02  -1.844051e-02  -1.867737e-02  -1.902089e-02  -1.951880e-02  -2.023960e-02  -2.128130e-02  -2.278464e-02  -2.494699e-02  -2.804332e-02  -3.244954e-02  -3.866228e-02  -4.730616e-02  -5.910145e-02  -7.475303e-02  -9.469786e-02  -1.186680e-01  -1.451383e-01  -1.710078e-01  -1.922126e-01  -2.057225e-01  -2.117352e-01  -2.133414e-01
   85  -1.773567e-02  -1.776171e-02  -1.777348e-02  -1.779059e-02  -1.781542e-02  -1.785148e-02  -1.790374e-02  -1.797987e-02  -1.809023e-02  -1.825030e-02  -1.848284e-02  -1.881971e-02  -1.930829e-02  -2.001492e-02  -2.103673e-02  -2.251106e-02  -2.463099e-02  -2.766623e-02  -3.198376e-02  -3.806888e-02  -4.652768e-02  -5.805896e-02  -7.333628e-02  -9.275991e-02  -1.160275e-01  -1.416002e-01  -1.664217e-01  -1.865684e-01  -1.992252e-01  -2.047467e-01  -2.061804e-01
   86  -1.755971e-02  -1.758534e-02  -1.759681e-02  -1.761359e-02  -1.763790e-02  -1.767333e-02  -1.772459e-02  -1.779922e-02  -1.790746e-02  -1.806462e-02  -1.829253e-02  -1.862305e-02  -1.910214e-02  -1.979564e-02  -2.079792e-02  -2.224374e-02  -2.432203e-02  -2.729752e-02  -3.152859e-02  -3.748791e-02  -4.576695e-02  -5.703962e-02  -7.195119e-02  -9.086666e-02  -1.134495e-01  -1.381502e-01  -1.619591e-01  -1.810918e-01  -1.929413e-01  -1.980072e-01  -1.992850e-01
   87  -1.738784e-02  -1.741294e-02  -1.742423e-02  -1.744069e-02  -1.746460e-02  -1.749931e-02  -1.754971e-02  -1.762282e-02  -1.772922e-02  -1.788319e-02  -1.810680e-02  -1.843102e-02  -1.890099e-02  -1.958132e-02  -2.056436e-02  -2.198210e-02  -2.402025e-02  -2.693707e-02  -3.108345e-02  -3.692031e-02  -4.502285e-02  -5.604334e-02  -7.059749e-02  -8.901637e-02  -1.109321e-01  -1.347862e-01  -1.576173e-01  -1.757790e-01  -1.868659e-01  -1.915095e-01  -1.926466e-01
   88  -1.721990e-02  -1.724449e-02  -1.725561e-02  -1.727185e-02  -1.729521e-02  -1.732932e-02  -1.737870e-02  -1.745051e-02  -1.755457e-02  -1.770595e-02  -1.792534e-02  -1.824371e-02  -1.870447e-02  -1.937176e-02  -2.033613e-02  -2.172671e-02  -2.372525e-02  -2.658494e-02  -3.064830e-02  -3.636518e-02  -4.429533e-02  -5.506921e-02  -6.927413e-02  -8.720855e-02  -1.084749e-01  -1.315071e-01  -1.533942e-01  -1.706268e-01  -1.809933e-01  -1.852457e-01  -1.862566e-01
   89  -1.705576e-02  -1.707989e-02  -1.709080e-02  -1.710665e-02  -1.712966e-02  -1.716305e-02  -1.721158e-02  -1.728204e-02  -1.738436e-02  -1.753263e-02  -1.774784e-02  -1.806026e-02  -1.851261e-02  -1.916695e-02  -2.011293e-02  -2.147668e-02  -2.343683e-02  -2.624032e-02  -3.022271e-02  -3.582248e-02  -4.358376e-02  -5.411607e-02  -6.798024e-02  -8.544203e-02  -1.060759e-01  -1.283107e-01  -1.492871e-01  -1.656315e-01  -1.753183e-01  -1.792091e-01  -1.801064e-01
   90  -1.689530e-02  -1.691896e-02  -1.692968e-02  -1.694523e-02  -1.696782e-02  -1.700061e-02  -1.704822e-02  -1.711734e-02  -1.721753e-02  -1.736315e-02  -1.757468e-02  -1.788060e-02  -1.832470e-02  -1.896674e-02  -1.989470e-02  -2.123258e-02  -2.315465e-02  -2.590345e-02  -2.980620e-02  -3.529142e-02  -4.288772e-02  -5.318442e-02  -6.671537e-02  -8.371592e-02  -1.037337e-01  -1.251950e-01  -1.452938e-01  -1.607894e-01  -1.698362e-01  -1.733925e-01  -1.741879e-01
   91  -1.673839e-02  -1.676162e-02  -1.677213e-02  -1.678739e-02  -1.680945e-02  -1.684179e-02  -1.688852e-02  -1.695628e-02  -1.705487e-02  -1.719787e-02  -1.740480e-02  -1.770529e-02  -1.814078e-02  -1.877077e-02  -1.968129e-02  -2.099336e-02  -2.287879e-02  -2.557368e-02  -2.939871e-02  -3.477167e-02  -4.220678e-02  -5.227295e-02  -6.547819e-02  -8.202896e-02  -1.014475e-01  -1.221589e-01  -1.414108e-01  -1.560967e-01  -1.645408e-01  -1.677889e-01  -1.684938e-01
   92  -1.658492e-02  -1.660772e-02  -1.661803e-02  -1.663300e-02  -1.665475e-02  -1.668633e-02  -1.673218e-02  -1.679868e-02  -1.689534e-02  -1.703558e-02  -1.723897e-02  -1.753386e-02  -1.796106e-02  -1.857919e-02  -1.947240e-02  -2.075976e-02  -2.260870e-02  -2.525117e-02  -2.900040e-02  -3.426353e-02  -4.154046e-02  -5.138133e-02  -6.426833e-02  -8.038062e-02  -9.921592e-02  -1.192006e-01  -1.376373e-01  -1.515498e-01  -1.594269e-01  -1.623916e-01  -1.630149e-01
   93  -1.643476e-02  -1.645714e-02  -1.646726e-02  -1.648196e-02  -1.650330e-02  -1.653429e-02  -1.657927e-02  -1.664472e-02  -1.673940e-02  -1.687714e-02  -1.707679e-02  -1.736604e-02  -1.778523e-02  -1.839186e-02  -1.926821e-02  -2.053087e-02  -2.234446e-02  -2.493550e-02  -2.861001e-02  -3.376613e-02  -4.088874e-02  -5.050887e-02  -6.308583e-02  -7.876944e-02  -9.703756e-02  -1.163176e-01  -1.339697e-01  -1.471447e-01  -1.544891e-01  -1.571933e-01  -1.577437e-01
   94  -1.628782e-02  -1.630978e-02  -1.631971e-02  -1.633413e-02  -1.635508e-02  -1.638550e-02  -1.642971e-02  -1.649361e-02  -1.658685e-02  -1.672177e-02  -1.691787e-02  -1.720169e-02  -1.761311e-02  -1.820840e-02  -1.906822e-02  -2.030707e-02  -2.208561e-02  -2.462652e-02  -2.822810e-02  -3.327894e-02  -4.025071e-02  -4.965536e-02  -6.192891e-02  -7.719530e-02  -9.491140e-02  -1.135092e-01  -1.304055e-01  -1.428784e-01  -1.497229e-01  -1.521864e-01  -1.526722e-01
   95  -1.614398e-02  -1.616554e-02  -1.617529e-02  -1.618944e-02  -1.621000e-02  -1.623985e-02  -1.628322e-02  -1.634612e-02  -1.643759e-02  -1.656999e-02  -1.676218e-02  -1.704101e-02  -1.744462e-02  -1.802894e-02  -1.887250e-02  -2.008757e-02  -2.183251e-02  -2.432388e-02  -2.785441e-02  -3.280251e-02  -3.962606e-02  -4.882038e-02  -6.079753e-02  -7.565693e-02  -9.283609e-02  -1.107731e-01  -1.269426e-01  -1.387465e-01  -1.451215e-01  -1.473655e-01  -1.477936e-01
   96  -1.600315e-02  -1.602426e-02  -1.603402e-02  -1.604777e-02  -1.606794e-02  -1.609725e-02  -1.613979e-02  -1.620166e-02  -1.629113e-02  -1.642122e-02  -1.660996e-02  -1.688326e-02  -1.727980e-02  -1.785285e-02  -1.868046e-02  -1.987304e-02  -2.158458e-02  -2.402773e-02  -2.748846e-02  -3.233574e-02  -3.901481e-02  -4.800312e-02  -5.969075e-02  -7.415321e-02  -9.081061e-02  -1.081079e-01  -1.235787e-01  -1.347459e-01  -1.406810e-01  -1.427233e-01  -1.431001e-01
   97  -1.586523e-02  -1.588600e-02  -1.589540e-02  -1.590889e-02  -1.592884e-02  -1.595760e-02  -1.599935e-02  -1.606002e-02  -1.614794e-02  -1.627552e-02  -1.646092e-02  -1.672928e-02  -1.711818e-02  -1.768056e-02  -1.849275e-02  -1.966276e-02  -2.134172e-02  -2.373761e-02  -2.712987e-02  -3.187872e-02  -3.841621e-02  -4.720324e-02  -5.860837e-02  -7.268383e-02  -8.883381e-02  -1.055118e-01  -1.203111e-01  -1.308726e-01  -1.363959e-01  -1.382530e-01  -1.385846e-01
   98  -1.573013e-02  -1.575052e-02  -1.575973e-02  -1.577312e-02  -1.579256e-02  -1.582079e-02  -1.586171e-02  -1.592128e-02  -1.600770e-02  -1.613293e-02  -1.631458e-02  -1.657835e-02  -1.695986e-02  -1.751193e-02  -1.830890e-02  -1.945680e-02  -2.110379e-02  -2.345324e-02  -2.677896e-02  -3.143119e-02  -3.783030e-02  -4.642032e-02  -5.754951e-02  -7.124792e-02  -8.690459e-02  -1.029838e-01  -1.171374e-01  -1.271234e-01  -1.322609e-01  -1.339486e-01  -1.342401e-01
   99  -1.559776e-02  -1.561777e-02  -1.562681e-02  -1.563996e-02  -1.565904e-02  -1.568675e-02  -1.572701e-02  -1.578539e-02  -1.587011e-02  -1.599324e-02  -1.617149e-02  -1.643028e-02  -1.680466e-02  -1.734639e-02  -1.812862e-02  -1.925501e-02  -2.087066e-02  -2.317482e-02  -2.643467e-02  -3.099262e-02  -3.725656e-02  -4.565410e-02  -5.651351e-02  -6.984428e-02  -8.502209e-02  -1.005216e-01  -1.140553e-01  -1.234939e-01  -1.282713e-01  -1.298045e-01  -1.300603e-01
  100  -1.546802e-02  -1.548767e-02  -1.549655e-02  -1.550945e-02  -1.552818e-02  -1.555539e-02  -1.559505e-02  -1.565221e-02  -1.573547e-02  -1.585620e-02  -1.603127e-02  -1.628519e-02  -1.665268e-02  -1.718435e-02  -1.795218e-02  -1.905728e-02  -2.064224e-02  -2.290204e-02  -2.609801e-02  -3.056341e-02  -3.669479e-02  -4.490392e-02  -5.550046e-02  -6.847282e-02  -8.318477e-02  -9.812386e-02  -1.110627e-01  -1.199822e-01  -1.244226e-01  -1.258140e-01  -1.260391e-01
