# k loading Love number for a Heaviside load
# Computed by ISSM on 19-Mar-2026 11:30:39
#
#   n         k_n(t)
    1  -1.000000e+00  -1.000000e+00  -1.000000e+00  -1.000000e+00  -1.000000e+00  -1.000000e+00  -1.000000e+00  -1.000000e+00  -1.000000e+00  -1.000000e+00  -1.000000e+00  -1.000000e+00  -1.000000e+00  -1.000000e+00  -1.000000e+00  -1.000000e+00  -1.000000e+00  -1.000000e+00  -1.000000e+00  -1.000000e+00  -1.000000e+00  -1.000000e+00  -1.000000e+00  -1.000000e+00  -1.000000e+00  -1.000000e+00  -1.000000e+00  -1.000000e+00  -1.000000e+00  -1.000000e+00  -1.000000e+00  -1.000000e+00  -1.000000e+00  -1.000000e+00  -1.000000e+00  -1.000000e+00  -1.000000e+00  -1.000000e+00  -1.000000e+00  -1.000000e+00  -1.000000e+00  -1.000000e+00  -1.000000e+00  -1.000000e+00  -1.000000e+00  -1.000000e+00  -1.000000e+00  -1.000000e+00  -1.000000e+00  -1.000000e+00  -1.000000e+00
    2  -3.121890e-01  -3.123929e-01  -3.124540e-01  -3.126420e-01  -3.128182e-01  -3.131231e-01  -3.134478e-01  -3.140005e-01  -3.146980e-01  -3.157915e-01  -3.172506e-01  -3.192066e-01  -3.220098e-01  -3.255778e-01  -3.298928e-01  -3.355450e-01  -3.419667e-01  -3.490223e-01  -3.568958e-01  -3.651081e-01  -3.735814e-01  -3.820765e-01  -3.904280e-01  -3.982883e-01  -4.052812e-01  -4.112677e-01  -4.160738e-01  -4.197976e-01  -4.228814e-01  -4.258674e-01  -4.295153e-01  -4.345228e-01  -4.415434e-01  -4.514026e-01  -4.650868e-01  -4.838259e-01  -5.089550e-01  -5.417201e-01  -5.828045e-01  -6.315216e-01  -6.857868e-01  -7.417006e-01  -7.939972e-01  -8.402023e-01  -8.801634e-01  -9.141293e-01  -9.403983e-01  -9.568938e-01  -9.646086e-01  -9.674969e-01  -9.690946e-01
    3  -2.030339e-01  -2.032056e-01  -2.032570e-01  -2.034153e-01  -2.035636e-01  -2.038204e-01  -2.040940e-01  -2.045598e-01  -2.051480e-01  -2.060707e-01  -2.073031e-01  -2.089582e-01  -2.113346e-01  -2.143683e-01  -2.180551e-01  -2.229108e-01  -2.284723e-01  -2.346488e-01  -2.416206e-01  -2.489920e-01  -2.567099e-01  -2.645712e-01  -2.724226e-01  -2.799371e-01  -2.867418e-01  -2.926596e-01  -2.974766e-01  -3.012428e-01  -3.043595e-01  -3.073480e-01  -3.109731e-01  -3.159516e-01  -3.229581e-01  -3.328653e-01  -3.467477e-01  -3.660241e-01  -3.923491e-01  -4.276082e-01  -4.734644e-01  -5.305845e-01  -5.982690e-01  -6.730531e-01  -7.476295e-01  -8.146362e-01  -8.686204e-01  -9.085076e-01  -9.358566e-01  -9.521793e-01  -9.598685e-01  -9.630379e-01  -9.652400e-01
    4  -1.370012e-01  -1.371396e-01  -1.371811e-01  -1.373087e-01  -1.374283e-01  -1.376354e-01  -1.378561e-01  -1.382320e-01  -1.387066e-01  -1.394517e-01  -1.404475e-01  -1.417862e-01  -1.437108e-01  -1.461724e-01  -1.491735e-01  -1.531398e-01  -1.577060e-01  -1.628122e-01  -1.686179e-01  -1.748098e-01  -1.813534e-01  -1.880865e-01  -1.948800e-01  -2.014533e-01  -2.074749e-01  -2.127667e-01  -2.171140e-01  -2.205328e-01  -2.233587e-01  -2.260470e-01  -2.292888e-01  -2.337409e-01  -2.400229e-01  -2.489494e-01  -2.615423e-01  -2.791892e-01  -3.036372e-01  -3.370023e-01  -3.815657e-01  -4.393068e-01  -5.107831e-01  -5.949758e-01  -6.854571e-01  -7.729601e-01  -8.464385e-01  -8.986093e-01  -9.298218e-01  -9.458806e-01  -9.531239e-01  -9.564784e-01  -9.592043e-01
    5  -1.049523e-01  -1.050691e-01  -1.051040e-01  -1.052116e-01  -1.053125e-01  -1.054872e-01  -1.056733e-01  -1.059903e-01  -1.063907e-01  -1.070194e-01  -1.078599e-01  -1.089906e-01  -1.106170e-01  -1.126991e-01  -1.152415e-01  -1.186072e-01  -1.224920e-01  -1.268506e-01  -1.318239e-01  -1.371504e-01  -1.428051e-01  -1.486524e-01  -1.545815e-01  -1.603491e-01  -1.656623e-01  -1.703548e-01  -1.742259e-01  -1.772757e-01  -1.797904e-01  -1.821669e-01  -1.850200e-01  -1.889365e-01  -1.944703e-01  -2.023548e-01  -2.135194e-01  -2.292475e-01  -2.512017e-01  -2.814828e-01  -3.225356e-01  -3.768454e-01  -4.460379e-01  -5.307140e-01  -6.264902e-01  -7.251511e-01  -8.140003e-01  -8.807568e-01  -9.206655e-01  -9.392476e-01  -9.465734e-01  -9.500313e-01  -9.530664e-01
    6  -8.875116e-02  -8.885469e-02  -8.888568e-02  -8.898116e-02  -8.907065e-02  -8.922556e-02  -8.939069e-02  -8.967192e-02  -9.002719e-02  -9.058504e-02  -9.133093e-02  -9.233460e-02  -9.377876e-02  -9.562841e-02  -9.788863e-02  -1.008833e-01  -1.043440e-01  -1.082329e-01  -1.126779e-01  -1.174482e-01  -1.225234e-01  -1.277838e-01  -1.331305e-01  -1.383446e-01  -1.431602e-01  -1.474223e-01  -1.509434e-01  -1.537165e-01  -1.559952e-01  -1.581360e-01  -1.606960e-01  -1.642084e-01  -1.691743e-01  -1.762603e-01  -1.863146e-01  -2.005200e-01  -2.204311e-01  -2.480561e-01  -2.858220e-01  -3.363744e-01  -4.020434e-01  -4.838236e-01  -5.795162e-01  -6.823541e-01  -7.801987e-01  -8.587258e-01  -9.088035e-01  -9.327595e-01  -9.416061e-01  -9.454134e-01  -9.487465e-01
    7  -7.958037e-02  -7.967541e-02  -7.970386e-02  -7.979152e-02  -7.987367e-02  -8.001589e-02  -8.016749e-02  -8.042569e-02  -8.075187e-02  -8.126409e-02  -8.194901e-02  -8.287078e-02  -8.419730e-02  -8.589666e-02  -8.797403e-02  -9.072762e-02  -9.391168e-02  -9.749273e-02  -1.015894e-01  -1.059906e-01  -1.106782e-01  -1.155428e-01  -1.204931e-01  -1.253266e-01  -1.297961e-01  -1.337553e-01  -1.370267e-01  -1.395997e-01  -1.417060e-01  -1.436736e-01  -1.460181e-01  -1.492327e-01  -1.537791e-01  -1.602723e-01  -1.694970e-01  -1.825534e-01  -2.009004e-01  -2.264474e-01  -2.615530e-01  -3.088897e-01  -3.710230e-01  -4.495433e-01  -5.433393e-01  -6.470907e-01  -7.498144e-01  -8.368013e-01  -8.961861e-01  -9.267731e-01  -9.384930e-01  -9.431438e-01  -9.469230e-01
    8  -7.374544e-02  -7.383458e-02  -7.386127e-02  -7.394348e-02  -7.402054e-02  -7.415393e-02  -7.429613e-02  -7.453832e-02  -7.484428e-02  -7.532476e-02  -7.596727e-02  -7.683203e-02  -7.807662e-02  -7.967124e-02  -8.162101e-02  -8.420609e-02  -8.719637e-02  -9.056108e-02  -9.441226e-02  -9.855206e-02  -1.029642e-01  -1.075459e-01  -1.122116e-01  -1.167702e-01  -1.209880e-01  -1.247251e-01  -1.278120e-01  -1.303182e-01  -1.322117e-01  -1.340474e-01  -1.362275e-01  -1.392144e-01  -1.434395e-01  -1.494778e-01  -1.580633e-01  -1.702299e-01  -1.873563e-01  -2.112632e-01  -2.442325e-01  -2.889160e-01  -3.479962e-01  -4.234398e-01  -5.149094e-01  -6.182489e-01  -7.236747e-01  -8.167917e-01  -8.841526e-01  -9.215319e-01  -9.369175e-01  -9.428542e-01  -9.471821e-01
    9  -6.966083e-02  -6.974560e-02  -6.977098e-02  -6.984916e-02  -6.992243e-02  -7.004928e-02  -7.018450e-02  -7.041480e-02  -7.070575e-02  -7.116267e-02  -7.177369e-02  -7.259612e-02  -7.377984e-02  -7.529660e-02  -7.715144e-02  -7.961104e-02  -8.245683e-02  -8.565993e-02  -8.932733e-02  -9.327107e-02  -9.747592e-02  -1.018443e-01  -1.062946e-01  -1.106442e-01  -1.146700e-01  -1.182368e-01  -1.211812e-01  -1.235674e-01  -1.253623e-01  -1.270936e-01  -1.291428e-01  -1.319483e-01  -1.359172e-01  -1.415920e-01  -1.496658e-01  -1.611179e-01  -1.772598e-01  -1.998347e-01  -2.310517e-01  -2.735254e-01  -3.299988e-01  -4.026944e-01  -4.918549e-01  -5.942642e-01  -7.012470e-01  -7.989883e-01  -8.731468e-01  -9.170242e-01  -9.364095e-01  -9.438987e-01  -9.487810e-01
   10  -6.659043e-02  -6.667178e-02  -6.669613e-02  -6.677116e-02  -6.684148e-02  -6.696322e-02  -6.709298e-02  -6.731401e-02  -6.759323e-02  -6.803175e-02  -6.861818e-02  -6.940752e-02  -7.054368e-02  -7.199959e-02  -7.378017e-02  -7.614159e-02  -7.887423e-02  -8.195062e-02  -8.547377e-02  -8.926340e-02  -9.330508e-02  -9.750524e-02  -1.017852e-01  -1.059695e-01  -1.098426e-01  -1.132737e-01  -1.161041e-01  -1.183174e-01  -1.201082e-01  -1.217538e-01  -1.236953e-01  -1.263513e-01  -1.301088e-01  -1.354834e-01  -1.431341e-01  -1.539942e-01  -1.693178e-01  -1.907811e-01  -2.205260e-01  -2.611248e-01  -3.153513e-01  -3.856129e-01  -4.726045e-01  -5.738872e-01  -6.817754e-01  -7.831326e-01  -8.631310e-01  -9.130656e-01  -9.365106e-01  -9.456695e-01  -9.510382e-01
   11  -6.415577e-02  -6.423434e-02  -6.425786e-02  -6.433033e-02  -6.439824e-02  -6.451582e-02  -6.464115e-02  -6.485463e-02  -6.512431e-02  -6.554786e-02  -6.611427e-02  -6.687670e-02  -6.797416e-02  -6.938054e-02  -7.110068e-02  -7.338215e-02  -7.602260e-02  -7.899570e-02  -8.240118e-02  -8.606501e-02  -8.997338e-02  -9.403591e-02  -9.817648e-02  -1.022251e-01  -1.059730e-01  -1.092924e-01  -1.120285e-01  -1.141639e-01  -1.158851e-01  -1.174585e-01  -1.193088e-01  -1.218383e-01  -1.254167e-01  -1.305369e-01  -1.378285e-01  -1.481854e-01  -1.628120e-01  -1.833255e-01  -2.118067e-01  -2.507846e-01  -3.030466e-01  -3.711390e-01  -4.561210e-01  -5.562054e-01  -6.645908e-01  -7.688436e-01  -8.538973e-01  -9.094108e-01  -9.368448e-01  -9.477118e-01  -9.534745e-01
   12  -6.214132e-02  -6.221755e-02  -6.224036e-02  -6.231067e-02  -6.237656e-02  -6.249064e-02  -6.261224e-02  -6.281936e-02  -6.308101e-02  -6.349195e-02  -6.404151e-02  -6.478128e-02  -6.584614e-02  -6.721079e-02  -6.888002e-02  -7.109413e-02  -7.365690e-02  -7.654296e-02  -7.984924e-02  -8.340697e-02  -8.720288e-02  -9.114927e-02  -9.517214e-02  -9.910621e-02  -1.027481e-01  -1.059729e-01  -1.086290e-01  -1.106980e-01  -1.123595e-01  -1.138707e-01  -1.156422e-01  -1.180621e-01  -1.214854e-01  -1.263852e-01  -1.333654e-01  -1.432855e-01  -1.573060e-01  -1.769913e-01  -2.043667e-01  -2.419180e-01  -2.924355e-01  -3.585348e-01  -4.416860e-01  -5.405496e-01  -6.491473e-01  -7.557397e-01  -8.451963e-01  -9.058291e-01  -9.371164e-01  -9.496956e-01  -9.557759e-01
   13  -6.041364e-02  -6.048784e-02  -6.051005e-02  -6.057848e-02  -6.064262e-02  -6.075365e-02  -6.087201e-02  -6.107360e-02  -6.132829e-02  -6.172828e-02  -6.226321e-02  -6.298329e-02  -6.401985e-02  -6.534828e-02  -6.697330e-02  -6.912892e-02  -7.162424e-02  -7.443471e-02  -7.765486e-02  -8.112047e-02  -8.481873e-02  -8.866428e-02  -9.258495e-02  -9.641952e-02  -9.996934e-02  -1.031120e-01  -1.056985e-01  -1.077094e-01  -1.093186e-01  -1.107751e-01  -1.124771e-01  -1.148004e-01  -1.180868e-01  -1.227918e-01  -1.294969e-01  -1.390306e-01  -1.525142e-01  -1.714644e-01  -1.978550e-01  -2.341296e-01  -2.830737e-01  -3.473868e-01  -4.287859e-01  -5.264175e-01  -6.350093e-01  -7.434928e-01  -8.367919e-01  -9.021143e-01  -9.371082e-01  -9.514020e-01  -9.577528e-01
   14  -5.888528e-02  -5.895766e-02  -5.897932e-02  -5.904609e-02  -5.910865e-02  -5.921697e-02  -5.933244e-02  -5.952911e-02  -5.977756e-02  -6.016779e-02  -6.068966e-02  -6.139218e-02  -6.240348e-02  -6.369959e-02  -6.528516e-02  -6.738860e-02  -6.982375e-02  -7.256680e-02  -7.571013e-02  -7.909361e-02  -8.270483e-02  -8.646050e-02  -9.029012e-02  -9.403606e-02  -9.750389e-02  -1.005733e-01  -1.030977e-01  -1.050570e-01  -1.066195e-01  -1.080268e-01  -1.096666e-01  -1.119031e-01  -1.150666e-01  -1.195969e-01  -1.260547e-01  -1.352409e-01  -1.482410e-01  -1.665279e-01  -1.920271e-01  -2.271411e-01  -2.746446e-01  -3.373026e-01  -4.170408e-01  -5.134292e-01  -6.218322e-01  -7.318294e-01  -8.284871e-01  -8.981140e-01  -9.366664e-01  -9.526847e-01  -9.592957e-01
   15  -5.749692e-02  -5.756764e-02  -5.758881e-02  -5.765405e-02  -5.771518e-02  -5.782102e-02  -5.793384e-02  -5.812600e-02  -5.836877e-02  -5.875007e-02  -5.926000e-02  -5.994647e-02  -6.093468e-02  -6.220125e-02  -6.375077e-02  -6.580652e-02  -6.818669e-02  -7.086815e-02  -7.394132e-02  -7.724981e-02  -8.078157e-02  -8.445524e-02  -8.820180e-02  -9.186693e-02  -9.526005e-02  -9.826276e-02  -1.007307e-01  -1.026429e-01  -1.041628e-01  -1.055255e-01  -1.071086e-01  -1.092661e-01  -1.123176e-01  -1.166885e-01  -1.229209e-01  -1.317899e-01  -1.443480e-01  -1.620275e-01  -1.867083e-01  -2.207519e-01  -2.669179e-01  -3.280213e-01  -4.061650e-01  -5.012916e-01  -6.093460e-01  -7.205295e-01  -8.201204e-01  -8.937004e-01  -9.356830e-01  -9.534506e-01  -9.603458e-01
   16  -5.620771e-02  -5.627688e-02  -5.629759e-02  -5.636139e-02  -5.642119e-02  -5.652471e-02  -5.663506e-02  -5.682303e-02  -5.706049e-02  -5.743345e-02  -5.793225e-02  -5.860373e-02  -5.957041e-02  -6.080941e-02  -6.232529e-02  -6.433656e-02  -6.666545e-02  -6.928947e-02  -7.229723e-02  -7.553582e-02  -7.899354e-02  -8.259082e-02  -8.626004e-02  -8.984995e-02  -9.317357e-02  -9.611426e-02  -9.852974e-02  -1.003983e-01  -1.018789e-01  -1.032003e-01  -1.047310e-01  -1.068156e-01  -1.097638e-01  -1.139876e-01  -1.200116e-01  -1.285873e-01  -1.407362e-01  -1.578523e-01  -1.817719e-01  -2.148158e-01  -2.597242e-01  -3.193499e-01  -3.959467e-01  -4.897871e-01  -5.973460e-01  -7.094237e-01  -8.115700e-01  -8.887888e-01  -9.340859e-01  -9.536446e-01  -9.608708e-01
   17  -5.498935e-02  -5.505706e-02  -5.507732e-02  -5.513978e-02  -5.519830e-02  -5.529963e-02  -5.540764e-02  -5.559161e-02  -5.582403e-02  -5.618909e-02  -5.667731e-02  -5.733458e-02  -5.828081e-02  -5.949365e-02  -6.097762e-02  -6.294668e-02  -6.522691e-02  -6.779644e-02  -7.074216e-02  -7.391445e-02  -7.730197e-02  -8.082683e-02  -8.442276e-02  -8.794142e-02  -9.119923e-02  -9.408126e-02  -9.644719e-02  -9.827460e-02  -9.971827e-02  -1.010012e-01  -1.024830e-01  -1.044995e-01  -1.073513e-01  -1.114377e-01  -1.172671e-01  -1.255685e-01  -1.373344e-01  -1.539221e-01  -1.771259e-01  -2.092259e-01  -2.529394e-01  -3.111465e-01  -3.862277e-01  -4.787508e-01  -5.856781e-01  -6.983888e-01  -8.027478e-01  -8.833207e-01  -9.318286e-01  -9.532313e-01  -9.608556e-01
   18  -5.382238e-02  -5.388867e-02  -5.390851e-02  -5.396966e-02  -5.402697e-02  -5.412618e-02  -5.423193e-02  -5.441208e-02  -5.463965e-02  -5.499710e-02  -5.547515e-02  -5.611875e-02  -5.704532e-02  -5.823300e-02  -5.968626e-02  -6.161472e-02  -6.384816e-02  -6.636529e-02  -6.925134e-02  -7.235987e-02  -7.567988e-02  -7.913512e-02  -8.266059e-02  -8.611077e-02  -8.930537e-02  -9.213111e-02  -9.444956e-02  -9.623773e-02  -9.764633e-02  -9.889279e-02  -1.003286e-01  -1.022811e-01  -1.050420e-01  -1.089990e-01  -1.146448e-01  -1.226874e-01  -1.340915e-01  -1.501792e-01  -1.727039e-01  -2.039048e-01  -2.464730e-01  -3.033054e-01  -3.768929e-01  -4.680647e-01  -5.742334e-01  -6.873359e-01  -7.935967e-01  -8.772592e-01  -9.288827e-01  -9.521882e-01  -9.602920e-01
   19  -5.269356e-02  -5.275848e-02  -5.277791e-02  -5.283779e-02  -5.289391e-02  -5.299107e-02  -5.309464e-02  -5.327105e-02  -5.349392e-02  -5.384398e-02  -5.431215e-02  -5.494246e-02  -5.584992e-02  -5.701315e-02  -5.843659e-02  -6.032559e-02  -6.251356e-02  -6.497975e-02  -6.780781e-02  -7.085438e-02  -7.410877e-02  -7.749632e-02  -8.095329e-02  -8.433691e-02  -8.747009e-02  -9.024118e-02  -9.251366e-02  -9.426397e-02  -9.563895e-02  -9.685072e-02  -9.824281e-02  -1.001345e-01  -1.028093e-01  -1.066433e-01  -1.121150e-01  -1.199116e-01  -1.309714e-01  -1.465825e-01  -1.684583e-01  -1.987969e-01  -2.402600e-01  -2.957537e-01  -3.678610e-01  -4.576454e-01  -5.629360e-01  -6.762099e-01  -7.840843e-01  -8.705885e-01  -9.252343e-01  -9.504995e-01  -9.591714e-01
   20  -5.159413e-02  -5.165770e-02  -5.167673e-02  -5.173538e-02  -5.179033e-02  -5.188548e-02  -5.198691e-02  -5.215967e-02  -5.237793e-02  -5.272075e-02  -5.317926e-02  -5.379656e-02  -5.468532e-02  -5.582462e-02  -5.721885e-02  -5.906923e-02  -6.121266e-02  -6.362899e-02  -6.640024e-02  -6.938610e-02  -7.257619e-02  -7.589741e-02  -7.928724e-02  -8.260561e-02  -8.567861e-02  -8.839620e-02  -9.062375e-02  -9.233724e-02  -9.367975e-02  -9.485826e-02  -9.620862e-02  -9.804233e-02  -1.006349e-01  -1.043516e-01  -1.096569e-01  -1.172184e-01  -1.279488e-01  -1.431033e-01  -1.643557e-01  -1.938628e-01  -2.342545e-01  -2.884384e-01  -3.590743e-01  -4.474360e-01  -5.517376e-01  -6.649799e-01  -7.741994e-01  -8.633063e-01  -9.208784e-01  -9.481552e-01  -9.574885e-01
   21  -5.051848e-02  -5.058074e-02  -5.059937e-02  -5.065680e-02  -5.071061e-02  -5.080378e-02  -5.090310e-02  -5.107227e-02  -5.128600e-02  -5.162171e-02  -5.207070e-02  -5.267520e-02  -5.354556e-02  -5.466131e-02  -5.602681e-02  -5.783918e-02  -5.993879e-02  -6.230601e-02  -6.502132e-02  -6.794738e-02  -7.107412e-02  -7.432995e-02  -7.765360e-02  -8.090763e-02  -8.392130e-02  -8.658618e-02  -8.876957e-02  -9.044703e-02  -9.175799e-02  -9.290448e-02  -9.422297e-02  -9.599296e-02  -9.850670e-02  -1.021111e-01  -1.072567e-01  -1.145927e-01  -1.250066e-01  -1.397217e-01  -1.603730e-01  -1.890756e-01  -2.284249e-01  -2.813239e-01  -3.504955e-01  -4.374004e-01  -5.406116e-01  -6.536333e-01  -7.639466e-01  -8.554241e-01  -9.158172e-01  -9.451479e-01  -9.552323e-01
   22  -4.946327e-02  -4.952422e-02  -4.954246e-02  -4.959869e-02  -4.965138e-02  -4.974260e-02  -4.983983e-02  -5.000547e-02  -5.021472e-02  -5.054340e-02  -5.098300e-02  -5.157488e-02  -5.242708e-02  -5.351959e-02  -5.485672e-02  -5.663156e-02  -5.868788e-02  -6.100660e-02  -6.366664e-02  -6.653358e-02  -6.959766e-02  -7.278882e-02  -7.604696e-02  -7.923731e-02  -8.219224e-02  -8.480498e-02  -8.694477e-02  -8.858682e-02  -8.986703e-02  -9.098257e-02  -9.226240e-02  -9.397914e-02  -9.641716e-02  -9.991346e-02  -1.049056e-01  -1.120244e-01  -1.221336e-01  -1.364247e-01  -1.564948e-01  -1.844169e-01  -2.227502e-01  -2.743866e-01  -3.421003e-01  -4.275186e-01  -5.295465e-01  -6.421743e-01  -7.533391e-01  -8.469598e-01  -9.100601e-01  -9.414727e-01  -9.523939e-01
   23  -4.842670e-02  -4.848636e-02  -4.850422e-02  -4.855925e-02  -4.861083e-02  -4.870012e-02  -4.879530e-02  -4.895743e-02  -4.916226e-02  -4.948400e-02  -4.991432e-02  -5.049371e-02  -5.132795e-02  -5.239748e-02  -5.370656e-02  -5.544427e-02  -5.745777e-02  -5.972847e-02  -6.233378e-02  -6.514217e-02  -6.814416e-02  -7.127118e-02  -7.446435e-02  -7.759152e-02  -8.048817e-02  -8.304920e-02  -8.514584e-02  -8.675301e-02  -8.800316e-02  -8.908872e-02  -9.033126e-02  -9.199674e-02  -9.436185e-02  -9.775405e-02  -1.025983e-01  -1.095078e-01  -1.193226e-01  -1.332040e-01  -1.527112e-01  -1.798753e-01  -2.172170e-01  -2.676122e-01  -3.338752e-01  -4.177814e-01  -5.185418e-01  -6.306136e-01  -7.424049e-01  -8.379397e-01  -9.036182e-01  -9.371251e-01  -9.489618e-01
   24  -4.740803e-02  -4.746641e-02  -4.748389e-02  -4.753775e-02  -4.758822e-02  -4.767560e-02  -4.776875e-02  -4.792741e-02  -4.812787e-02  -4.844274e-02  -4.886387e-02  -4.943092e-02  -5.024739e-02  -5.129417e-02  -5.257548e-02  -5.427644e-02  -5.624753e-02  -5.847068e-02  -6.102175e-02  -6.377209e-02  -6.671249e-02  -6.977587e-02  -7.290452e-02  -7.596892e-02  -7.880768e-02  -8.131738e-02  -8.337125e-02  -8.494400e-02  -8.616472e-02  -8.722118e-02  -8.842773e-02  -9.004378e-02  -9.233860e-02  -9.563039e-02  -1.003319e-01  -1.070393e-01  -1.165698e-01  -1.300549e-01  -1.490162e-01  -1.754434e-01  -2.118170e-01  -2.609923e-01  -3.258132e-01  -4.081864e-01  -5.076050e-01  -6.189716e-01  -7.311712e-01  -8.283940e-01  -8.965088e-01  -9.321028e-01  -9.449235e-01
   25  -4.640721e-02  -4.646434e-02  -4.648143e-02  -4.653413e-02  -4.658351e-02  -4.666901e-02  -4.676014e-02  -4.691538e-02  -4.711151e-02  -4.741958e-02  -4.783163e-02  -4.838645e-02  -4.918534e-02  -5.020962e-02  -5.146344e-02  -5.312802e-02  -5.505712e-02  -5.723315e-02  -5.973047e-02  -6.242325e-02  -6.530255e-02  -6.830275e-02  -7.136734e-02  -7.436939e-02  -7.715062e-02  -7.960932e-02  -8.162079e-02  -8.315956e-02  -8.435143e-02  -8.537965e-02  -8.655143e-02  -8.811978e-02  -9.034678e-02  -9.354168e-02  -9.810540e-02  -1.046175e-01  -1.138731e-01  -1.269745e-01  -1.454067e-01  -1.711174e-01  -2.065459e-01  -2.545229e-01  -3.179073e-01  -3.987370e-01  -4.967479e-01  -6.072725e-01  -7.196739e-01  -8.183567e-01  -8.887520e-01  -9.264060e-01  -9.402666e-01
   26  -4.542464e-02  -4.548052e-02  -4.549724e-02  -4.554879e-02  -4.559709e-02  -4.568072e-02  -4.576986e-02  -4.592172e-02  -4.611356e-02  -4.641492e-02  -4.681798e-02  -4.736071e-02  -4.814222e-02  -4.914423e-02  -5.037087e-02  -5.199945e-02  -5.388698e-02  -5.601637e-02  -5.846045e-02  -6.109618e-02  -6.391490e-02  -6.685242e-02  -6.985342e-02  -7.279355e-02  -7.551763e-02  -7.792571e-02  -7.989514e-02  -8.140036e-02  -8.256396e-02  -8.356474e-02  -8.470290e-02  -8.622523e-02  -8.838678e-02  -9.148814e-02  -9.591880e-02  -1.022422e-01  -1.112320e-01  -1.239619e-01  -1.418811e-01  -1.668953e-01  -2.014017e-01  -2.482024e-01  -3.101693e-01  -3.894384e-01  -4.859847e-01  -5.955420e-01  -7.079482e-01  -8.078658e-01  -8.803709e-01  -9.200367e-01  -9.349792e-01
   27  -4.446093e-02  -4.451558e-02  -4.453193e-02  -4.458234e-02  -4.462958e-02  -4.471136e-02  -4.479854e-02  -4.494705e-02  -4.513466e-02  -4.542938e-02  -4.582357e-02  -4.635436e-02  -4.711869e-02  -4.809870e-02  -4.929847e-02  -5.089146e-02  -5.273789e-02  -5.482114e-02  -5.721253e-02  -5.979177e-02  -6.255047e-02  -6.542587e-02  -6.836380e-02  -7.124249e-02  -7.390986e-02  -7.626771e-02  -7.819550e-02  -7.966760e-02  -8.080350e-02  -8.177763e-02  -8.288330e-02  -8.436121e-02  -8.645959e-02  -8.947066e-02  -9.377282e-02  -9.991395e-02  -1.086468e-01  -1.210169e-01  -1.384390e-01  -1.627764e-01  -1.963836e-01  -2.420311e-01  -3.025959e-01  -3.802990e-01  -4.753309e-01  -5.838059e-01  -6.960305e-01  -7.969567e-01  -8.713901e-01  -9.130003e-01  -9.290512e-01
   28  -4.351681e-02  -4.357023e-02  -4.358622e-02  -4.363551e-02  -4.368170e-02  -4.376166e-02  -4.384690e-02  -4.399211e-02  -4.417555e-02  -4.446372e-02  -4.484915e-02  -4.536815e-02  -4.611552e-02  -4.707382e-02  -4.824706e-02  -4.980491e-02  -5.161075e-02  -5.364840e-02  -5.598769e-02  -5.851108e-02  -6.121038e-02  -6.402427e-02  -6.689972e-02  -6.971752e-02  -7.232868e-02  -7.463674e-02  -7.652331e-02  -7.796276e-02  -7.907152e-02  -8.001977e-02  -8.109405e-02  -8.252909e-02  -8.456653e-02  -8.749044e-02  -9.166855e-02  -9.763361e-02  -1.061180e-01  -1.181403e-01  -1.350804e-01  -1.587605e-01  -1.914916e-01  -2.360097e-01  -2.951901e-01  -3.713250e-01  -4.648019e-01  -5.720909e-01  -6.839564e-01  -7.856696e-01  -8.618390e-01  -9.053040e-01  -9.224752e-01
   29  -4.259299e-02  -4.264521e-02  -4.266085e-02  -4.270903e-02  -4.275418e-02  -4.283235e-02  -4.291568e-02  -4.305763e-02  -4.323696e-02  -4.351867e-02  -4.389547e-02  -4.440285e-02  -4.513351e-02  -4.607040e-02  -4.721748e-02  -4.874067e-02  -5.050646e-02  -5.249911e-02  -5.478698e-02  -5.725518e-02  -5.989579e-02  -6.264885e-02  -6.546249e-02  -6.822002e-02  -7.077552e-02  -7.303431e-02  -7.488013e-02  -7.628740e-02  -7.736959e-02  -7.829272e-02  -7.933667e-02  -8.073036e-02  -8.270901e-02  -8.554883e-02  -8.960721e-02  -9.540224e-02  -1.036466e-01  -1.153324e-01  -1.318057e-01  -1.548480e-01  -1.867261e-01  -2.301392e-01  -2.879549e-01  -3.625245e-01  -4.544119e-01  -5.604213e-01  -6.717604e-01  -7.740417e-01  -8.517451e-01  -8.969593e-01  -9.152467e-01
   30  -4.169015e-02  -4.174120e-02  -4.175647e-02  -4.180357e-02  -4.184770e-02  -4.192411e-02  -4.200555e-02  -4.214430e-02  -4.231958e-02  -4.259494e-02  -4.296323e-02  -4.345919e-02  -4.417339e-02  -4.508920e-02  -4.621051e-02  -4.769957e-02  -4.942590e-02  -5.137420e-02  -5.361136e-02  -5.602512e-02  -5.860780e-02  -6.130079e-02  -6.405336e-02  -6.675132e-02  -6.925179e-02  -7.146187e-02  -7.326745e-02  -7.464305e-02  -7.569925e-02  -7.659800e-02  -7.761266e-02  -7.896647e-02  -8.088843e-02  -8.364714e-02  -8.758999e-02  -9.322091e-02  -1.012334e-01  -1.125939e-01  -1.286154e-01  -1.510390e-01  -1.820872e-01  -2.244204e-01  -2.808928e-01  -3.539033e-01  -4.441744e-01  -5.488189e-01  -6.594744e-01  -7.621101e-01  -8.411400e-01  -8.879798e-01  -9.073624e-01
   31  -4.080886e-02  -4.085876e-02  -4.087369e-02  -4.091971e-02  -4.096284e-02  -4.103751e-02  -4.111711e-02  -4.125270e-02  -4.142401e-02  -4.169311e-02  -4.205306e-02  -4.253776e-02  -4.323578e-02  -4.413087e-02  -4.522684e-02  -4.668231e-02  -4.836982e-02  -5.027446e-02  -5.246168e-02  -5.482182e-02  -5.734739e-02  -5.998115e-02  -6.267346e-02  -6.531263e-02  -6.775876e-02  -6.992075e-02  -7.168665e-02  -7.303112e-02  -7.406191e-02  -7.493701e-02  -7.592338e-02  -7.723875e-02  -7.910605e-02  -8.178655e-02  -8.561797e-02  -9.109053e-02  -9.887919e-02  -1.099254e-01  -1.255097e-01  -1.473334e-01  -1.775748e-01  -2.188806e-01  -2.740055e-01  -3.454668e-01  -4.340996e-01  -5.373034e-01  -6.471299e-01  -7.499116e-01  -8.300547e-01  -8.783831e-01  -8.988242e-01
   32  -3.994960e-02  -3.999836e-02  -4.001295e-02  -4.005792e-02  -4.010007e-02  -4.017303e-02  -4.025082e-02  -4.038332e-02  -4.055072e-02  -4.081369e-02  -4.116542e-02  -4.163909e-02  -4.232121e-02  -4.319594e-02  -4.426703e-02  -4.568950e-02  -4.733885e-02  -4.920057e-02  -5.133868e-02  -5.364605e-02  -5.611541e-02  -5.869083e-02  -6.132378e-02  -6.390498e-02  -6.629753e-02  -6.841212e-02  -7.013893e-02  -7.145281e-02  -7.245878e-02  -7.331095e-02  -7.427003e-02  -7.554834e-02  -7.736297e-02  -7.996808e-02  -8.369205e-02  -8.901184e-02  -9.658444e-02  -1.073270e-01  -1.224884e-01  -1.437310e-01  -1.731885e-01  -2.134648e-01  -2.672940e-01  -3.372181e-01  -4.241965e-01  -5.258944e-01  -6.347538e-01  -7.374807e-01  -8.185237e-01  -8.681875e-01  -8.896371e-01
   33  -3.911270e-02  -3.916034e-02  -3.917459e-02  -3.921854e-02  -3.925972e-02  -3.933102e-02  -3.940702e-02  -3.953648e-02  -3.970005e-02  -3.995700e-02  -4.030069e-02  -4.076353e-02  -4.143006e-02  -4.228481e-02  -4.333148e-02  -4.472157e-02  -4.633347e-02  -4.815304e-02  -5.024291e-02  -5.249842e-02  -5.491252e-02  -5.743056e-02  -6.000508e-02  -6.252922e-02  -6.486902e-02  -6.693692e-02  -6.862528e-02  -6.990914e-02  -7.089088e-02  -7.172083e-02  -7.265357e-02  -7.389617e-02  -7.566005e-02  -7.819249e-02  -8.181288e-02  -8.698534e-02  -9.434946e-02  -1.047988e-01  -1.195513e-01  -1.402310e-01  -1.689272e-01  -2.082003e-01  -2.607583e-01  -3.291606e-01  -4.144747e-01  -5.146065e-01  -6.223721e-01  -7.248512e-01  -8.065782e-01  -8.574177e-01  -8.798101e-01
   34  -3.829837e-02  -3.834491e-02  -3.835884e-02  -3.840178e-02  -3.844201e-02  -3.851167e-02  -3.858593e-02  -3.871242e-02  -3.887224e-02  -3.912329e-02  -3.945910e-02  -3.991132e-02  -4.056258e-02  -4.139775e-02  -4.242049e-02  -4.377884e-02  -4.535401e-02  -4.713223e-02  -4.917477e-02  -5.137938e-02  -5.373922e-02  -5.620087e-02  -5.871797e-02  -6.118601e-02  -6.347391e-02  -6.549590e-02  -6.714647e-02  -6.840091e-02  -6.935901e-02  -7.016743e-02  -7.107475e-02  -7.228294e-02  -7.399793e-02  -7.646035e-02  -7.998090e-02  -8.501130e-02  -9.217428e-02  -1.023404e-01  -1.166988e-01  -1.368324e-01  -1.647898e-01  -2.030848e-01  -2.544026e-01  -3.212953e-01  -4.049377e-01  -5.034526e-01  -6.100080e-01  -7.120551e-01  -7.942526e-01  -8.460985e-01  -8.693566e-01
   35  -3.750670e-02  -3.755217e-02  -3.756578e-02  -3.760773e-02  -3.764704e-02  -3.771509e-02  -3.778764e-02  -3.791123e-02  -3.806737e-02  -3.831265e-02  -3.864074e-02  -3.908257e-02  -3.971888e-02  -4.053489e-02  -4.153419e-02  -4.286145e-02  -4.440065e-02  -4.613837e-02  -4.813451e-02  -5.028922e-02  -5.259581e-02  -5.500214e-02  -5.746286e-02  -5.987578e-02  -6.211270e-02  -6.408958e-02  -6.570306e-02  -6.692868e-02  -6.786373e-02  -6.865129e-02  -6.953410e-02  -7.070914e-02  -7.237703e-02  -7.477198e-02  -7.819630e-02  -8.308973e-02  -9.005868e-02  -9.995151e-02  -1.139279e-01  -1.335339e-01  -1.607743e-01  -1.981176e-01  -2.482158e-01  -3.136224e-01  -3.955911e-01  -4.924450e-01  -5.976814e-01  -6.991210e-01  -7.815795e-01  -8.342557e-01  -8.582919e-01
   36  -3.673767e-02  -3.678209e-02  -3.679539e-02  -3.683637e-02  -3.687477e-02  -3.694126e-02  -3.701214e-02  -3.713289e-02  -3.728543e-02  -3.752507e-02  -3.784561e-02  -3.827728e-02  -3.889896e-02  -3.969623e-02  -4.067260e-02  -4.196945e-02  -4.347344e-02  -4.517151e-02  -4.712223e-02  -4.922804e-02  -5.148246e-02  -5.383455e-02  -5.623997e-02  -5.859882e-02  -6.078570e-02  -6.271831e-02  -6.429540e-02  -6.549281e-02  -6.640540e-02  -6.717276e-02  -6.803192e-02  -6.917503e-02  -7.079754e-02  -7.312748e-02  -7.645906e-02  -8.122043e-02  -8.800221e-02  -9.763118e-02  -1.112384e-01  -1.303338e-01  -1.568786e-01  -1.932952e-01  -2.422002e-01  -3.061411e-01  -3.864373e-01  -4.815917e-01  -5.854121e-01  -6.860778e-01  -7.685914e-01  -8.219204e-01  -8.466376e-01
   37  -3.599115e-02  -3.603455e-02  -3.604754e-02  -3.608758e-02  -3.612510e-02  -3.619006e-02  -3.625931e-02  -3.637727e-02  -3.652630e-02  -3.676043e-02  -3.707359e-02  -3.749534e-02  -3.810273e-02  -3.888168e-02  -3.983563e-02  -4.110275e-02  -4.257231e-02  -4.423160e-02  -4.613787e-02  -4.819582e-02  -5.039917e-02  -5.269812e-02  -5.504936e-02  -5.735520e-02  -5.949301e-02  -6.138222e-02  -6.292365e-02  -6.409347e-02  -6.498418e-02  -6.573198e-02  -6.656833e-02  -6.768067e-02  -6.925946e-02  -7.152675e-02  -7.476895e-02  -7.940299e-02  -8.600421e-02  -9.537845e-02  -1.086289e-01  -1.272301e-01  -1.531003e-01  -1.886147e-01  -2.363529e-01  -2.988495e-01  -3.774779e-01  -4.709008e-01  -5.732157e-01  -6.729524e-01  -7.553225e-01  -8.091225e-01  -8.344172e-01
   38  -3.526693e-02  -3.530934e-02  -3.532203e-02  -3.536115e-02  -3.539780e-02  -3.546127e-02  -3.552892e-02  -3.564417e-02  -3.578977e-02  -3.601851e-02  -3.632448e-02  -3.673653e-02  -3.732996e-02  -3.809102e-02  -3.902308e-02  -4.026116e-02  -4.169708e-02  -4.331847e-02  -4.518128e-02  -4.719243e-02  -4.934580e-02  -5.159275e-02  -5.389093e-02  -5.614486e-02  -5.823460e-02  -6.008128e-02  -6.158780e-02  -6.273065e-02  -6.360004e-02  -6.432891e-02  -6.514324e-02  -6.622593e-02  -6.776261e-02  -6.996951e-02  -7.312554e-02  -7.763680e-02  -8.406383e-02  -9.319214e-02  -1.060979e-01  -1.242207e-01  -1.493458e-01  -1.840734e-01  -2.306709e-01  -2.917455e-01  -3.687127e-01  -4.603780e-01  -5.611061e-01  -6.597673e-01  -7.418048e-01  -7.958967e-01  -8.216580e-01
   39  -3.456472e-02  -3.460615e-02  -3.461855e-02  -3.465677e-02  -3.469258e-02  -3.475459e-02  -3.482069e-02  -3.493329e-02  -3.507555e-02  -3.529904e-02  -3.559797e-02  -3.600056e-02  -3.658037e-02  -3.732397e-02  -3.823467e-02  -3.944438e-02  -4.084747e-02  -4.243183e-02  -4.425218e-02  -4.621760e-02  -4.832211e-02  -5.051820e-02  -5.276447e-02  -5.496759e-02  -5.701027e-02  -5.881531e-02  -6.028766e-02  -6.140416e-02  -6.225281e-02  -6.296334e-02  -6.375644e-02  -6.481055e-02  -6.630662e-02  -6.845533e-02  -7.152828e-02  -7.592110e-02  -8.218004e-02  -9.107090e-02  -1.036434e-01  -1.213032e-01  -1.457954e-01  -1.796679e-01  -2.251499e-01  -2.848263e-01  -3.601410e-01  -4.500277e-01  -5.490977e-01  -6.465484e-01  -7.280682e-01  -7.822751e-01  -8.083906e-01
   40  -3.388416e-02  -3.392464e-02  -3.393675e-02  -3.397410e-02  -3.400909e-02  -3.406967e-02  -3.413426e-02  -3.424427e-02  -3.438327e-02  -3.460163e-02  -3.489371e-02  -3.528707e-02  -3.585359e-02  -3.658016e-02  -3.747002e-02  -3.865207e-02  -4.002309e-02  -4.157132e-02  -4.335022e-02  -4.527097e-02  -4.732774e-02  -4.947411e-02  -5.166964e-02  -5.382305e-02  -5.581969e-02  -5.758399e-02  -5.902293e-02  -6.011371e-02  -6.094217e-02  -6.163493e-02  -6.240753e-02  -6.343409e-02  -6.489103e-02  -6.698362e-02  -6.997644e-02  -7.425502e-02  -8.035172e-02  -8.901322e-02  -1.012636e-01  -1.184752e-01  -1.423539e-01  -1.753933e-01  -2.197868e-01  -2.780875e-01  -3.517619e-01  -4.398532e-01  -5.372000e-01  -6.333148e-01  -7.141442e-01  -7.682935e-01  -7.946476e-01
   41  -3.322483e-02  -3.326438e-02  -3.327622e-02  -3.331271e-02  -3.334690e-02  -3.340610e-02  -3.346920e-02  -3.357670e-02  -3.371252e-02  -3.392588e-02  -3.421128e-02  -3.459564e-02  -3.514921e-02  -3.585918e-02  -3.672870e-02  -3.788377e-02  -3.922353e-02  -4.073650e-02  -4.247495e-02  -4.435209e-02  -4.636224e-02  -4.846006e-02  -5.060598e-02  -5.271082e-02  -5.466244e-02  -5.638691e-02  -5.779318e-02  -5.885884e-02  -5.966766e-02  -6.034323e-02  -6.109604e-02  -6.209603e-02  -6.351522e-02  -6.555368e-02  -6.846921e-02  -7.263752e-02  -7.857759e-02  -8.701752e-02  -9.895642e-02  -1.157341e-01  -1.390175e-01  -1.712473e-01  -2.145766e-01  -2.715260e-01  -3.435728e-01  -4.298568e-01  -5.254232e-01  -6.200875e-01  -7.000635e-01  -7.539875e-01  -7.804649e-01
   42  -3.258626e-02  -3.262491e-02  -3.263648e-02  -3.267214e-02  -3.270555e-02  -3.276339e-02  -3.282506e-02  -3.293011e-02  -3.306283e-02  -3.327132e-02  -3.355021e-02  -3.392581e-02  -3.446675e-02  -3.516053e-02  -3.601024e-02  -3.713901e-02  -3.844829e-02  -3.992687e-02  -4.162586e-02  -4.346045e-02  -4.542511e-02  -4.747551e-02  -4.957299e-02  -5.163036e-02  -5.353798e-02  -5.522352e-02  -5.659789e-02  -5.763904e-02  -5.842874e-02  -5.908765e-02  -5.982135e-02  -6.079571e-02  -6.217850e-02  -6.416473e-02  -6.700566e-02  -7.106753e-02  -7.685633e-02  -8.508214e-02  -9.671975e-02  -1.130771e-01  -1.357827e-01  -1.672251e-01  -2.095158e-01  -2.651369e-01  -3.355718e-01  -4.200390e-01  -5.137755e-01  -6.068845e-01  -6.858539e-01  -7.393930e-01  -7.658790e-01
   43  -3.196797e-02  -3.200574e-02  -3.201704e-02  -3.205189e-02  -3.208454e-02  -3.214107e-02  -3.220133e-02  -3.230399e-02  -3.243369e-02  -3.263745e-02  -3.290999e-02  -3.327705e-02  -3.380570e-02  -3.448371e-02  -3.531412e-02  -3.641725e-02  -3.769682e-02  -3.914189e-02  -4.080240e-02  -4.259549e-02  -4.451575e-02  -4.651987e-02  -4.857007e-02  -5.058109e-02  -5.244573e-02  -5.409323e-02  -5.543643e-02  -5.645368e-02  -5.722478e-02  -5.786755e-02  -5.858279e-02  -5.953241e-02  -6.088006e-02  -6.281588e-02  -6.558479e-02  -6.954388e-02  -7.518652e-02  -8.320534e-02  -9.455143e-02  -1.105016e-01  -1.326465e-01  -1.633224e-01  -2.045987e-01  -2.589158e-01  -3.277545e-01  -4.104013e-01  -5.022654e-01  -5.937225e-01  -6.715450e-01  -7.245456e-01  -7.509315e-01
   44  -3.136942e-02  -3.140633e-02  -3.141738e-02  -3.145144e-02  -3.148335e-02  -3.153860e-02  -3.159750e-02  -3.169783e-02  -3.182459e-02  -3.202372e-02  -3.229009e-02  -3.264883e-02  -3.316550e-02  -3.382815e-02  -3.463976e-02  -3.571793e-02  -3.696856e-02  -3.838095e-02  -4.000396e-02  -4.175658e-02  -4.363355e-02  -4.559252e-02  -4.759656e-02  -4.956233e-02  -5.138500e-02  -5.299537e-02  -5.430814e-02  -5.530207e-02  -5.605507e-02  -5.668220e-02  -5.737961e-02  -5.830534e-02  -5.961907e-02  -6.150621e-02  -6.420556e-02  -6.806534e-02  -7.356672e-02  -8.138537e-02  -9.244931e-02  -1.080049e-01  -1.296060e-01  -1.595361e-01  -1.998210e-01  -2.528592e-01  -3.201188e-01  -4.009431e-01  -4.908979e-01  -5.806184e-01  -6.571619e-01  -7.094827e-01  -7.356595e-01
   45  -3.079007e-02  -3.082615e-02  -3.083695e-02  -3.087023e-02  -3.090142e-02  -3.095543e-02  -3.101299e-02  -3.111106e-02  -3.123496e-02  -3.142960e-02  -3.168995e-02  -3.204059e-02  -3.254560e-02  -3.319330e-02  -3.398660e-02  -3.504045e-02  -3.626288e-02  -3.764345e-02  -3.922990e-02  -4.094308e-02  -4.277783e-02  -4.469277e-02  -4.665179e-02  -4.857339e-02  -5.035510e-02  -5.192920e-02  -5.321227e-02  -5.418346e-02  -5.491886e-02  -5.553083e-02  -5.621099e-02  -5.711365e-02  -5.839461e-02  -6.023473e-02  -6.286687e-02  -6.663066e-02  -7.199546e-02  -7.962044e-02  -9.041118e-02  -1.055843e-01  -1.266575e-01  -1.558609e-01  -1.951789e-01  -2.469615e-01  -3.126607e-01  -3.916646e-01  -4.796786e-01  -5.675868e-01  -6.427316e-01  -6.942398e-01  -7.201079e-01
   46  -3.022935e-02  -3.026462e-02  -3.027518e-02  -3.030772e-02  -3.033820e-02  -3.039099e-02  -3.044727e-02  -3.054313e-02  -3.066424e-02  -3.085450e-02  -3.110900e-02  -3.145176e-02  -3.194542e-02  -3.257856e-02  -3.335402e-02  -3.438419e-02  -3.557916e-02  -3.692873e-02  -3.847958e-02  -4.015432e-02  -4.194792e-02  -4.381992e-02  -4.573501e-02  -4.761352e-02  -4.935525e-02  -5.089396e-02  -5.214805e-02  -5.309708e-02  -5.381535e-02  -5.441262e-02  -5.507610e-02  -5.595646e-02  -5.720576e-02  -5.900043e-02  -6.156759e-02  -6.523857e-02  -7.047125e-02  -7.790878e-02  -8.843490e-02  -1.032372e-01  -1.237968e-01  -1.522941e-01  -1.906675e-01  -2.412181e-01  -3.053761e-01  -3.825638e-01  -4.686125e-01  -5.546414e-01  -6.282800e-01  -6.788524e-01  -7.043167e-01
   47  -2.968670e-02  -2.972118e-02  -2.973150e-02  -2.976331e-02  -2.979312e-02  -2.984472e-02  -2.989974e-02  -2.999345e-02  -3.011185e-02  -3.029786e-02  -3.054666e-02  -3.088174e-02  -3.136435e-02  -3.198332e-02  -3.274143e-02  -3.374854e-02  -3.491677e-02  -3.623615e-02  -3.775230e-02  -3.938959e-02  -4.114308e-02  -4.297322e-02  -4.484548e-02  -4.668196e-02  -4.838468e-02  -4.988885e-02  -5.111467e-02  -5.204209e-02  -5.274370e-02  -5.332671e-02  -5.397405e-02  -5.483285e-02  -5.605154e-02  -5.780225e-02  -6.030658e-02  -6.388777e-02  -6.899258e-02  -7.624861e-02  -8.651831e-02  -1.009608e-01  -1.210220e-01  -1.488315e-01  -1.862820e-01  -2.356245e-01  -2.982619e-01  -3.736397e-01  -4.577044e-01  -5.417946e-01  -6.138305e-01  -6.633554e-01  -6.883284e-01
   48  -2.916155e-02  -2.919526e-02  -2.920534e-02  -2.923645e-02  -2.926559e-02  -2.931604e-02  -2.936983e-02  -2.946146e-02  -2.957722e-02  -2.975908e-02  -3.000234e-02  -3.032995e-02  -3.080180e-02  -3.140697e-02  -3.214819e-02  -3.313286e-02  -3.427506e-02  -3.556503e-02  -3.704740e-02  -3.864819e-02  -4.036260e-02  -4.215194e-02  -4.398244e-02  -4.577793e-02  -4.744259e-02  -4.891307e-02  -5.011130e-02  -5.101765e-02  -5.170305e-02  -5.227224e-02  -5.290395e-02  -5.374189e-02  -5.493097e-02  -5.663916e-02  -5.908268e-02  -6.257697e-02  -6.755799e-02  -7.463820e-02  -8.465932e-02  -9.875271e-02  -1.183299e-01  -1.454690e-01  -1.820193e-01  -2.301767e-01  -2.913129e-01  -3.648904e-01  -4.469561e-01  -5.290589e-01  -5.994059e-01  -6.477826e-01  -6.721847e-01
   49  -2.865331e-02  -2.868627e-02  -2.869613e-02  -2.872655e-02  -2.875504e-02  -2.880438e-02  -2.885697e-02  -2.894657e-02  -2.905976e-02  -2.923758e-02  -2.947545e-02  -2.979580e-02  -3.025718e-02  -3.084892e-02  -3.157369e-02  -3.253652e-02  -3.365337e-02  -3.491471e-02  -3.636417e-02  -3.792942e-02  -3.960574e-02  -4.135531e-02  -4.314510e-02  -4.490062e-02  -4.652816e-02  -4.796577e-02  -4.913709e-02  -5.002291e-02  -5.069253e-02  -5.124830e-02  -5.186488e-02  -5.268264e-02  -5.384306e-02  -5.551010e-02  -5.789475e-02  -6.130490e-02  -6.616600e-02  -7.307582e-02  -8.285587e-02  -9.661035e-02  -1.157168e-01  -1.422034e-01  -1.778732e-01  -2.248691e-01  -2.845270e-01  -3.563154e-01  -4.363720e-01  -5.164452e-01  -5.850287e-01  -6.321689e-01  -6.559283e-01
   50  -2.816141e-02  -2.819365e-02  -2.820330e-02  -2.823304e-02  -2.826090e-02  -2.830915e-02  -2.836058e-02  -2.844820e-02  -2.855889e-02  -2.873279e-02  -2.896541e-02  -2.927868e-02  -2.972988e-02  -3.030856e-02  -3.101732e-02  -3.195888e-02  -3.305106e-02  -3.428453e-02  -3.570194e-02  -3.723256e-02  -3.887178e-02  -4.058259e-02  -4.233269e-02  -4.404923e-02  -4.564057e-02  -4.704612e-02  -4.819120e-02  -4.905700e-02  -4.971126e-02  -5.025401e-02  -5.085592e-02  -5.165415e-02  -5.278682e-02  -5.441400e-02  -5.674165e-02  -6.007027e-02  -6.481516e-02  -7.155978e-02  -8.110594e-02  -9.453131e-02  -1.131797e-01  -1.390306e-01  -1.738412e-01  -2.196983e-01  -2.778985e-01  -3.479117e-01  -4.259543e-01  -5.039636e-01  -5.707197e-01  -6.165445e-01  -6.395981e-01
   51  -2.768531e-02  -2.771683e-02  -2.772627e-02  -2.775536e-02  -2.778261e-02  -2.782980e-02  -2.788010e-02  -2.796579e-02  -2.807406e-02  -2.824414e-02  -2.847164e-02  -2.877803e-02  -2.921931e-02  -2.978528e-02  -3.047846e-02  -3.139932e-02  -3.246748e-02  -3.367380e-02  -3.506001e-02  -3.655690e-02  -3.815997e-02  -3.983301e-02  -4.154443e-02  -4.322297e-02  -4.477901e-02  -4.615328e-02  -4.727276e-02  -4.811906e-02  -4.875837e-02  -4.928847e-02  -4.987617e-02  -5.065546e-02  -5.176126e-02  -5.334983e-02  -5.562223e-02  -5.887185e-02  -6.350407e-02  -7.008845e-02  -7.940761e-02  -9.251324e-02  -1.107162e-01  -1.359480e-01  -1.699190e-01  -2.146601e-01  -2.714246e-01  -3.396773e-01  -4.157041e-01  -4.916234e-01  -5.564981e-01  -6.009420e-01  -6.232358e-01
   52  -2.722443e-02  -2.725527e-02  -2.726450e-02  -2.729295e-02  -2.731961e-02  -2.736576e-02  -2.741497e-02  -2.749879e-02  -2.760468e-02  -2.777104e-02  -2.799357e-02  -2.829327e-02  -2.872490e-02  -2.927849e-02  -2.995651e-02  -3.085722e-02  -3.190200e-02  -3.308189e-02  -3.443770e-02  -3.590175e-02  -3.746960e-02  -3.910583e-02  -4.077955e-02  -4.242104e-02  -4.394265e-02  -4.528642e-02  -4.638094e-02  -4.720822e-02  -4.783297e-02  -4.835079e-02  -4.892471e-02  -4.968566e-02  -5.076540e-02  -5.231655e-02  -5.453540e-02  -5.770839e-02  -6.223133e-02  -6.866022e-02  -7.775896e-02  -9.055389e-02  -1.083239e-01  -1.329514e-01  -1.661026e-01  -2.097498e-01  -2.651007e-01  -3.316106e-01  -4.056249e-01  -4.794341e-01  -5.423837e-01  -5.853897e-01  -6.068780e-01
   53  -2.677824e-02  -2.680840e-02  -2.681743e-02  -2.684527e-02  -2.687134e-02  -2.691650e-02  -2.696463e-02  -2.704663e-02  -2.715022e-02  -2.731297e-02  -2.753066e-02  -2.782383e-02  -2.824608e-02  -2.878762e-02  -2.945088e-02  -3.033198e-02  -3.135398e-02  -3.250815e-02  -3.383436e-02  -3.526641e-02  -3.679994e-02  -3.840031e-02  -4.003728e-02  -4.164265e-02  -4.313068e-02  -4.444471e-02  -4.551489e-02  -4.632362e-02  -4.693421e-02  -4.744009e-02  -4.800065e-02  -4.874380e-02  -4.979828e-02  -5.131313e-02  -5.348004e-02  -5.657872e-02  -6.099561e-02  -6.727355e-02  -7.615819e-02  -8.865105e-02  -1.060640e-01  -1.300383e-01  -1.623884e-01  -2.049639e-01  -2.589241e-01  -3.237083e-01  -3.957172e-01  -4.674031e-01  -5.283929e-01  -5.699163e-01  -5.905626e-01
   54  -2.634620e-02  -2.637571e-02  -2.638454e-02  -2.641178e-02  -2.643729e-02  -2.648147e-02  -2.652856e-02  -2.660878e-02  -2.671013e-02  -2.686936e-02  -2.708234e-02  -2.736917e-02  -2.778227e-02  -2.831209e-02  -2.896099e-02  -2.982299e-02  -3.082283e-02  -3.195194e-02  -3.324933e-02  -3.465021e-02  -3.615031e-02  -3.771573e-02  -3.931687e-02  -4.088702e-02  -4.234232e-02  -4.362734e-02  -4.467378e-02  -4.546444e-02  -4.606123e-02  -4.655550e-02  -4.710308e-02  -4.782897e-02  -4.885895e-02  -5.033860e-02  -5.245510e-02  -5.548165e-02  -5.979560e-02  -6.592694e-02  -7.460353e-02  -8.680265e-02  -1.038036e-01  -1.272058e-01  -1.587729e-01  -2.002984e-01  -2.528910e-01  -3.159701e-01  -3.859819e-01  -4.555378e-01  -5.145430e-01  -5.545490e-01  -5.743253e-01
   55  -2.592779e-02  -2.595667e-02  -2.596531e-02  -2.599196e-02  -2.601692e-02  -2.606015e-02  -2.610623e-02  -2.618472e-02  -2.628389e-02  -2.643969e-02  -2.664809e-02  -2.692874e-02  -2.733295e-02  -2.785135e-02  -2.848627e-02  -2.932968e-02  -3.030794e-02  -3.141264e-02  -3.268196e-02  -3.405248e-02  -3.552001e-02  -3.705136e-02  -3.861759e-02  -4.015341e-02  -4.157678e-02  -4.283351e-02  -4.385679e-02  -4.462983e-02  -4.521317e-02  -4.569617e-02  -4.623115e-02  -4.694029e-02  -4.794649e-02  -4.939196e-02  -5.145954e-02  -5.441606e-02  -5.863002e-02  -6.461893e-02  -7.309329e-02  -8.500665e-02  -1.016065e-01  -1.244503e-01  -1.552526e-01  -1.957492e-01  -2.469973e-01  -3.083920e-01  -3.764210e-01  -4.438458e-01  -5.008490e-01  -5.393125e-01  -5.581977e-01
   56  -2.552251e-02  -2.555077e-02  -2.555923e-02  -2.558530e-02  -2.560973e-02  -2.565204e-02  -2.569713e-02  -2.577394e-02  -2.587099e-02  -2.602345e-02  -2.622738e-02  -2.650203e-02  -2.689758e-02  -2.740487e-02  -2.802616e-02  -2.885147e-02  -2.980872e-02  -3.088966e-02  -3.213163e-02  -3.347257e-02  -3.490836e-02  -3.640653e-02  -3.793871e-02  -3.944106e-02  -4.083330e-02  -4.206243e-02  -4.306312e-02  -4.381898e-02  -4.438923e-02  -4.486126e-02  -4.538400e-02  -4.607688e-02  -4.705999e-02  -4.847227e-02  -5.049234e-02  -5.338083e-02  -5.749766e-02  -6.334814e-02  -7.162584e-02  -8.326112e-02  -9.947016e-02  -1.217697e-01  -1.518246e-01  -1.913133e-01  -2.412402e-01  -3.009725e-01  -3.670342e-01  -4.323321e-01  -4.873256e-01  -5.242308e-01  -5.422113e-01
   57  -2.512987e-02  -2.515753e-02  -2.516580e-02  -2.519132e-02  -2.521523e-02  -2.525663e-02  -2.530077e-02  -2.537594e-02  -2.547093e-02  -2.562014e-02  -2.581972e-02  -2.608852e-02  -2.647563e-02  -2.697211e-02  -2.758014e-02  -2.838783e-02  -2.932461e-02  -3.038240e-02  -3.159774e-02  -3.290986e-02  -3.431472e-02  -3.578053e-02  -3.727954e-02  -3.874924e-02  -4.011113e-02  -4.131334e-02  -4.229200e-02  -4.303110e-02  -4.358860e-02  -4.404995e-02  -4.456081e-02  -4.523789e-02  -4.619857e-02  -4.757861e-02  -4.955252e-02  -5.237491e-02  -5.639732e-02  -6.211321e-02  -7.019961e-02  -8.156421e-02  -9.739251e-02  -1.191608e-01  -1.484853e-01  -1.869873e-01  -2.356159e-01  -2.937092e-01  -3.578229e-01  -4.210034e-01  -4.739857e-01  -5.093255e-01  -5.263963e-01
   58  -2.474939e-02  -2.477646e-02  -2.478456e-02  -2.480954e-02  -2.483295e-02  -2.487347e-02  -2.491666e-02  -2.499025e-02  -2.508322e-02  -2.522927e-02  -2.542462e-02  -2.568772e-02  -2.606662e-02  -2.655256e-02  -2.714769e-02  -2.793821e-02  -2.885505e-02  -2.989030e-02  -3.107969e-02  -3.236373e-02  -3.373845e-02  -3.517272e-02  -3.663938e-02  -3.807726e-02  -3.940953e-02  -4.058549e-02  -4.154266e-02  -4.226542e-02  -4.281049e-02  -4.326145e-02  -4.376075e-02  -4.442248e-02  -4.536137e-02  -4.671008e-02  -4.863913e-02  -5.139726e-02  -5.532787e-02  -6.091285e-02  -6.881309e-02  -7.991414e-02  -9.537141e-02  -1.166217e-01  -1.452324e-01  -1.827675e-01  -2.301214e-01  -2.866001e-01  -3.487862e-01  -4.098642e-01  -4.608412e-01  -4.946168e-01  -5.107782e-01
   59  -2.438061e-02  -2.440711e-02  -2.441504e-02  -2.443950e-02  -2.446241e-02  -2.450208e-02  -2.454436e-02  -2.461640e-02  -2.470740e-02  -2.485037e-02  -2.504161e-02  -2.529915e-02  -2.567006e-02  -2.614574e-02  -2.672829e-02  -2.750209e-02  -2.839952e-02  -2.941281e-02  -3.057690e-02  -3.183358e-02  -3.317893e-02  -3.458246e-02  -3.601758e-02  -3.742442e-02  -3.872781e-02  -3.987815e-02  -4.081436e-02  -4.152118e-02  -4.205414e-02  -4.249499e-02  -4.298305e-02  -4.362986e-02  -4.454756e-02  -4.586582e-02  -4.775124e-02  -5.044689e-02  -5.428820e-02  -5.974582e-02  -6.746486e-02  -7.830920e-02  -9.340480e-02  -1.141493e-01  -1.420626e-01  -1.786513e-01  -2.247543e-01  -2.796428e-01  -3.399253e-01  -3.989194e-01  -4.479044e-01  -4.801227e-01  -4.953826e-01
   60  -2.402309e-02  -2.404904e-02  -2.405680e-02  -2.408074e-02  -2.410317e-02  -2.414201e-02  -2.418341e-02  -2.425393e-02  -2.434303e-02  -2.448300e-02  -2.467022e-02  -2.492236e-02  -2.528548e-02  -2.575117e-02  -2.632147e-02  -2.707898e-02  -2.795750e-02  -2.894938e-02  -3.008884e-02  -3.131885e-02  -3.263556e-02  -3.400912e-02  -3.541348e-02  -3.679005e-02  -3.806527e-02  -3.919062e-02  -4.010638e-02  -4.079766e-02  -4.131880e-02  -4.174981e-02  -4.222693e-02  -4.285923e-02  -4.375634e-02  -4.504497e-02  -4.688796e-02  -4.952282e-02  -5.327726e-02  -5.861091e-02  -6.615352e-02  -7.674779e-02  -9.149076e-02  -1.117418e-01  -1.389735e-01  -1.746353e-01  -2.195108e-01  -2.728356e-01  -3.312399e-01  -3.881726e-01  -4.351836e-01  -4.658617e-01  -4.802308e-01
   61  -2.367640e-02  -2.370181e-02  -2.370941e-02  -2.373285e-02  -2.375481e-02  -2.379284e-02  -2.383337e-02  -2.390242e-02  -2.398966e-02  -2.412671e-02  -2.431003e-02  -2.455690e-02  -2.491243e-02  -2.536838e-02  -2.592675e-02  -2.666840e-02  -2.752848e-02  -2.849951e-02  -2.961495e-02  -3.081896e-02  -3.210777e-02  -3.345210e-02  -3.482647e-02  -3.617352e-02  -3.742124e-02  -3.852222e-02  -3.941802e-02  -4.009414e-02  -4.060377e-02  -4.102519e-02  -4.149167e-02  -4.210985e-02  -4.298691e-02  -4.424673e-02  -4.604844e-02  -4.862415e-02  -5.229403e-02  -5.750698e-02  -6.487776e-02  -7.522833e-02  -8.962744e-02  -1.093964e-01  -1.359624e-01  -1.707170e-01  -2.143882e-01  -2.661758e-01  -3.227294e-01  -3.776276e-01  -4.226884e-01  -4.518475e-01  -4.653430e-01
   62  -2.334013e-02  -2.336500e-02  -2.337245e-02  -2.339540e-02  -2.341691e-02  -2.345415e-02  -2.349384e-02  -2.356146e-02  -2.364689e-02  -2.378109e-02  -2.396059e-02  -2.420233e-02  -2.455048e-02  -2.499694e-02  -2.554368e-02  -2.626987e-02  -2.711198e-02  -2.806269e-02  -2.915473e-02  -3.033340e-02  -3.159498e-02  -3.291082e-02  -3.425593e-02  -3.557418e-02  -3.679509e-02  -3.787229e-02  -3.874861e-02  -3.940993e-02  -3.990833e-02  -4.032042e-02  -4.077654e-02  -4.138099e-02  -4.223854e-02  -4.347031e-02  -4.523184e-02  -4.774997e-02  -5.133752e-02  -5.643293e-02  -6.363585e-02  -7.374935e-02  -8.781307e-02  -1.071123e-01  -1.330264e-01  -1.668935e-01  -2.093840e-01  -2.596612e-01  -3.143939e-01  -3.672871e-01  -4.104271e-01  -4.380936e-01  -4.507375e-01
   63  -2.301387e-02  -2.303824e-02  -2.304553e-02  -2.306801e-02  -2.308907e-02  -2.312554e-02  -2.316441e-02  -2.323063e-02  -2.331429e-02  -2.344572e-02  -2.362152e-02  -2.385826e-02  -2.419920e-02  -2.463642e-02  -2.517183e-02  -2.588294e-02  -2.670755e-02  -2.763844e-02  -2.870766e-02  -2.986163e-02  -3.109667e-02  -3.238471e-02  -3.370130e-02  -3.499145e-02  -3.618620e-02  -3.724017e-02  -3.809750e-02  -3.874438e-02  -3.923183e-02  -3.963481e-02  -4.008085e-02  -4.067192e-02  -4.151050e-02  -4.271496e-02  -4.443737e-02  -4.689943e-02  -5.040679e-02  -5.538771e-02  -6.242751e-02  -7.230942e-02  -8.604596e-02  -1.048856e-01  -1.301636e-01  -1.631619e-01  -2.044952e-01  -2.532903e-01  -3.062323e-01  -3.571538e-01  -3.984071e-01  -4.246124e-01  -4.364292e-01
   64  -2.269725e-02  -2.272112e-02  -2.272826e-02  -2.275027e-02  -2.277090e-02  -2.280662e-02  -2.284470e-02  -2.290955e-02  -2.299150e-02  -2.312022e-02  -2.329240e-02  -2.352427e-02  -2.385819e-02  -2.428640e-02  -2.481076e-02  -2.550719e-02  -2.631473e-02  -2.722631e-02  -2.827328e-02  -2.940315e-02  -3.061231e-02  -3.187324e-02  -3.316199e-02  -3.442473e-02  -3.559394e-02  -3.662527e-02  -3.746405e-02  -3.809684e-02  -3.857360e-02  -3.896772e-02  -3.940394e-02  -3.998198e-02  -4.080207e-02  -4.197994e-02  -4.366425e-02  -4.607170e-02  -4.950095e-02  -5.437030e-02  -6.125110e-02  -7.090719e-02  -8.432450e-02  -1.027159e-01  -1.273722e-01  -1.595200e-01  -1.997199e-01  -2.470595e-01  -2.982447e-01  -3.472293e-01  -3.866339e-01  -4.114140e-01  -4.224314e-01
   65  -2.238990e-02  -2.241328e-02  -2.242027e-02  -2.244184e-02  -2.246205e-02  -2.249703e-02  -2.253433e-02  -2.259786e-02  -2.267812e-02  -2.280421e-02  -2.297287e-02  -2.319998e-02  -2.352706e-02  -2.394649e-02  -2.446008e-02  -2.514219e-02  -2.593309e-02  -2.682583e-02  -2.785111e-02  -2.895748e-02  -3.014140e-02  -3.137588e-02  -3.263747e-02  -3.387346e-02  -3.501776e-02  -3.602697e-02  -3.684765e-02  -3.746669e-02  -3.793303e-02  -3.831850e-02  -3.874515e-02  -3.931051e-02  -4.011259e-02  -4.126455e-02  -4.291175e-02  -4.526599e-02  -4.861912e-02  -5.337972e-02  -6.010552e-02  -6.954135e-02  -8.264715e-02  -1.006007e-01  -1.246492e-01  -1.559649e-01  -1.950546e-01  -2.409689e-01  -2.904291e-01  -3.375166e-01  -3.751117e-01  -3.985072e-01  -4.087556e-01
   66  -2.209146e-02  -2.211436e-02  -2.212122e-02  -2.214234e-02  -2.216214e-02  -2.219641e-02  -2.223295e-02  -2.229519e-02  -2.237382e-02  -2.249734e-02  -2.266255e-02  -2.288504e-02  -2.320544e-02  -2.361631e-02  -2.411940e-02  -2.478754e-02  -2.556222e-02  -2.643660e-02  -2.744071e-02  -2.852416e-02  -2.968345e-02  -3.089213e-02  -3.212722e-02  -3.333710e-02  -3.445708e-02  -3.544471e-02  -3.624771e-02  -3.685333e-02  -3.730950e-02  -3.768654e-02  -3.810386e-02  -3.865687e-02  -3.944140e-02  -4.056812e-02  -4.217915e-02  -4.448153e-02  -4.776047e-02  -5.241506e-02  -5.898971e-02  -6.821068e-02  -8.101245e-02  -9.853866e-02  -1.219926e-01  -1.524952e-01  -1.904980e-01  -2.350147e-01  -2.827854e-01  -3.280150e-01  -3.638465e-01  -3.858997e-01  -3.954107e-01
   67  -2.180160e-02  -2.182404e-02  -2.183075e-02  -2.185145e-02  -2.187084e-02  -2.190442e-02  -2.194022e-02  -2.200119e-02  -2.207823e-02  -2.219924e-02  -2.236111e-02  -2.257908e-02  -2.289297e-02  -2.329549e-02  -2.378835e-02  -2.444287e-02  -2.520172e-02  -2.605818e-02  -2.704165e-02  -2.810275e-02  -2.923800e-02  -3.042150e-02  -3.163073e-02  -3.281513e-02  -3.391137e-02  -3.487793e-02  -3.566367e-02  -3.625619e-02  -3.670244e-02  -3.707126e-02  -3.747949e-02  -3.802044e-02  -3.878787e-02  -3.989000e-02  -4.146577e-02  -4.371760e-02  -4.692421e-02  -5.147543e-02  -5.790264e-02  -6.691398e-02  -7.941898e-02  -9.652775e-02  -1.193987e-01  -1.491081e-01  -1.860465e-01  -2.291957e-01  -2.753127e-01  -3.187265e-01  -3.528407e-01  -3.735960e-01  -3.824045e-01
   68  -2.151998e-02  -2.154197e-02  -2.154855e-02  -2.156883e-02  -2.158783e-02  -2.162073e-02  -2.165580e-02  -2.171555e-02  -2.179103e-02  -2.190960e-02  -2.206820e-02  -2.228176e-02  -2.258931e-02  -2.298369e-02  -2.346655e-02  -2.410779e-02  -2.485121e-02  -2.569019e-02  -2.665352e-02  -2.769280e-02  -2.880460e-02  -2.996353e-02  -3.114752e-02  -3.230704e-02  -3.338010e-02  -3.432609e-02  -3.509499e-02  -3.567471e-02  -3.611127e-02  -3.647207e-02  -3.687144e-02  -3.740065e-02  -3.815141e-02  -3.922955e-02  -4.077095e-02  -4.297349e-02  -4.610956e-02  -5.055996e-02  -5.684335e-02  -6.565012e-02  -7.786542e-02  -9.456617e-02  -1.168700e-01  -1.458012e-01  -1.816989e-01  -2.235090e-01  -2.680088e-01  -3.096511e-01  -3.420966e-01  -3.616022e-01  -3.697416e-01
   69  -2.124630e-02  -2.126785e-02  -2.127429e-02  -2.129417e-02  -2.131279e-02  -2.134503e-02  -2.137940e-02  -2.143794e-02  -2.151190e-02  -2.162809e-02  -2.178350e-02  -2.199277e-02  -2.229413e-02  -2.268055e-02  -2.315368e-02  -2.378196e-02  -2.451031e-02  -2.533224e-02  -2.627592e-02  -2.729390e-02  -2.838282e-02  -2.951777e-02  -3.067711e-02  -3.181236e-02  -3.286279e-02  -3.378868e-02  -3.454113e-02  -3.510836e-02  -3.553547e-02  -3.588844e-02  -3.627916e-02  -3.679692e-02  -3.753143e-02  -3.858618e-02  -4.009406e-02  -4.224853e-02  -4.531580e-02  -4.966784e-02  -5.581089e-02  -6.441801e-02  -7.635047e-02  -9.265266e-02  -1.144023e-01  -1.425728e-01  -1.774522e-01  -2.179536e-01  -2.608733e-01  -3.007884e-01  -3.316165e-01  -3.499211e-01  -3.574270e-01
   70  -2.098026e-02  -2.100137e-02  -2.100769e-02  -2.102716e-02  -2.104541e-02  -2.107701e-02  -2.111069e-02  -2.116806e-02  -2.124054e-02  -2.135441e-02  -2.150670e-02  -2.171178e-02  -2.200710e-02  -2.238577e-02  -2.284939e-02  -2.346502e-02  -2.417868e-02  -2.498397e-02  -2.590847e-02  -2.690567e-02  -2.797225e-02  -2.908378e-02  -3.021907e-02  -3.133060e-02  -3.235893e-02  -3.326521e-02  -3.400159e-02  -3.455662e-02  -3.497450e-02  -3.531983e-02  -3.570212e-02  -3.620872e-02  -3.692736e-02  -3.795931e-02  -3.943449e-02  -4.154207e-02  -4.454222e-02  -4.879830e-02  -5.480440e-02  -6.321663e-02  -7.487290e-02  -9.077505e-02  -1.119939e-01  -1.394203e-01  -1.733049e-01  -2.125269e-01  -2.539038e-01  -2.921385e-01  -3.214014e-01  -3.385545e-01  -3.454625e-01
   71  -2.072156e-02  -2.074225e-02  -2.074844e-02  -2.076753e-02  -2.078542e-02  -2.081638e-02  -2.084939e-02  -2.090562e-02  -2.097666e-02  -2.108825e-02  -2.123751e-02  -2.143850e-02  -2.172793e-02  -2.209903e-02  -2.255338e-02  -2.315667e-02  -2.385598e-02  -2.464502e-02  -2.555081e-02  -2.652772e-02  -2.757249e-02  -2.866116e-02  -2.977296e-02  -3.086133e-02  -3.186808e-02  -3.275519e-02  -3.347588e-02  -3.401901e-02  -3.442786e-02  -3.476575e-02  -3.513981e-02  -3.563551e-02  -3.633869e-02  -3.734838e-02  -3.879166e-02  -4.085348e-02  -4.378815e-02  -4.795057e-02  -5.382300e-02  -6.204497e-02  -7.343156e-02  -8.895389e-02  -1.096431e-01  -1.363430e-01  -1.692543e-01  -2.072264e-01  -2.470991e-01  -2.837004e-01  -3.114514e-01  -3.275035e-01  -3.338487e-01
   72  -2.046993e-02  -2.049021e-02  -2.049628e-02  -2.051499e-02  -2.053252e-02  -2.056287e-02  -2.059523e-02  -2.065034e-02  -2.071997e-02  -2.082935e-02  -2.097565e-02  -2.117264e-02  -2.145631e-02  -2.182004e-02  -2.226532e-02  -2.285657e-02  -2.354188e-02  -2.431506e-02  -2.520257e-02  -2.615968e-02  -2.718315e-02  -2.824950e-02  -2.933836e-02  -3.040412e-02  -3.138979e-02  -3.225818e-02  -3.296354e-02  -3.349503e-02  -3.389508e-02  -3.422569e-02  -3.459173e-02  -3.507679e-02  -3.576488e-02  -3.675286e-02  -3.816501e-02  -4.018219e-02  -4.305293e-02  -4.712394e-02  -5.286588e-02  -6.090208e-02  -7.202530e-02  -8.717661e-02  -1.073486e-01  -1.333380e-01  -1.652990e-01  -2.020509e-01  -2.404577e-01  -2.754736e-01  -3.017660e-01  -3.167680e-01  -3.225849e-01
   73  -2.022511e-02  -2.024499e-02  -2.025094e-02  -2.026928e-02  -2.028647e-02  -2.031622e-02  -2.034793e-02  -2.040196e-02  -2.047021e-02  -2.057743e-02  -2.072083e-02  -2.091393e-02  -2.119199e-02  -2.154850e-02  -2.198495e-02  -2.256443e-02  -2.323607e-02  -2.399377e-02  -2.486344e-02  -2.580120e-02  -2.680388e-02  -2.784843e-02  -2.891488e-02  -2.995855e-02  -3.092363e-02  -3.177374e-02  -3.246412e-02  -3.298424e-02  -3.337570e-02  -3.369920e-02  -3.405740e-02  -3.453209e-02  -3.520545e-02  -3.617223e-02  -3.755400e-02  -3.952760e-02  -4.233595e-02  -4.631772e-02  -5.193226e-02  -5.978707e-02  -7.065305e-02  -8.544194e-02  -1.051082e-01  -1.304039e-01  -1.614366e-01  -1.969980e-01  -2.339775e-01  -2.674559e-01  -2.923445e-01  -3.063473e-01  -3.116698e-01
   74  -1.998684e-02  -2.000633e-02  -2.001216e-02  -2.003014e-02  -2.004699e-02  -2.007616e-02  -2.010725e-02  -2.016021e-02  -2.022712e-02  -2.033223e-02  -2.047281e-02  -2.066210e-02  -2.093467e-02  -2.128415e-02  -2.171196e-02  -2.227996e-02  -2.293825e-02  -2.368083e-02  -2.453307e-02  -2.545195e-02  -2.643431e-02  -2.745757e-02  -2.850213e-02  -2.952422e-02  -3.046918e-02  -3.130143e-02  -3.197718e-02  -3.248619e-02  -3.286925e-02  -3.318582e-02  -3.353637e-02  -3.400093e-02  -3.465991e-02  -3.560601e-02  -3.695812e-02  -3.888917e-02  -4.163661e-02  -4.553125e-02  -5.102139e-02  -5.869905e-02  -6.931379e-02  -8.374864e-02  -1.029210e-01  -1.275388e-01  -1.576652e-01  -1.920655e-01  -2.276565e-01  -2.596465e-01  -2.831854e-01  -2.962394e-01  -3.011011e-01
   75  -1.975489e-02  -1.977399e-02  -1.977971e-02  -1.979734e-02  -1.981385e-02  -1.984245e-02  -1.987293e-02  -1.992486e-02  -1.999045e-02  -2.009350e-02  -2.023132e-02  -2.041689e-02  -2.068411e-02  -2.102671e-02  -2.144610e-02  -2.200288e-02  -2.264813e-02  -2.337595e-02  -2.421117e-02  -2.511159e-02  -2.607412e-02  -2.707657e-02  -2.809975e-02  -2.910076e-02  -3.002606e-02  -3.084085e-02  -3.150231e-02  -3.200047e-02  -3.237532e-02  -3.268512e-02  -3.302820e-02  -3.348287e-02  -3.412782e-02  -3.505371e-02  -3.637686e-02  -3.826638e-02  -4.095434e-02  -4.476390e-02  -5.013255e-02  -5.763719e-02  -6.800653e-02  -8.209553e-02  -1.007854e-01  -1.247414e-01  -1.539830e-01  -1.872515e-01  -2.214931e-01  -2.520423e-01  -2.742868e-01  -2.864407e-01  -2.908741e-01
   76  -1.952901e-02  -1.954774e-02  -1.955335e-02  -1.957063e-02  -1.958682e-02  -1.961486e-02  -1.964475e-02  -1.969566e-02  -1.975997e-02  -1.986100e-02  -1.999613e-02  -2.017808e-02  -2.044006e-02  -2.077595e-02  -2.118710e-02  -2.173293e-02  -2.236545e-02  -2.307884e-02  -2.389743e-02  -2.477983e-02  -2.572297e-02  -2.670509e-02  -2.770738e-02  -2.868779e-02  -2.959389e-02  -3.039162e-02  -3.103911e-02  -3.152666e-02  -3.189350e-02  -3.219668e-02  -3.253246e-02  -3.297748e-02  -3.360872e-02  -3.451489e-02  -3.580977e-02  -3.765871e-02  -4.028859e-02  -4.401506e-02  -4.926505e-02  -5.660069e-02  -6.673030e-02  -8.048146e-02  -9.870213e-02  -1.220095e-01  -1.503878e-01  -1.825538e-01  -2.154845e-01  -2.446423e-01  -2.656457e-01  -2.769490e-01  -2.809850e-01
   77  -1.930898e-02  -1.932735e-02  -1.933285e-02  -1.934979e-02  -1.936567e-02  -1.939316e-02  -1.942247e-02  -1.947239e-02  -1.953545e-02  -1.963452e-02  -1.976701e-02  -1.994541e-02  -2.020229e-02  -2.053162e-02  -2.093472e-02  -2.146985e-02  -2.208993e-02  -2.278922e-02  -2.359157e-02  -2.445636e-02  -2.538055e-02  -2.634282e-02  -2.732469e-02  -2.828497e-02  -2.917229e-02  -2.995335e-02  -3.058719e-02  -3.106438e-02  -3.142339e-02  -3.172010e-02  -3.204876e-02  -3.248435e-02  -3.310220e-02  -3.398911e-02  -3.525637e-02  -3.706569e-02  -3.963883e-02  -4.328414e-02  -4.841823e-02  -5.558879e-02  -6.548422e-02  -7.890534e-02  -9.666568e-02  -1.193421e-01  -1.468780e-01  -1.779706e-01  -2.096294e-01  -2.374435e-01  -2.572598e-01  -2.677596e-01  -2.714280e-01
   78  -1.909459e-02  -1.911261e-02  -1.911800e-02  -1.913462e-02  -1.915019e-02  -1.917715e-02  -1.920588e-02  -1.925484e-02  -1.931668e-02  -1.941382e-02  -1.954374e-02  -1.971868e-02  -1.997056e-02  -2.029348e-02  -2.068873e-02  -2.121340e-02  -2.182132e-02  -2.250684e-02  -2.329331e-02  -2.414089e-02  -2.504658e-02  -2.598943e-02  -2.695135e-02  -2.789195e-02  -2.876093e-02  -2.952570e-02  -3.014619e-02  -3.061325e-02  -3.096460e-02  -3.125500e-02  -3.157670e-02  -3.200308e-02  -3.260786e-02  -3.347595e-02  -3.471623e-02  -3.648685e-02  -3.900457e-02  -4.257060e-02  -4.759145e-02  -5.460074e-02  -6.426739e-02  -7.736614e-02  -9.467669e-02  -1.167370e-01  -1.434521e-01  -1.735001e-01  -2.039243e-01  -2.304429e-01  -2.491250e-01  -2.588685e-01  -2.621971e-01
   79  -1.888565e-02  -1.890331e-02  -1.890860e-02  -1.892489e-02  -1.894016e-02  -1.896660e-02  -1.899478e-02  -1.904279e-02  -1.910344e-02  -1.919870e-02  -1.932611e-02  -1.949766e-02  -1.974467e-02  -2.006133e-02  -2.044889e-02  -2.096334e-02  -2.155938e-02  -2.223145e-02  -2.300240e-02  -2.383316e-02  -2.472075e-02  -2.564463e-02  -2.658704e-02  -2.750842e-02  -2.835946e-02  -2.910830e-02  -2.971574e-02  -3.017291e-02  -3.051678e-02  -3.080101e-02  -3.111591e-02  -3.153329e-02  -3.212530e-02  -3.297500e-02  -3.418893e-02  -3.592174e-02  -3.838531e-02  -4.187388e-02  -4.678412e-02  -5.363583e-02  -6.307899e-02  -7.586282e-02  -9.273468e-02  -1.141933e-01  -1.401080e-01  -1.691397e-01  -1.983681e-01  -2.236388e-01  -2.412382e-01  -2.502703e-01  -2.532859e-01
   80  -1.868194e-02  -1.869926e-02  -1.870444e-02  -1.872043e-02  -1.873540e-02  -1.876133e-02  -1.878897e-02  -1.883605e-02  -1.889553e-02  -1.898896e-02  -1.911392e-02  -1.928216e-02  -1.952439e-02  -1.983493e-02  -2.021499e-02  -2.071945e-02  -2.130387e-02  -2.196279e-02  -2.271857e-02  -2.353289e-02  -2.440280e-02  -2.530813e-02  -2.623148e-02  -2.713405e-02  -2.796756e-02  -2.870083e-02  -2.929552e-02  -2.974301e-02  -3.007957e-02  -3.035777e-02  -3.066603e-02  -3.107462e-02  -3.165414e-02  -3.248589e-02  -3.367406e-02  -3.536993e-02  -3.778060e-02  -4.119348e-02  -4.599563e-02  -5.269340e-02  -6.191821e-02  -7.439443e-02  -9.083725e-02  -1.117095e-01  -1.368444e-01  -1.648875e-01  -1.929578e-01  -2.170271e-01  -2.335952e-01  -2.419588e-01  -2.446871e-01
   81  -1.848328e-02  -1.850027e-02  -1.850535e-02  -1.852103e-02  -1.853572e-02  -1.856115e-02  -1.858826e-02  -1.863444e-02  -1.869278e-02  -1.878441e-02  -1.890697e-02  -1.907197e-02  -1.930955e-02  -1.961410e-02  -1.998682e-02  -2.048152e-02  -2.105459e-02  -2.170064e-02  -2.244160e-02  -2.323984e-02  -2.409246e-02  -2.497966e-02  -2.588437e-02  -2.676855e-02  -2.758492e-02  -2.830297e-02  -2.888519e-02  -2.932322e-02  -2.965264e-02  -2.992494e-02  -3.022671e-02  -3.062671e-02  -3.119403e-02  -3.200823e-02  -3.317124e-02  -3.483100e-02  -3.718998e-02  -4.052890e-02  -4.522543e-02  -5.177278e-02  -6.078426e-02  -7.296001e-02  -8.898436e-02  -1.092840e-01  -1.336590e-01  -1.607418e-01  -1.876910e-01  -2.106054e-01  -2.261914e-01  -2.339287e-01  -2.363939e-01
   82  -1.828949e-02  -1.830616e-02  -1.831115e-02  -1.832652e-02  -1.834093e-02  -1.836588e-02  -1.839247e-02  -1.843776e-02  -1.849498e-02  -1.858486e-02  -1.870507e-02  -1.886691e-02  -1.909993e-02  -1.939863e-02  -1.976418e-02  -2.024933e-02  -2.081130e-02  -2.144478e-02  -2.217124e-02  -2.295376e-02  -2.378947e-02  -2.465895e-02  -2.554543e-02  -2.641164e-02  -2.721125e-02  -2.791441e-02  -2.848445e-02  -2.891323e-02  -2.923565e-02  -2.950220e-02  -2.979762e-02  -3.018922e-02  -3.074463e-02  -3.154167e-02  -3.268008e-02  -3.430457e-02  -3.661302e-02  -3.987967e-02  -4.447299e-02  -5.087335e-02  -5.967640e-02  -7.155867e-02  -8.717450e-02  -1.069158e-01  -1.305502e-01  -1.567003e-01  -1.825650e-01  -2.043699e-01  -2.190231e-01  -2.261735e-01  -2.283974e-01
   83  -1.810040e-02  -1.811675e-02  -1.812165e-02  -1.813673e-02  -1.815086e-02  -1.817533e-02  -1.820142e-02  -1.824585e-02  -1.830197e-02  -1.839014e-02  -1.850805e-02  -1.866680e-02  -1.889536e-02  -1.918835e-02  -1.954687e-02  -2.002269e-02  -2.057381e-02  -2.119499e-02  -2.190727e-02  -2.267443e-02  -2.349361e-02  -2.434574e-02  -2.521439e-02  -2.606303e-02  -2.684625e-02  -2.753486e-02  -2.809298e-02  -2.851271e-02  -2.882831e-02  -2.908923e-02  -2.937845e-02  -2.976184e-02  -3.030559e-02  -3.108587e-02  -3.220024e-02  -3.379025e-02  -3.604932e-02  -3.924533e-02  -4.373778e-02  -4.999451e-02  -5.859392e-02  -7.018954e-02  -8.540622e-02  -1.046031e-01  -1.275170e-01  -1.527613e-01  -1.775774e-01  -1.983173e-01  -2.120841e-01  -2.186870e-01  -2.206908e-01
   84  -1.791585e-02  -1.793189e-02  -1.793669e-02  -1.795149e-02  -1.796535e-02  -1.798935e-02  -1.801494e-02  -1.805853e-02  -1.811359e-02  -1.820008e-02  -1.831574e-02  -1.847147e-02  -1.869567e-02  -1.898306e-02  -1.933472e-02  -1.980141e-02  -2.034191e-02  -2.095107e-02  -2.164949e-02  -2.240161e-02  -2.320462e-02  -2.403980e-02  -2.489102e-02  -2.572247e-02  -2.648965e-02  -2.716403e-02  -2.771049e-02  -2.812139e-02  -2.843030e-02  -2.868572e-02  -2.896888e-02  -2.934425e-02  -2.987661e-02  -3.064049e-02  -3.173137e-02  -3.328767e-02  -3.549847e-02  -3.862544e-02  -4.301931e-02  -4.913567e-02  -5.753612e-02  -6.885177e-02  -8.367937e-02  -1.023452e-01  -1.245574e-01  -1.489222e-01  -1.727260e-01  -1.924444e-01  -2.053703e-01  -2.114619e-01  -2.132650e-01
   85  -1.773567e-02  -1.775141e-02  -1.775611e-02  -1.777063e-02  -1.778423e-02  -1.780778e-02  -1.783288e-02  -1.787564e-02  -1.792966e-02  -1.801451e-02  -1.812798e-02  -1.828075e-02  -1.850069e-02  -1.878260e-02  -1.912755e-02  -1.958531e-02  -2.011543e-02  -2.071282e-02  -2.139768e-02  -2.213509e-02  -2.292229e-02  -2.374088e-02  -2.457505e-02  -2.538968e-02  -2.614120e-02  -2.680165e-02  -2.733671e-02  -2.773896e-02  -2.804135e-02  -2.829138e-02  -2.856861e-02  -2.893614e-02  -2.945737e-02  -3.020523e-02  -3.127314e-02  -3.279648e-02  -3.496010e-02  -3.801958e-02  -4.231709e-02  -4.829628e-02  -5.650234e-02  -6.754455e-02  -8.199202e-02  -1.001402e-01  -1.216703e-01  -1.451820e-01  -1.680078e-01  -1.867473e-01  -1.988771e-01  -2.044914e-01  -2.061124e-01
   86  -1.755971e-02  -1.757515e-02  -1.757977e-02  -1.759401e-02  -1.760736e-02  -1.763046e-02  -1.765509e-02  -1.769704e-02  -1.775004e-02  -1.783328e-02  -1.794460e-02  -1.809447e-02  -1.831024e-02  -1.858681e-02  -1.892519e-02  -1.937421e-02  -1.989417e-02  -2.048006e-02  -2.115164e-02  -2.187468e-02  -2.264640e-02  -2.344877e-02  -2.426626e-02  -2.506444e-02  -2.580062e-02  -2.644746e-02  -2.697137e-02  -2.736517e-02  -2.766117e-02  -2.790594e-02  -2.817738e-02  -2.853723e-02  -2.904757e-02  -2.977977e-02  -3.082522e-02  -3.231634e-02  -3.443384e-02  -3.742734e-02  -4.163066e-02  -4.747579e-02  -5.549192e-02  -6.626709e-02  -8.034339e-02  -9.798739e-02  -1.188528e-01  -1.415374e-01  -1.634198e-01  -1.812222e-01  -1.925976e-01  -1.977693e-01  -1.992244e-01
   87  -1.738784e-02  -1.740298e-02  -1.740752e-02  -1.742149e-02  -1.743458e-02  -1.745725e-02  -1.748142e-02  -1.752258e-02  -1.757457e-02  -1.765624e-02  -1.776546e-02  -1.791250e-02  -1.812419e-02  -1.839552e-02  -1.872748e-02  -1.916795e-02  -1.967797e-02  -2.025260e-02  -2.091120e-02  -2.162016e-02  -2.237675e-02  -2.316324e-02  -2.396441e-02  -2.474651e-02  -2.546769e-02  -2.610121e-02  -2.661422e-02  -2.699974e-02  -2.728950e-02  -2.752912e-02  -2.779489e-02  -2.814725e-02  -2.864694e-02  -2.936382e-02  -3.038731e-02  -3.184694e-02  -3.391933e-02  -3.684833e-02  -4.095958e-02  -4.667370e-02  -5.450425e-02  -6.501864e-02  -7.873338e-02  -9.588492e-02  -1.161047e-01  -1.379878e-01  -1.589596e-01  -1.758654e-01  -1.865284e-01  -1.912879e-01  -1.925925e-01
   88  -1.721990e-02  -1.723476e-02  -1.723921e-02  -1.725292e-02  -1.726576e-02  -1.728801e-02  -1.731172e-02  -1.735210e-02  -1.740312e-02  -1.748325e-02  -1.759042e-02  -1.773469e-02  -1.794238e-02  -1.820858e-02  -1.853425e-02  -1.896636e-02  -1.946665e-02  -2.003027e-02  -2.067617e-02  -2.137136e-02  -2.211313e-02  -2.288409e-02  -2.366930e-02  -2.443566e-02  -2.514216e-02  -2.576265e-02  -2.626499e-02  -2.664243e-02  -2.692608e-02  -2.716067e-02  -2.742090e-02  -2.776592e-02  -2.825521e-02  -2.895711e-02  -2.995912e-02  -3.138794e-02  -3.341624e-02  -3.628217e-02  -4.030343e-02  -4.588948e-02  -5.353873e-02  -6.379845e-02  -7.715970e-02  -9.383270e-02  -1.134243e-01  -1.345299e-01  -1.546252e-01  -1.706730e-01  -1.806626e-01  -1.850398e-01  -1.862085e-01
   89  -1.705576e-02  -1.707034e-02  -1.707471e-02  -1.708816e-02  -1.710077e-02  -1.712259e-02  -1.714586e-02  -1.718549e-02  -1.723555e-02  -1.731418e-02  -1.741933e-02  -1.756089e-02  -1.776467e-02  -1.802585e-02  -1.834537e-02  -1.876929e-02  -1.926007e-02  -1.981290e-02  -2.044637e-02  -2.112808e-02  -2.185536e-02  -2.261113e-02  -2.338071e-02  -2.413166e-02  -2.482381e-02  -2.543155e-02  -2.592346e-02  -2.629298e-02  -2.657066e-02  -2.680033e-02  -2.705514e-02  -2.739299e-02  -2.787210e-02  -2.855935e-02  -2.954036e-02  -3.093906e-02  -3.292423e-02  -3.572851e-02  -3.966178e-02  -4.512268e-02  -5.259478e-02  -6.260582e-02  -7.562267e-02  -9.182853e-02  -1.108096e-01  -1.311627e-01  -1.504127e-01  -1.656420e-01  -1.749955e-01  -1.790180e-01  -1.800640e-01
   90  -1.689530e-02  -1.690961e-02  -1.691389e-02  -1.692710e-02  -1.693947e-02  -1.696088e-02  -1.698371e-02  -1.702260e-02  -1.707172e-02  -1.714888e-02  -1.725206e-02  -1.739096e-02  -1.759092e-02  -1.784720e-02  -1.816069e-02  -1.857660e-02  -1.905806e-02  -1.960033e-02  -2.022164e-02  -2.089016e-02  -2.160326e-02  -2.234415e-02  -2.309844e-02  -2.383432e-02  -2.451242e-02  -2.510769e-02  -2.558939e-02  -2.595118e-02  -2.622301e-02  -2.644787e-02  -2.669738e-02  -2.702821e-02  -2.749736e-02  -2.817028e-02  -2.913076e-02  -3.050000e-02  -3.244300e-02  -3.518699e-02  -3.903424e-02  -4.437282e-02  -5.167184e-02  -6.144006e-02  -7.412093e-02  -8.987204e-02  -1.082598e-01  -1.278835e-01  -1.463202e-01  -1.607667e-01  -1.695214e-01  -1.732156e-01  -1.741508e-01
   91  -1.673839e-02  -1.675244e-02  -1.675664e-02  -1.676959e-02  -1.678173e-02  -1.680275e-02  -1.682515e-02  -1.686331e-02  -1.691152e-02  -1.698723e-02  -1.708849e-02  -1.722479e-02  -1.742101e-02  -1.767247e-02  -1.798007e-02  -1.838813e-02  -1.886047e-02  -1.939242e-02  -2.000182e-02  -2.065743e-02  -2.135664e-02  -2.208297e-02  -2.282230e-02  -2.354344e-02  -2.420778e-02  -2.479085e-02  -2.526257e-02  -2.561678e-02  -2.588290e-02  -2.610305e-02  -2.634737e-02  -2.667135e-02  -2.713075e-02  -2.778966e-02  -2.873005e-02  -3.007048e-02  -3.197225e-02  -3.465728e-02  -3.842043e-02  -4.363944e-02  -5.076937e-02  -6.030049e-02  -7.265340e-02  -8.796165e-02  -1.057730e-01  -1.246913e-01  -1.423445e-01  -1.560450e-01  -1.642350e-01  -1.676257e-01  -1.684606e-01
   92  -1.658492e-02  -1.659870e-02  -1.660282e-02  -1.661554e-02  -1.662745e-02  -1.664808e-02  -1.667006e-02  -1.670751e-02  -1.675482e-02  -1.682912e-02  -1.692849e-02  -1.706225e-02  -1.725480e-02  -1.750156e-02  -1.780338e-02  -1.820376e-02  -1.866718e-02  -1.918901e-02  -1.978674e-02  -2.042972e-02  -2.111534e-02  -2.182742e-02  -2.255211e-02  -2.325880e-02  -2.390970e-02  -2.448083e-02  -2.494278e-02  -2.528958e-02  -2.555011e-02  -2.576566e-02  -2.600491e-02  -2.632217e-02  -2.677205e-02  -2.741724e-02  -2.833798e-02  -2.965023e-02  -3.151167e-02  -3.413905e-02  -3.781998e-02  -4.292213e-02  -4.988685e-02  -5.918648e-02  -7.121965e-02  -8.609643e-02  -1.033481e-01  -1.215837e-01  -1.384834e-01  -1.514717e-01  -1.591308e-01  -1.622400e-01  -1.629853e-01
   93  -1.643476e-02  -1.644829e-02  -1.645234e-02  -1.646482e-02  -1.647651e-02  -1.649675e-02  -1.651833e-02  -1.655508e-02  -1.660151e-02  -1.667443e-02  -1.677195e-02  -1.690321e-02  -1.709217e-02  -1.733432e-02  -1.763050e-02  -1.802336e-02  -1.847803e-02  -1.898996e-02  -1.957628e-02  -2.020688e-02  -2.087919e-02  -2.157732e-02  -2.228768e-02  -2.298025e-02  -2.361797e-02  -2.417742e-02  -2.462981e-02  -2.496937e-02  -2.522443e-02  -2.543547e-02  -2.566976e-02  -2.598045e-02  -2.642101e-02  -2.705280e-02  -2.795431e-02  -2.923899e-02  -3.106099e-02  -3.363200e-02  -3.723253e-02  -4.222045e-02  -4.902376e-02  -5.809739e-02  -6.981865e-02  -8.427550e-02  -1.009831e-01  -1.185585e-01  -1.347339e-01  -1.470439e-01  -1.542031e-01  -1.570534e-01  -1.577178e-01
   94  -1.628782e-02  -1.630109e-02  -1.630507e-02  -1.631731e-02  -1.632879e-02  -1.634866e-02  -1.636983e-02  -1.640591e-02  -1.645147e-02  -1.652304e-02  -1.661875e-02  -1.674757e-02  -1.693302e-02  -1.717065e-02  -1.746129e-02  -1.784679e-02  -1.829290e-02  -1.879513e-02  -1.937027e-02  -1.998876e-02  -2.064804e-02  -2.133252e-02  -2.202884e-02  -2.270758e-02  -2.333242e-02  -2.388043e-02  -2.432347e-02  -2.465594e-02  -2.490565e-02  -2.511228e-02  -2.534172e-02  -2.564599e-02  -2.607742e-02  -2.669609e-02  -2.757880e-02  -2.883652e-02  -3.061993e-02  -3.313580e-02  -3.665774e-02  -4.153400e-02  -4.817962e-02  -5.703268e-02  -6.844992e-02  -8.249807e-02  -9.867739e-02  -1.156142e-01  -1.310930e-01  -1.427576e-01  -1.494466e-01  -1.520576e-01  -1.526498e-01
   95  -1.614398e-02  -1.615701e-02  -1.616091e-02  -1.617293e-02  -1.618420e-02  -1.620370e-02  -1.622448e-02  -1.625988e-02  -1.630461e-02  -1.637485e-02  -1.646878e-02  -1.659522e-02  -1.677722e-02  -1.701043e-02  -1.729565e-02  -1.767394e-02  -1.811166e-02  -1.860440e-02  -1.916859e-02  -1.977522e-02  -2.042174e-02  -2.109285e-02  -2.177544e-02  -2.244064e-02  -2.305286e-02  -2.358968e-02  -2.402357e-02  -2.434910e-02  -2.459358e-02  -2.479590e-02  -2.502058e-02  -2.531857e-02  -2.574108e-02  -2.634691e-02  -2.721122e-02  -2.844257e-02  -3.018824e-02  -3.265019e-02  -3.609527e-02  -4.086239e-02  -4.735396e-02  -5.599156e-02  -6.711221e-02  -8.076242e-02  -9.642939e-02  -1.127485e-01  -1.275586e-01  -1.386081e-01  -1.448560e-01  -1.472469e-01  -1.477737e-01
   96  -1.600315e-02  -1.601594e-02  -1.601977e-02  -1.603157e-02  -1.604262e-02  -1.606176e-02  -1.608216e-02  -1.611691e-02  -1.616081e-02  -1.622976e-02  -1.632195e-02  -1.644605e-02  -1.662467e-02  -1.685356e-02  -1.713347e-02  -1.750468e-02  -1.793420e-02  -1.841763e-02  -1.897111e-02  -1.956611e-02  -2.020015e-02  -2.085816e-02  -2.152730e-02  -2.217925e-02  -2.277913e-02  -2.330500e-02  -2.372992e-02  -2.404867e-02  -2.428802e-02  -2.448613e-02  -2.470616e-02  -2.499800e-02  -2.541178e-02  -2.600505e-02  -2.685136e-02  -2.805690e-02  -2.976565e-02  -3.217487e-02  -3.554480e-02  -4.020525e-02  -4.654631e-02  -5.497365e-02  -6.580515e-02  -7.906803e-02  -9.423768e-02  -1.099601e-01  -1.241282e-01  -1.345921e-01  -1.404255e-01  -1.426144e-01  -1.430830e-01
   97  -1.586523e-02  -1.587779e-02  -1.588154e-02  -1.589313e-02  -1.590398e-02  -1.592276e-02  -1.594279e-02  -1.597690e-02  -1.601998e-02  -1.608766e-02  -1.617815e-02  -1.629995e-02  -1.647527e-02  -1.669992e-02  -1.697462e-02  -1.733892e-02  -1.776039e-02  -1.823471e-02  -1.877769e-02  -1.936132e-02  -1.998312e-02  -2.062831e-02  -2.128428e-02  -2.192325e-02  -2.251104e-02  -2.302619e-02  -2.344235e-02  -2.375446e-02  -2.398880e-02  -2.418278e-02  -2.439827e-02  -2.468408e-02  -2.508932e-02  -2.567030e-02  -2.649901e-02  -2.767930e-02  -2.935194e-02  -3.170957e-02  -3.500602e-02  -3.956220e-02  -4.575623e-02  -5.397833e-02  -6.452795e-02  -7.741399e-02  -9.210087e-02  -1.072468e-01  -1.207981e-01  -1.307059e-01  -1.361510e-01  -1.381529e-01  -1.385696e-01
   98  -1.573013e-02  -1.574245e-02  -1.574614e-02  -1.575751e-02  -1.576816e-02  -1.578660e-02  -1.580626e-02  -1.583974e-02  -1.588203e-02  -1.594846e-02  -1.603729e-02  -1.615684e-02  -1.632892e-02  -1.654941e-02  -1.681902e-02  -1.717654e-02  -1.759013e-02  -1.805553e-02  -1.858822e-02  -1.916070e-02  -1.977052e-02  -2.040316e-02  -2.104623e-02  -2.167249e-02  -2.224846e-02  -2.275311e-02  -2.316069e-02  -2.346630e-02  -2.369574e-02  -2.388568e-02  -2.409672e-02  -2.437664e-02  -2.477352e-02  -2.534248e-02  -2.615395e-02  -2.730954e-02  -2.894685e-02  -3.125404e-02  -3.447863e-02  -3.893289e-02  -4.498329e-02  -5.300506e-02  -6.327994e-02  -7.579942e-02  -9.001809e-02  -1.046074e-01  -1.175668e-01  -1.269456e-01  -1.320264e-01  -1.338568e-01  -1.342273e-01
   99  -1.559776e-02  -1.560985e-02  -1.561347e-02  -1.562463e-02  -1.563509e-02  -1.565319e-02  -1.567249e-02  -1.570535e-02  -1.574687e-02  -1.581207e-02  -1.589926e-02  -1.601662e-02  -1.618553e-02  -1.640194e-02  -1.666656e-02  -1.701744e-02  -1.742330e-02  -1.787996e-02  -1.840257e-02  -1.896413e-02  -1.956222e-02  -2.018256e-02  -2.081300e-02  -2.142683e-02  -2.199121e-02  -2.248559e-02  -2.288478e-02  -2.318402e-02  -2.340867e-02  -2.359466e-02  -2.380134e-02  -2.407550e-02  -2.446420e-02  -2.502139e-02  -2.581600e-02  -2.694742e-02  -2.855017e-02  -3.080801e-02  -3.396234e-02  -3.831698e-02  -4.422706e-02  -5.205331e-02  -6.206052e-02  -7.422330e-02  -8.798754e-02  -1.020393e-01  -1.144310e-01  -1.233079e-01  -1.280472e-01  -1.297200e-01  -1.300491e-01
  100  -1.546802e-02  -1.547990e-02  -1.548345e-02  -1.549441e-02  -1.550467e-02  -1.552244e-02  -1.554138e-02  -1.557365e-02  -1.561440e-02  -1.567841e-02  -1.576400e-02  -1.587920e-02  -1.604500e-02  -1.625742e-02  -1.651714e-02  -1.686151e-02  -1.725981e-02  -1.770790e-02  -1.822064e-02  -1.877151e-02  -1.935810e-02  -1.996640e-02  -2.058447e-02  -2.118612e-02  -2.173915e-02  -2.222348e-02  -2.261445e-02  -2.290747e-02  -2.312743e-02  -2.330954e-02  -2.351196e-02  -2.378048e-02  -2.416118e-02  -2.470685e-02  -2.548496e-02  -2.659274e-02  -2.816168e-02  -3.037125e-02  -3.345687e-02  -3.771413e-02  -4.348714e-02  -5.112257e-02  -6.086846e-02  -7.268450e-02  -8.600845e-02  -9.954090e-02  -1.113884e-01  -1.197882e-01  -1.242080e-01  -1.257371e-01  -1.260283e-01
