# k loading Love number for a Heaviside load
# Computed by ISSM on 19-Mar-2026 11:30:39
#
#   n         k_n(t)
    1  -1.000000e+00  -1.000000e+00  -1.000000e+00  -1.000000e+00  -1.000000e+00  -1.000000e+00  -1.000000e+00  -1.000000e+00  -1.000000e+00  -1.000000e+00  -1.000000e+00  -1.000000e+00  -1.000000e+00  -1.000000e+00  -1.000000e+00  -1.000000e+00  -1.000000e+00  -1.000000e+00  -1.000000e+00  -1.000000e+00  -1.000000e+00  -1.000000e+00  -1.000000e+00  -1.000000e+00  -1.000000e+00  -1.000000e+00  -1.000000e+00  -1.000000e+00  -1.000000e+00  -1.000000e+00  -1.000000e+00  -1.000000e+00  -1.000000e+00  -1.000000e+00  -1.000000e+00  -1.000000e+00  -1.000000e+00  -1.000000e+00  -1.000000e+00  -1.000000e+00  -1.000000e+00  -1.000000e+00  -1.000000e+00  -1.000000e+00  -1.000000e+00  -1.000000e+00  -1.000000e+00  -1.000000e+00  -1.000000e+00  -1.000000e+00  -1.000000e+00
    2  -2.439832e-01  -2.441950e-01  -2.442583e-01  -2.444535e-01  -2.446364e-01  -2.449530e-01  -2.452901e-01  -2.458640e-01  -2.465881e-01  -2.477235e-01  -2.492386e-01  -2.512696e-01  -2.541807e-01  -2.578863e-01  -2.623683e-01  -2.682402e-01  -2.749124e-01  -2.822445e-01  -2.904265e-01  -2.989599e-01  -3.077621e-01  -3.165831e-01  -3.252494e-01  -3.333996e-01  -3.406429e-01  -3.468356e-01  -3.517985e-01  -3.556333e-01  -3.587975e-01  -3.618499e-01  -3.655725e-01  -3.706810e-01  -3.778441e-01  -3.879063e-01  -4.018783e-01  -4.210231e-01  -4.467190e-01  -4.802672e-01  -5.224193e-01  -5.725665e-01  -6.287531e-01  -6.872778e-01  -7.431098e-01  -7.939296e-01  -8.390497e-01  -8.772562e-01  -9.054080e-01  -9.213971e-01  -9.275416e-01  -9.290057e-01  -9.296310e-01
    3  -1.637989e-01  -1.639688e-01  -1.640197e-01  -1.641763e-01  -1.643231e-01  -1.645772e-01  -1.648480e-01  -1.653090e-01  -1.658910e-01  -1.668042e-01  -1.680240e-01  -1.696623e-01  -1.720148e-01  -1.750185e-01  -1.786699e-01  -1.834800e-01  -1.889910e-01  -1.951133e-01  -2.020250e-01  -2.093330e-01  -2.169827e-01  -2.247712e-01  -2.325443e-01  -2.399770e-01  -2.466991e-01  -2.525366e-01  -2.572789e-01  -2.609779e-01  -2.640301e-01  -2.669492e-01  -2.704861e-01  -2.753422e-01  -2.821754e-01  -2.918365e-01  -3.053712e-01  -3.241596e-01  -3.498059e-01  -3.841334e-01  -4.287350e-01  -4.842229e-01  -5.499126e-01  -6.225653e-01  -6.955356e-01  -7.625418e-01  -8.188879e-01  -8.625806e-01  -8.927248e-01  -9.095015e-01  -9.164040e-01  -9.190538e-01  -9.212981e-01
    4  -1.173858e-01  -1.175202e-01  -1.175604e-01  -1.176843e-01  -1.178005e-01  -1.180015e-01  -1.182158e-01  -1.185807e-01  -1.190415e-01  -1.197649e-01  -1.207318e-01  -1.220319e-01  -1.239011e-01  -1.262923e-01  -1.292084e-01  -1.330635e-01  -1.375035e-01  -1.424707e-01  -1.481203e-01  -1.541475e-01  -1.605178e-01  -1.670726e-01  -1.736848e-01  -1.800801e-01  -1.859349e-01  -1.910756e-01  -1.952934e-01  -1.986043e-01  -2.013346e-01  -2.039260e-01  -2.070475e-01  -2.113332e-01  -2.173797e-01  -2.259706e-01  -2.380882e-01  -2.550645e-01  -2.785739e-01  -3.106366e-01  -3.534150e-01  -4.087533e-01  -4.770941e-01  -5.573855e-01  -6.435164e-01  -7.270654e-01  -7.983106e-01  -8.507666e-01  -8.837621e-01  -9.011258e-01  -9.088165e-01  -9.127751e-01  -9.166548e-01
    5  -9.472965e-02  -9.484269e-02  -9.487653e-02  -9.498078e-02  -9.507848e-02  -9.524762e-02  -9.542790e-02  -9.573493e-02  -9.612275e-02  -9.673169e-02  -9.754581e-02  -9.864107e-02  -1.002167e-01  -1.022341e-01  -1.046979e-01  -1.079604e-01  -1.117270e-01  -1.159544e-01  -1.207793e-01  -1.259483e-01  -1.314366e-01  -1.371121e-01  -1.428669e-01  -1.484637e-01  -1.536178e-01  -1.581671e-01  -1.619168e-01  -1.648667e-01  -1.672943e-01  -1.695837e-01  -1.723291e-01  -1.760970e-01  -1.814202e-01  -1.890043e-01  -1.997423e-01  -2.148669e-01  -2.359730e-01  -2.650714e-01  -3.044918e-01  -3.565803e-01  -4.228177e-01  -5.036669e-01  -5.948013e-01  -6.883889e-01  -7.726720e-01  -8.366045e-01  -8.759981e-01  -8.955787e-01  -9.043388e-01  -9.095941e-01  -9.150286e-01
    6  -8.279901e-02  -8.289954e-02  -8.292963e-02  -8.302235e-02  -8.310924e-02  -8.325966e-02  -8.342000e-02  -8.369309e-02  -8.403806e-02  -8.457977e-02  -8.530408e-02  -8.627877e-02  -8.768129e-02  -8.947773e-02  -9.167318e-02  -9.458235e-02  -9.794469e-02  -1.017238e-01  -1.060438e-01  -1.106805e-01  -1.156137e-01  -1.207268e-01  -1.259233e-01  -1.309898e-01  -1.356675e-01  -1.398055e-01  -1.432214e-01  -1.459083e-01  -1.481125e-01  -1.501794e-01  -1.526486e-01  -1.560355e-01  -1.608237e-01  -1.676556e-01  -1.773483e-01  -1.910409e-01  -2.102286e-01  -2.368400e-01  -2.731989e-01  -3.218225e-01  -3.848944e-01  -4.632700e-01  -5.546925e-01  -6.525593e-01  -7.453152e-01  -8.196900e-01  -8.676396e-01  -8.917625e-01  -9.023642e-01  -9.088349e-01  -9.155958e-01
    7  -7.566199e-02  -7.575456e-02  -7.578227e-02  -7.586765e-02  -7.594767e-02  -7.608620e-02  -7.623386e-02  -7.648536e-02  -7.680307e-02  -7.730200e-02  -7.796915e-02  -7.886701e-02  -8.015915e-02  -8.181451e-02  -8.383816e-02  -8.652063e-02  -8.962254e-02  -9.311130e-02  -9.710243e-02  -1.013899e-01  -1.059562e-01  -1.106940e-01  -1.155144e-01  -1.202196e-01  -1.245688e-01  -1.284193e-01  -1.315985e-01  -1.340961e-01  -1.361377e-01  -1.380416e-01  -1.403084e-01  -1.434156e-01  -1.478098e-01  -1.540852e-01  -1.629993e-01  -1.756141e-01  -1.933360e-01  -2.180034e-01  -2.518812e-01  -2.975239e-01  -3.573586e-01  -4.328344e-01  -5.227544e-01  -6.218677e-01  -7.195955e-01  -8.020905e-01  -8.586219e-01  -8.887253e-01  -9.020992e-01  -9.097965e-01  -9.175602e-01
    8  -7.087697e-02  -7.096402e-02  -7.099007e-02  -7.107035e-02  -7.114559e-02  -7.127584e-02  -7.141468e-02  -7.165115e-02  -7.194989e-02  -7.241903e-02  -7.304638e-02  -7.389073e-02  -7.510593e-02  -7.666287e-02  -7.856652e-02  -8.109039e-02  -8.400970e-02  -8.729429e-02  -9.105335e-02  -9.509348e-02  -9.939849e-02  -1.038679e-01  -1.084177e-01  -1.128613e-01  -1.169708e-01  -1.206098e-01  -1.236134e-01  -1.259690e-01  -1.278873e-01  -1.296667e-01  -1.317783e-01  -1.346709e-01  -1.387623e-01  -1.446088e-01  -1.529206e-01  -1.646972e-01  -1.812700e-01  -2.043950e-01  -2.362680e-01  -2.794309e-01  -3.364342e-01  -4.091053e-01  -4.970115e-01  -5.960243e-01  -6.966772e-01  -7.853123e-01  -8.495528e-01  -8.860421e-01  -9.028253e-01  -9.118254e-01  -9.202661e-01
    9  -6.738226e-02  -6.746516e-02  -6.748998e-02  -6.756644e-02  -6.763811e-02  -6.776217e-02  -6.789441e-02  -6.811965e-02  -6.840420e-02  -6.885107e-02  -6.944864e-02  -7.025294e-02  -7.141055e-02  -7.289379e-02  -7.470751e-02  -7.711243e-02  -7.989460e-02  -8.302558e-02  -8.660971e-02  -9.046294e-02  -9.457007e-02  -9.883549e-02  -1.031791e-01  -1.074226e-01  -1.113478e-01  -1.148235e-01  -1.176906e-01  -1.199348e-01  -1.217556e-01  -1.234357e-01  -1.254233e-01  -1.281439e-01  -1.319924e-01  -1.374945e-01  -1.453215e-01  -1.564213e-01  -1.720621e-01  -1.939275e-01  -2.241461e-01  -2.652289e-01  -3.197930e-01  -3.899248e-01  -4.757665e-01  -5.741089e-01  -6.765409e-01  -7.699032e-01  -8.408435e-01  -8.835512e-01  -9.040231e-01  -9.143764e-01  -9.232219e-01
   10  -6.466714e-02  -6.474679e-02  -6.477063e-02  -6.484408e-02  -6.491293e-02  -6.503211e-02  -6.515915e-02  -6.537553e-02  -6.564889e-02  -6.607819e-02  -6.665228e-02  -6.742499e-02  -6.853717e-02  -6.996226e-02  -7.170498e-02  -7.401594e-02  -7.668974e-02  -7.969920e-02  -8.314481e-02  -8.684985e-02  -9.079988e-02  -9.490308e-02  -9.908236e-02  -1.031661e-01  -1.069439e-01  -1.102886e-01  -1.130455e-01  -1.151994e-01  -1.169404e-01  -1.185388e-01  -1.204237e-01  -1.230020e-01  -1.266492e-01  -1.318657e-01  -1.392900e-01  -1.498266e-01  -1.646894e-01  -1.854988e-01  -2.143213e-01  -2.536309e-01  -3.060806e-01  -3.739464e-01  -4.578183e-01  -5.552515e-01  -6.587866e-01  -7.558779e-01  -8.326049e-01  -8.811258e-01  -9.053229e-01  -9.170423e-01  -9.260762e-01
   11  -6.245724e-02  -6.253420e-02  -6.255724e-02  -6.262823e-02  -6.269476e-02  -6.280993e-02  -6.293271e-02  -6.314182e-02  -6.340599e-02  -6.382087e-02  -6.437568e-02  -6.512245e-02  -6.619732e-02  -6.757465e-02  -6.925907e-02  -7.149285e-02  -7.407759e-02  -7.698716e-02  -8.031886e-02  -8.390199e-02  -8.772271e-02  -9.169229e-02  -9.573614e-02  -9.968806e-02  -1.033441e-01  -1.065802e-01  -1.092457e-01  -1.113243e-01  -1.129983e-01  -1.145276e-01  -1.163254e-01  -1.187828e-01  -1.222591e-01  -1.272327e-01  -1.343143e-01  -1.443710e-01  -1.585693e-01  -1.784740e-01  -2.060947e-01  -2.438667e-01  -2.944618e-01  -3.602981e-01  -4.423290e-01  -5.387511e-01  -6.429565e-01  -7.430374e-01  -8.247655e-01  -8.786286e-01  -9.064597e-01  -9.195325e-01  -9.286078e-01
   12  -6.059003e-02  -6.066472e-02  -6.068708e-02  -6.075597e-02  -6.082054e-02  -6.093231e-02  -6.105146e-02  -6.125440e-02  -6.151078e-02  -6.191343e-02  -6.245188e-02  -6.317665e-02  -6.421987e-02  -6.555669e-02  -6.719164e-02  -6.935995e-02  -7.186913e-02  -7.469398e-02  -7.792907e-02  -8.140880e-02  -8.511983e-02  -8.897608e-02  -9.290506e-02  -9.674516e-02  -1.002978e-01  -1.034418e-01  -1.060295e-01  -1.080437e-01  -1.096602e-01  -1.111297e-01  -1.128522e-01  -1.152049e-01  -1.185329e-01  -1.232957e-01  -1.300798e-01  -1.397192e-01  -1.533389e-01  -1.724538e-01  -1.990214e-01  -2.354383e-01  -2.843834e-01  -3.483486e-01  -4.286954e-01  -5.240594e-01  -6.286246e-01  -7.311195e-01  -8.171778e-01  -8.759096e-01  -9.072363e-01  -9.216517e-01  -9.306842e-01
   13  -5.896198e-02  -5.903469e-02  -5.905646e-02  -5.912352e-02  -5.918637e-02  -5.929518e-02  -5.941117e-02  -5.960873e-02  -5.985830e-02  -6.025027e-02  -6.077445e-02  -6.148002e-02  -6.249563e-02  -6.379709e-02  -6.538889e-02  -6.750010e-02  -6.994340e-02  -7.269438e-02  -7.584526e-02  -7.923490e-02  -8.285042e-02  -8.660801e-02  -9.043703e-02  -9.417985e-02  -9.764260e-02  -1.007063e-01  -1.032263e-01  -1.051844e-01  -1.067505e-01  -1.081675e-01  -1.098235e-01  -1.120837e-01  -1.152808e-01  -1.198575e-01  -1.263786e-01  -1.356488e-01  -1.487558e-01  -1.671693e-01  -1.927987e-01  -2.280020e-01  -2.754576e-01  -3.377442e-01  -4.164702e-01  -5.107456e-01  -6.154301e-01  -7.198679e-01  -8.096807e-01  -8.728450e-01  -9.075143e-01  -9.232711e-01  -9.322273e-01
   14  -5.750393e-02  -5.757486e-02  -5.759610e-02  -5.766153e-02  -5.772284e-02  -5.782900e-02  -5.794216e-02  -5.813490e-02  -5.837839e-02  -5.876080e-02  -5.927220e-02  -5.996060e-02  -6.095150e-02  -6.222135e-02  -6.377454e-02  -6.583469e-02  -6.821910e-02  -7.090408e-02  -7.397976e-02  -7.728899e-02  -8.081929e-02  -8.448893e-02  -8.822888e-02  -9.188508e-02  -9.526780e-02  -9.826019e-02  -1.007199e-01  -1.026279e-01  -1.041491e-01  -1.055191e-01  -1.071155e-01  -1.092928e-01  -1.123724e-01  -1.167820e-01  -1.230669e-01  -1.320051e-01  -1.446505e-01  -1.624312e-01  -1.872114e-01  -2.213112e-01  -2.674021e-01  -3.281305e-01  -4.053127e-01  -4.984704e-01  -6.030725e-01  -7.090566e-01  -8.021214e-01  -8.693251e-01  -9.071936e-01  -9.243139e-01  -9.332055e-01
   15  -5.616826e-02  -5.623758e-02  -5.625832e-02  -5.632226e-02  -5.638217e-02  -5.648590e-02  -5.659647e-02  -5.678480e-02  -5.702272e-02  -5.739640e-02  -5.789612e-02  -5.856880e-02  -5.953711e-02  -6.077804e-02  -6.229596e-02  -6.430943e-02  -6.664003e-02  -6.926473e-02  -7.227176e-02  -7.550761e-02  -7.896021e-02  -8.254971e-02  -8.620855e-02  -8.978591e-02  -9.309586e-02  -9.602342e-02  -9.842836e-02  -1.002909e-01  -1.017712e-01  -1.030985e-01  -1.046406e-01  -1.067424e-01  -1.097151e-01  -1.139725e-01  -1.200421e-01  -1.286774e-01  -1.409010e-01  -1.581025e-01  -1.821029e-01  -2.151848e-01  -2.600074e-01  -3.192697e-01  -3.949631e-01  -4.869720e-01  -5.913147e-01  -6.984982e-01  -7.943783e-01  -8.652699e-01  -9.062125e-01  -9.247335e-01  -9.336021e-01
   16  -5.492172e-02  -5.498952e-02  -5.500982e-02  -5.507236e-02  -5.513096e-02  -5.523243e-02  -5.534058e-02  -5.552481e-02  -5.575754e-02  -5.612307e-02  -5.661190e-02  -5.726993e-02  -5.821718e-02  -5.943117e-02  -6.091620e-02  -6.288619e-02  -6.516667e-02  -6.773526e-02  -7.067839e-02  -7.384599e-02  -7.722634e-02  -8.074136e-02  -8.432488e-02  -8.782907e-02  -9.107154e-02  -9.393900e-02  -9.629324e-02  -9.811380e-02  -9.955631e-02  -1.008441e-01  -1.023363e-01  -1.043685e-01  -1.072425e-01  -1.113594e-01  -1.172301e-01  -1.255854e-01  -1.374186e-01  -1.540828e-01  -1.773579e-01  -2.094886e-01  -2.531175e-01  -3.109830e-01  -3.852255e-01  -4.760476e-01  -5.799700e-01  -6.880502e-01  -7.863577e-01  -8.606204e-01  -9.045283e-01  -9.244996e-01  -9.334150e-01
   17  -5.374090e-02  -5.380727e-02  -5.382713e-02  -5.388835e-02  -5.394572e-02  -5.404504e-02  -5.415091e-02  -5.433124e-02  -5.455906e-02  -5.491687e-02  -5.539539e-02  -5.603955e-02  -5.696686e-02  -5.815532e-02  -5.960922e-02  -6.153804e-02  -6.377109e-02  -6.628656e-02  -6.916924e-02  -7.227230e-02  -7.558435e-02  -7.902898e-02  -8.254133e-02  -8.597644e-02  -8.915521e-02  -9.196601e-02  -9.427251e-02  -9.605357e-02  -9.746071e-02  -9.871167e-02  -1.001572e-01  -1.021244e-01  -1.049064e-01  -1.088921e-01  -1.145770e-01  -1.226706e-01  -1.341383e-01  -1.502985e-01  -1.728912e-01  -2.041231e-01  -2.466161e-01  -3.031369e-01  -3.759515e-01  -4.655455e-01  -5.688997e-01  -6.776028e-01  -7.779917e-01  -8.553427e-01  -9.021164e-01  -9.235971e-01  -9.326424e-01
   18  -5.260935e-02  -5.267434e-02  -5.269379e-02  -5.275374e-02  -5.280992e-02  -5.290719e-02  -5.301087e-02  -5.318747e-02  -5.341057e-02  -5.376097e-02  -5.422959e-02  -5.486045e-02  -5.576862e-02  -5.693261e-02  -5.835665e-02  -6.024598e-02  -6.243352e-02  -6.489806e-02  -6.772278e-02  -7.076395e-02  -7.401052e-02  -7.738768e-02  -8.083184e-02  -8.420076e-02  -8.731854e-02  -9.007512e-02  -9.233600e-02  -9.407944e-02  -9.545303e-02  -9.666919e-02  -9.807073e-02  -9.997681e-02  -1.026720e-01  -1.065342e-01  -1.120438e-01  -1.198903e-01  -1.310127e-01  -1.466956e-01  -1.686404e-01  -1.990151e-01  -2.404176e-01  -2.956330e-01  -3.670335e-01  -4.553562e-01  -5.580041e-01  -6.670827e-01  -7.692401e-01  -8.494156e-01  -8.989634e-01  -9.220136e-01  -9.312812e-01
   19  -5.151561e-02  -5.157927e-02  -5.159833e-02  -5.165705e-02  -5.171208e-02  -5.180735e-02  -5.190890e-02  -5.208188e-02  -5.230041e-02  -5.264365e-02  -5.310268e-02  -5.372064e-02  -5.461027e-02  -5.575053e-02  -5.714563e-02  -5.899670e-02  -6.114014e-02  -6.355532e-02  -6.632387e-02  -6.930505e-02  -7.248816e-02  -7.579992e-02  -7.917798e-02  -8.248275e-02  -8.554142e-02  -8.824549e-02  -9.046228e-02  -9.216948e-02  -9.351092e-02  -9.469394e-02  -9.605372e-02  -9.790172e-02  -1.005146e-01  -1.042593e-01  -1.096025e-01  -1.172140e-01  -1.280074e-01  -1.432350e-01  -1.645600e-01  -1.941113e-01  -2.344597e-01  -2.883997e-01  -3.583931e-01  -4.453999e-01  -5.472156e-01  -6.564427e-01  -7.600782e-01  -8.428348e-01  -8.950633e-01  -9.197435e-01  -9.293269e-01
   20  -5.045183e-02  -5.051419e-02  -5.053285e-02  -5.059038e-02  -5.064428e-02  -5.073760e-02  -5.083708e-02  -5.100653e-02  -5.122060e-02  -5.155683e-02  -5.200650e-02  -5.261187e-02  -5.348340e-02  -5.460050e-02  -5.596734e-02  -5.778103e-02  -5.988141e-02  -6.224838e-02  -6.496204e-02  -6.788460e-02  -7.100568e-02  -7.425352e-02  -7.756693e-02  -8.080896e-02  -8.380983e-02  -8.646259e-02  -8.863635e-02  -9.030832e-02  -9.161872e-02  -9.276994e-02  -9.408982e-02  -9.588235e-02  -9.841654e-02  -1.020491e-01  -1.072331e-01  -1.146198e-01  -1.250980e-01  -1.398888e-01  -1.606175e-01  -1.893737e-01  -2.286979e-01  -2.813868e-01  -3.499760e-01  -4.356246e-01  -5.364908e-01  -6.456596e-01  -7.505051e-01  -8.356058e-01  -8.904173e-01  -9.167748e-01  -9.267689e-01
   21  -4.941276e-02  -4.947384e-02  -4.949212e-02  -4.954847e-02  -4.960127e-02  -4.969268e-02  -4.979013e-02  -4.995611e-02  -5.016579e-02  -5.049515e-02  -5.093563e-02  -5.152864e-02  -5.238240e-02  -5.347676e-02  -5.481585e-02  -5.659285e-02  -5.865093e-02  -6.097053e-02  -6.363025e-02  -6.649520e-02  -6.955528e-02  -7.274022e-02  -7.599002e-02  -7.917028e-02  -8.211426e-02  -8.471652e-02  -8.684801e-02  -8.848552e-02  -8.976575e-02  -9.088633e-02  -9.217583e-02  -9.390720e-02  -9.636592e-02  -9.989083e-02  -1.049219e-01  -1.120925e-01  -1.222676e-01  -1.366374e-01  -1.567902e-01  -1.847756e-01  -2.231013e-01  -2.745595e-01  -3.417463e-01  -4.259975e-01  -5.258063e-01  -6.347253e-01  -7.405288e-01  -8.277423e-01  -8.850303e-01  -9.131010e-01  -9.235960e-01
   22  -4.839504e-02  -4.845487e-02  -4.847277e-02  -4.852796e-02  -4.857967e-02  -4.866920e-02  -4.876464e-02  -4.892720e-02  -4.913258e-02  -4.945516e-02  -4.988659e-02  -5.046742e-02  -5.130367e-02  -5.237562e-02  -5.368737e-02  -5.542819e-02  -5.744457e-02  -5.971746e-02  -6.232397e-02  -6.513205e-02  -6.813190e-02  -7.125470e-02  -7.444162e-02  -7.756081e-02  -8.044850e-02  -8.300085e-02  -8.509062e-02  -8.669426e-02  -8.794506e-02  -8.903597e-02  -9.028839e-02  -9.196869e-02  -9.435477e-02  -9.777600e-02  -1.026599e-01  -1.096221e-01  -1.195047e-01  -1.334676e-01  -1.530626e-01  -1.802989e-01  -2.176492e-01  -2.678952e-01  -3.336809e-01  -4.164998e-01  -5.151535e-01  -6.236460e-01  -7.301677e-01  -8.192649e-01  -8.789111e-01  -9.087154e-01  -9.197903e-01
   23  -4.739667e-02  -4.745525e-02  -4.747279e-02  -4.752683e-02  -4.757747e-02  -4.766514e-02  -4.775860e-02  -4.791779e-02  -4.811891e-02  -4.843480e-02  -4.885729e-02  -4.942610e-02  -5.024506e-02  -5.129488e-02  -5.257962e-02  -5.428471e-02  -5.625988e-02  -5.848658e-02  -6.104047e-02  -6.379228e-02  -6.673248e-02  -6.979373e-02  -7.291833e-02  -7.597695e-02  -7.880882e-02  -8.131166e-02  -8.336014e-02  -8.493039e-02  -8.615237e-02  -8.721451e-02  -8.843112e-02  -9.006214e-02  -9.237816e-02  -9.569934e-02  -1.004410e-01  -1.072020e-01  -1.168017e-01  -1.303708e-01  -1.494245e-01  -1.759318e-01  -2.123283e-01  -2.613797e-01  -3.257673e-01  -4.071228e-01  -5.045340e-01  -6.124351e-01  -7.194483e-01  -8.102008e-01  -8.720696e-01  -9.036096e-01  -9.153368e-01
   24  -4.641661e-02  -4.647396e-02  -4.649113e-02  -4.654404e-02  -4.659362e-02  -4.667945e-02  -4.677095e-02  -4.692681e-02  -4.712372e-02  -4.743300e-02  -4.784665e-02  -4.840358e-02  -4.920544e-02  -5.023338e-02  -5.149141e-02  -5.316115e-02  -5.509555e-02  -5.727654e-02  -5.977831e-02  -6.247436e-02  -6.535544e-02  -6.835561e-02  -7.141835e-02  -7.441681e-02  -7.719322e-02  -7.964690e-02  -8.165442e-02  -8.319168e-02  -8.438542e-02  -8.541958e-02  -8.660155e-02  -8.818499e-02  -9.043332e-02  -9.365784e-02  -9.826211e-02  -1.048285e-01  -1.141544e-01  -1.273418e-01  -1.458697e-01  -1.716670e-01  -2.071303e-01  -2.550050e-01  -3.179992e-01  -3.978658e-01  -4.939552e-01  -6.011146e-01  -7.084003e-01  -8.005795e-01  -8.645232e-01  -8.977791e-01  -9.102176e-01
   25  -4.545445e-02  -4.551059e-02  -4.552740e-02  -4.557919e-02  -4.562772e-02  -4.571174e-02  -4.580130e-02  -4.595387e-02  -4.614661e-02  -4.644936e-02  -4.685427e-02  -4.739944e-02  -4.818439e-02  -4.919069e-02  -5.042229e-02  -5.205706e-02  -5.395109e-02  -5.608681e-02  -5.853695e-02  -6.117773e-02  -6.400016e-02  -6.693972e-02  -6.994100e-02  -7.287968e-02  -7.560095e-02  -7.800577e-02  -7.997264e-02  -8.147729e-02  -8.264331e-02  -8.365027e-02  -8.479871e-02  -8.633614e-02  -8.851905e-02  -9.165009e-02  -9.612144e-02  -1.024994e-01  -1.115601e-01  -1.243772e-01  -1.423946e-01  -1.675003e-01  -2.020510e-01  -2.487672e-01  -3.103692e-01  -3.887324e-01  -4.834308e-01  -5.897081e-01  -6.970580e-01  -7.904343e-01  -8.562881e-01  -8.912211e-01  -9.044141e-01
   26  -4.451025e-02  -4.456519e-02  -4.458164e-02  -4.463232e-02  -4.467981e-02  -4.476204e-02  -4.484969e-02  -4.499900e-02  -4.518762e-02  -4.548391e-02  -4.588018e-02  -4.641373e-02  -4.718197e-02  -4.816686e-02  -4.937233e-02  -5.097249e-02  -5.282658e-02  -5.491747e-02  -5.731646e-02  -5.990245e-02  -6.266671e-02  -6.554612e-02  -6.848638e-02  -7.136566e-02  -7.403212e-02  -7.638837e-02  -7.831490e-02  -7.978732e-02  -8.092612e-02  -8.190661e-02  -8.302257e-02  -8.451552e-02  -8.663518e-02  -8.967582e-02  -9.401857e-02  -1.002142e-01  -1.090180e-01  -1.214760e-01  -1.389975e-01  -1.634297e-01  -1.970883e-01  -2.426651e-01  -3.028904e-01  -3.797297e-01  -4.729750e-01  -5.782418e-01  -6.854565e-01  -7.797998e-01  -8.473867e-01  -8.839349e-01  -8.979132e-01
   27  -4.358431e-02  -4.363807e-02  -4.365416e-02  -4.370375e-02  -4.375022e-02  -4.383067e-02  -4.391643e-02  -4.406252e-02  -4.424708e-02  -4.453698e-02  -4.492472e-02  -4.544678e-02  -4.619850e-02  -4.716224e-02  -4.834187e-02  -4.990781e-02  -5.172239e-02  -5.376893e-02  -5.611729e-02  -5.864901e-02  -6.135562e-02  -6.417535e-02  -6.705506e-02  -6.987535e-02  -7.248737e-02  -7.479538e-02  -7.668189e-02  -7.812245e-02  -7.923454e-02  -8.018927e-02  -8.127379e-02  -8.272373e-02  -8.478223e-02  -8.773544e-02  -9.195378e-02  -9.797295e-02  -1.065279e-01  -1.186377e-01  -1.356777e-01  -1.594544e-01  -1.922415e-01  -2.366990e-01  -2.955595e-01  -3.708637e-01  -4.626045e-01  -5.667419e-01  -6.736319e-01  -7.687130e-01  -8.378421e-01  -8.759230e-01  -8.906998e-01
   28  -4.267709e-02  -4.272968e-02  -4.274542e-02  -4.279393e-02  -4.283939e-02  -4.291809e-02  -4.300199e-02  -4.314490e-02  -4.332544e-02  -4.360904e-02  -4.398835e-02  -4.449908e-02  -4.523448e-02  -4.617733e-02  -4.733144e-02  -4.886359e-02  -5.063913e-02  -5.264182e-02  -5.494009e-02  -5.741810e-02  -6.006763e-02  -6.282824e-02  -6.564791e-02  -6.840968e-02  -7.096766e-02  -7.322781e-02  -7.507466e-02  -7.648375e-02  -7.756963e-02  -7.849930e-02  -7.955338e-02  -8.096174e-02  -8.296114e-02  -8.582982e-02  -8.992784e-02  -9.577625e-02  -1.040903e-01  -1.158627e-01  -1.324353e-01  -1.555744e-01  -1.875108e-01  -2.308702e-01  -2.883802e-01  -3.621444e-01  -4.523335e-01  -5.552348e-01  -6.616191e-01  -7.572114e-01  -8.276806e-01  -8.671932e-01  -8.827663e-01
   29  -4.178911e-02  -4.184054e-02  -4.185593e-02  -4.190338e-02  -4.194784e-02  -4.202482e-02  -4.210687e-02  -4.224665e-02  -4.242324e-02  -4.270062e-02  -4.307162e-02  -4.357117e-02  -4.429048e-02  -4.521273e-02  -4.634166e-02  -4.784045e-02  -4.957745e-02  -5.153684e-02  -5.378563e-02  -5.621055e-02  -5.880360e-02  -6.150571e-02  -6.426591e-02  -6.696970e-02  -6.947412e-02  -7.168683e-02  -7.349440e-02  -7.487245e-02  -7.593263e-02  -7.683793e-02  -7.786256e-02  -7.923074e-02  -8.117302e-02  -8.396001e-02  -8.794172e-02  -9.362498e-02  -1.017058e-01  -1.131514e-01  -1.292707e-01  -1.517899e-01  -1.828969e-01  -2.251799e-01  -2.813557e-01  -3.535787e-01  -4.421782e-01  -5.437446e-01  -6.494530e-01  -7.453319e-01  -8.169312e-01  -8.577552e-01  -8.741063e-01
   30  -4.092086e-02  -4.097116e-02  -4.098621e-02  -4.103261e-02  -4.107609e-02  -4.115136e-02  -4.123161e-02  -4.136830e-02  -4.154099e-02  -4.181225e-02  -4.217506e-02  -4.266360e-02  -4.336706e-02  -4.426900e-02  -4.537312e-02  -4.683904e-02  -4.853803e-02  -5.045471e-02  -5.265467e-02  -5.502717e-02  -5.756443e-02  -6.020869e-02  -6.291008e-02  -6.555650e-02  -6.800789e-02  -7.017364e-02  -7.194239e-02  -7.328982e-02  -7.432482e-02  -7.520643e-02  -7.620257e-02  -7.753195e-02  -7.941907e-02  -8.212714e-02  -8.599645e-02  -9.152005e-02  -9.937538e-02  -1.105046e-01  -1.261842e-01  -1.481014e-01  -1.784001e-01  -2.196292e-01  -2.744891e-01  -3.451735e-01  -4.321521e-01  -5.322943e-01  -6.371652e-01  -7.331121e-01  -8.056247e-01  -8.476243e-01  -8.647198e-01
   31  -4.007281e-02  -4.012199e-02  -4.013671e-02  -4.018208e-02  -4.022459e-02  -4.029820e-02  -4.037666e-02  -4.051031e-02  -4.067916e-02  -4.094440e-02  -4.129916e-02  -4.177686e-02  -4.246472e-02  -4.334668e-02  -4.442638e-02  -4.585992e-02  -4.752149e-02  -4.939609e-02  -5.154792e-02  -5.386872e-02  -5.635095e-02  -5.893811e-02  -6.158140e-02  -6.417111e-02  -6.657008e-02  -6.868940e-02  -7.041980e-02  -7.173709e-02  -7.274744e-02  -7.360604e-02  -7.457463e-02  -7.586655e-02  -7.770041e-02  -8.033227e-02  -8.409302e-02  -8.946233e-02  -9.709960e-02  -1.079226e-01  -1.231764e-01  -1.445090e-01  -1.740207e-01  -2.142191e-01  -2.677828e-01  -3.369341e-01  -4.222652e-01  -5.209045e-01  -6.247861e-01  -7.205878e-01  -7.937950e-01  -8.368198e-01  -8.546103e-01
   32  -3.924535e-02  -3.929343e-02  -3.930782e-02  -3.935218e-02  -3.939374e-02  -3.946570e-02  -3.954241e-02  -3.967308e-02  -3.983816e-02  -4.009748e-02  -4.044433e-02  -4.091137e-02  -4.158390e-02  -4.244622e-02  -4.350191e-02  -4.490362e-02  -4.652837e-02  -4.836156e-02  -5.046601e-02  -5.273590e-02  -5.516388e-02  -5.769474e-02  -6.028073e-02  -6.281446e-02  -6.516167e-02  -6.723516e-02  -6.892773e-02  -7.021537e-02  -7.120160e-02  -7.203787e-02  -7.297983e-02  -7.423558e-02  -7.601805e-02  -7.857635e-02  -8.223227e-02  -8.745256e-02  -9.487908e-02  -1.054059e-01  -1.202472e-01  -1.410127e-01  -1.697585e-01  -2.089497e-01  -2.612383e-01  -3.288652e-01  -4.125298e-01  -5.095941e-01  -6.123449e-01  -7.077957e-01  -7.814754e-01  -8.253656e-01  -8.437883e-01
   33  -3.843878e-02  -3.848578e-02  -3.849985e-02  -3.854321e-02  -3.858384e-02  -3.865419e-02  -3.872917e-02  -3.885692e-02  -3.901830e-02  -3.927181e-02  -3.961088e-02  -4.006746e-02  -4.072494e-02  -4.156797e-02  -4.260007e-02  -4.397052e-02  -4.555910e-02  -4.735159e-02  -4.940944e-02  -5.162925e-02  -5.400385e-02  -5.647926e-02  -5.900878e-02  -6.148735e-02  -6.378352e-02  -6.581182e-02  -6.746712e-02  -6.872562e-02  -6.968827e-02  -7.050286e-02  -7.141909e-02  -7.263996e-02  -7.437284e-02  -7.686015e-02  -8.041489e-02  -8.549128e-02  -9.271420e-02  -1.029547e-01  -1.173966e-01  -1.376120e-01  -1.656131e-01  -2.038207e-01  -2.548562e-01  -3.209703e-01  -4.029529e-01  -4.983796e-01  -5.998692e-01  -6.947703e-01  -7.687022e-01  -8.132870e-01  -8.322688e-01
   34  -3.765328e-02  -3.769923e-02  -3.771298e-02  -3.775537e-02  -3.779508e-02  -3.786385e-02  -3.793715e-02  -3.806202e-02  -3.821977e-02  -3.846758e-02  -3.879904e-02  -3.924536e-02  -3.988807e-02  -4.071219e-02  -4.172115e-02  -4.306091e-02  -4.461400e-02  -4.636652e-02  -4.837862e-02  -5.054921e-02  -5.287133e-02  -5.529220e-02  -5.776616e-02  -6.019041e-02  -6.243631e-02  -6.442010e-02  -6.603873e-02  -6.726862e-02  -6.820824e-02  -6.900180e-02  -6.989318e-02  -7.108039e-02  -7.276545e-02  -7.518428e-02  -7.864138e-02  -8.357885e-02  -9.060510e-02  -1.005687e-01  -1.146241e-01  -1.343062e-01  -1.615834e-01  -1.988557e-01  -2.486365e-01  -3.132518e-01  -3.935421e-01  -4.872742e-01  -5.873821e-01  -6.815463e-01  -7.555119e-01  -8.006166e-01  -8.200721e-01
   35  -3.688898e-02  -3.693389e-02  -3.694733e-02  -3.698876e-02  -3.702758e-02  -3.709480e-02  -3.716645e-02  -3.728850e-02  -3.744270e-02  -3.768493e-02  -3.800891e-02  -3.844519e-02  -3.907344e-02  -3.987901e-02  -4.086530e-02  -4.217498e-02  -4.369326e-02  -4.540659e-02  -4.737378e-02  -4.949606e-02  -5.176664e-02  -5.413394e-02  -5.655327e-02  -5.892411e-02  -6.112057e-02  -6.306057e-02  -6.464314e-02  -6.584498e-02  -6.676210e-02  -6.753527e-02  -6.840265e-02  -6.955741e-02  -7.119634e-02  -7.354911e-02  -7.691200e-02  -8.171540e-02  -8.855171e-02  -9.824778e-02  -1.119292e-01  -1.310944e-01  -1.576682e-01  -1.940036e-01  -2.425783e-01  -3.057105e-01  -3.843017e-01  -4.762924e-01  -5.749058e-01  -6.681545e-01  -7.419409e-01  -7.873876e-01  -8.072247e-01
   36  -3.614587e-02  -3.618977e-02  -3.620290e-02  -3.624340e-02  -3.628135e-02  -3.634705e-02  -3.641708e-02  -3.653638e-02  -3.668710e-02  -3.692386e-02  -3.724053e-02  -3.766697e-02  -3.828105e-02  -3.906848e-02  -4.003256e-02  -4.131279e-02  -4.279697e-02  -4.447189e-02  -4.639507e-02  -4.846998e-02  -5.068999e-02  -5.300470e-02  -5.537040e-02  -5.768877e-02  -5.983663e-02  -6.173360e-02  -6.328077e-02  -6.445511e-02  -6.535029e-02  -6.610368e-02  -6.694789e-02  -6.807134e-02  -6.966580e-02  -7.195485e-02  -7.522686e-02  -7.990085e-02  -8.655376e-02  -9.599127e-02  -1.093118e-01  -1.279752e-01  -1.538656e-01  -1.892879e-01  -2.366800e-01  -2.983460e-01  -3.752363e-01  -4.654432e-01  -5.624609e-01  -6.546258e-01  -7.280290e-01  -7.736365e-01  -7.937572e-01
   37  -3.542388e-02  -3.546678e-02  -3.547962e-02  -3.551920e-02  -3.555629e-02  -3.562051e-02  -3.568896e-02  -3.580556e-02  -3.595288e-02  -3.618430e-02  -3.649382e-02  -3.691063e-02  -3.751087e-02  -3.828053e-02  -3.922289e-02  -4.047430e-02  -4.192510e-02  -4.356242e-02  -4.544250e-02  -4.747099e-02  -4.964144e-02  -5.190458e-02  -5.421767e-02  -5.648453e-02  -5.858468e-02  -6.043941e-02  -6.195184e-02  -6.309925e-02  -6.397303e-02  -6.470726e-02  -6.552908e-02  -6.662235e-02  -6.817392e-02  -7.040152e-02  -7.358584e-02  -7.813494e-02  -8.461076e-02  -9.379840e-02  -1.067689e-01  -1.249469e-01  -1.501736e-01  -1.847056e-01  -2.309395e-01  -2.911578e-01  -3.663481e-01  -4.547359e-01  -5.500664e-01  -6.409911e-01  -7.138125e-01  -7.594039e-01  -7.797042e-01
   38  -3.472283e-02  -3.476477e-02  -3.477732e-02  -3.481601e-02  -3.485226e-02  -3.491503e-02  -3.498193e-02  -3.509590e-02  -3.523989e-02  -3.546609e-02  -3.576863e-02  -3.617603e-02  -3.676272e-02  -3.751503e-02  -3.843615e-02  -3.965938e-02  -4.107754e-02  -4.267807e-02  -4.451596e-02  -4.649902e-02  -4.862093e-02  -5.083354e-02  -5.309505e-02  -5.531142e-02  -5.736478e-02  -5.917807e-02  -6.065643e-02  -6.177749e-02  -6.263041e-02  -6.334606e-02  -6.414628e-02  -6.521043e-02  -6.672064e-02  -6.888895e-02  -7.198868e-02  -7.641723e-02  -8.272203e-02  -9.166820e-02  -1.043001e-01  -1.220078e-01  -1.465898e-01  -1.802545e-01  -2.253540e-01  -2.841439e-01  -3.576379e-01  -4.441775e-01  -5.377376e-01  -6.272772e-01  -6.993297e-01  -7.447321e-01  -7.651079e-01
   39  -3.404251e-02  -3.408350e-02  -3.409577e-02  -3.413358e-02  -3.416902e-02  -3.423037e-02  -3.429576e-02  -3.440716e-02  -3.454790e-02  -3.476899e-02  -3.506471e-02  -3.546293e-02  -3.603639e-02  -3.677175e-02  -3.767212e-02  -3.886780e-02  -4.025406e-02  -4.181863e-02  -4.361527e-02  -4.555388e-02  -4.762829e-02  -4.979143e-02  -5.200243e-02  -5.416932e-02  -5.617681e-02  -5.794949e-02  -5.939448e-02  -6.048976e-02  -6.132235e-02  -6.201999e-02  -6.279934e-02  -6.383541e-02  -6.530573e-02  -6.741685e-02  -7.043494e-02  -7.474712e-02  -8.088675e-02  -8.959953e-02  -1.019038e-01  -1.191557e-01  -1.431117e-01  -1.759315e-01  -2.199249e-01  -2.773029e-01  -3.491076e-01  -4.337739e-01  -5.254904e-01  -6.135110e-01  -6.846186e-01  -7.296628e-01  -7.500101e-01
   40  -3.338261e-02  -3.342268e-02  -3.343467e-02  -3.347163e-02  -3.350627e-02  -3.356623e-02  -3.363015e-02  -3.373905e-02  -3.387662e-02  -3.409273e-02  -3.438178e-02  -3.477103e-02  -3.533158e-02  -3.605038e-02  -3.693050e-02  -3.809929e-02  -3.945439e-02  -4.098381e-02  -4.274015e-02  -4.463529e-02  -4.666325e-02  -4.877799e-02  -5.093955e-02  -5.305799e-02  -5.502057e-02  -5.675346e-02  -5.816577e-02  -5.923586e-02  -6.004864e-02  -6.072883e-02  -6.148803e-02  -6.249700e-02  -6.392883e-02  -6.598477e-02  -6.892406e-02  -7.312388e-02  -7.910395e-02  -8.759111e-02  -9.957827e-02  -1.163886e-01  -1.397366e-01  -1.717329e-01  -2.146398e-01  -2.706316e-01  -3.407555e-01  -4.235307e-01  -5.133391e-01  -5.997179e-01  -6.697151e-01  -7.142422e-01  -7.344578e-01
   41  -3.274278e-02  -3.278194e-02  -3.279367e-02  -3.282980e-02  -3.286365e-02  -3.292227e-02  -3.298476e-02  -3.309120e-02  -3.322568e-02  -3.343693e-02  -3.371949e-02  -3.409999e-02  -3.464794e-02  -3.535058e-02  -3.621092e-02  -3.735347e-02  -3.867815e-02  -4.017326e-02  -4.189022e-02  -4.374291e-02  -4.572546e-02  -4.779287e-02  -4.990607e-02  -5.197711e-02  -5.389571e-02  -5.558966e-02  -5.697001e-02  -5.801547e-02  -5.880895e-02  -5.947223e-02  -6.021196e-02  -6.119478e-02  -6.258947e-02  -6.459214e-02  -6.745536e-02  -7.154667e-02  -7.737257e-02  -8.564157e-02  -9.732183e-02  -1.137040e-01  -1.364616e-01  -1.676559e-01  -2.094999e-01  -2.641273e-01  -3.325809e-01  -4.134517e-01  -5.012946e-01  -5.859224e-01  -6.546569e-01  -6.985160e-01  -7.185002e-01
   42  -3.212263e-02  -3.216091e-02  -3.217237e-02  -3.220769e-02  -3.224079e-02  -3.229809e-02  -3.235918e-02  -3.246323e-02  -3.259469e-02  -3.280120e-02  -3.307743e-02  -3.344939e-02  -3.398505e-02  -3.467194e-02  -3.551300e-02  -3.662993e-02  -3.792493e-02  -3.938656e-02  -4.106507e-02  -4.287629e-02  -4.481448e-02  -4.683565e-02  -4.890157e-02  -5.092624e-02  -5.280184e-02  -5.445768e-02  -5.580676e-02  -5.682817e-02  -5.760287e-02  -5.824974e-02  -5.897065e-02  -5.992823e-02  -6.128707e-02  -6.323831e-02  -6.602806e-02  -7.001455e-02  -7.569142e-02  -8.374943e-02  -9.513258e-02  -1.110997e-01  -1.332836e-01  -1.636967e-01  -2.045015e-01  -2.577860e-01  -3.245829e-01  -4.035388e-01  -4.893687e-01  -5.721457e-01  -6.394792e-01  -6.825295e-01  -7.021896e-01
   43  -3.152171e-02  -3.155914e-02  -3.157034e-02  -3.160487e-02  -3.163723e-02  -3.169325e-02  -3.175297e-02  -3.185470e-02  -3.198322e-02  -3.218511e-02  -3.245516e-02  -3.281880e-02  -3.334248e-02  -3.401401e-02  -3.483626e-02  -3.592822e-02  -3.719427e-02  -3.862322e-02  -4.026422e-02  -4.203497e-02  -4.392984e-02  -4.590582e-02  -4.792554e-02  -4.990490e-02  -5.173844e-02  -5.335703e-02  -5.467553e-02  -5.567346e-02  -5.642986e-02  -5.706084e-02  -5.776356e-02  -5.869676e-02  -6.002097e-02  -6.192253e-02  -6.464132e-02  -6.852649e-02  -7.405929e-02  -8.191315e-02  -9.300856e-02  -1.085733e-01  -1.301998e-01  -1.598518e-01  -1.996398e-01  -2.516047e-01  -3.167593e-01  -3.937957e-01  -4.775705e-01  -5.584102e-01  -6.242168e-01  -6.663297e-01  -6.855779e-01
   44  -3.093957e-02  -3.097617e-02  -3.098712e-02  -3.102088e-02  -3.105252e-02  -3.110729e-02  -3.116568e-02  -3.126514e-02  -3.139079e-02  -3.158818e-02  -3.185221e-02  -3.220775e-02  -3.271975e-02  -3.337631e-02  -3.418022e-02  -3.524784e-02  -3.648565e-02  -3.788275e-02  -3.948715e-02  -4.121839e-02  -4.307099e-02  -4.500286e-02  -4.697745e-02  -4.891252e-02  -5.070495e-02  -5.228712e-02  -5.357576e-02  -5.455076e-02  -5.528934e-02  -5.590490e-02  -5.659003e-02  -5.749968e-02  -5.879045e-02  -6.064401e-02  -6.329420e-02  -6.708143e-02  -7.247488e-02  -8.013116e-02  -9.094783e-02  -1.061221e-01  -1.272071e-01  -1.561178e-01  -1.949115e-01  -2.455785e-01  -3.091076e-01  -3.842227e-01  -4.659094e-01  -5.447362e-01  -6.089027e-01  -6.499633e-01  -6.687195e-01
   45  -3.037573e-02  -3.041151e-02  -3.042222e-02  -3.045523e-02  -3.048616e-02  -3.053972e-02  -3.059681e-02  -3.069406e-02  -3.081692e-02  -3.100993e-02  -3.126809e-02  -3.161573e-02  -3.211636e-02  -3.275832e-02  -3.354437e-02  -3.458826e-02  -3.579856e-02  -3.716458e-02  -3.873330e-02  -4.042601e-02  -4.223734e-02  -4.412615e-02  -4.605668e-02  -4.794850e-02  -4.970077e-02  -5.124735e-02  -5.250680e-02  -5.345943e-02  -5.418067e-02  -5.478127e-02  -5.544939e-02  -5.633627e-02  -5.759471e-02  -5.940188e-02  -6.198575e-02  -6.567825e-02  -7.093686e-02  -7.840185e-02  -8.894840e-02  -1.037439e-01  -1.243025e-01  -1.524903e-01  -1.903125e-01  -2.397051e-01  -3.016255e-01  -3.748210e-01  -4.543937e-01  -5.311413e-01  -5.935707e-01  -6.334753e-01  -6.516681e-01
   46  -2.982967e-02  -2.986466e-02  -2.987513e-02  -2.990741e-02  -2.993766e-02  -2.999003e-02  -3.004586e-02  -3.014096e-02  -3.026110e-02  -3.044983e-02  -3.070228e-02  -3.104222e-02  -3.153177e-02  -3.215953e-02  -3.292817e-02  -3.394893e-02  -3.513242e-02  -3.646816e-02  -3.800208e-02  -3.965721e-02  -4.142830e-02  -4.327509e-02  -4.516260e-02  -4.701219e-02  -4.872523e-02  -5.023705e-02  -5.146799e-02  -5.239879e-02  -5.310313e-02  -5.368923e-02  -5.434088e-02  -5.520576e-02  -5.643294e-02  -5.819524e-02  -6.071496e-02  -6.431580e-02  -6.944389e-02  -7.672359e-02  -8.700830e-02  -1.014362e-01  -1.214830e-01  -1.489668e-01  -1.858386e-01  -2.339792e-01  -2.943101e-01  -3.655914e-01  -4.430299e-01  -5.176443e-01  -5.782506e-01  -6.169082e-01  -6.344763e-01
   47  -2.930088e-02  -2.933510e-02  -2.934534e-02  -2.937691e-02  -2.940649e-02  -2.945771e-02  -2.951230e-02  -2.960531e-02  -2.972280e-02  -2.990738e-02  -3.015426e-02  -3.048671e-02  -3.096546e-02  -3.157938e-02  -3.233106e-02  -3.332930e-02  -3.448666e-02  -3.579289e-02  -3.729289e-02  -3.891138e-02  -4.064321e-02  -4.244900e-02  -4.429454e-02  -4.610290e-02  -4.777763e-02  -4.925550e-02  -5.045861e-02  -5.136811e-02  -5.205601e-02  -5.262803e-02  -5.326374e-02  -5.410732e-02  -5.530427e-02  -5.702316e-02  -5.948080e-02  -6.299292e-02  -6.799461e-02  -7.509478e-02  -8.512555e-02  -9.919648e-02  -1.187457e-01  -1.455434e-01  -1.814861e-01  -2.283974e-01  -2.871584e-01  -3.565349e-01  -4.318241e-01  -5.042615e-01  -5.629735e-01  -6.003080e-01  -6.171972e-01
   48  -2.878884e-02  -2.882231e-02  -2.883233e-02  -2.886321e-02  -2.889214e-02  -2.894223e-02  -2.899563e-02  -2.908659e-02  -2.920151e-02  -2.938203e-02  -2.962349e-02  -2.994864e-02  -3.041689e-02  -3.101732e-02  -3.175249e-02  -3.272879e-02  -3.386069e-02  -3.513817e-02  -3.660511e-02  -3.818789e-02  -3.988144e-02  -4.164724e-02  -4.345182e-02  -4.521994e-02  -4.685727e-02  -4.830199e-02  -4.947793e-02  -5.036665e-02  -5.103853e-02  -5.159689e-02  -5.221715e-02  -5.304013e-02  -5.420782e-02  -5.588468e-02  -5.828223e-02  -6.170843e-02  -6.658767e-02  -7.351380e-02  -8.329823e-02  -9.702250e-02  -1.160876e-01  -1.422168e-01  -1.772513e-01  -2.229563e-01  -2.801682e-01  -3.476503e-01  -4.207838e-01  -4.910083e-01  -5.477677e-01  -5.837157e-01  -5.998821e-01
   49  -2.829303e-02  -2.832576e-02  -2.833556e-02  -2.836577e-02  -2.839407e-02  -2.844306e-02  -2.849529e-02  -2.858427e-02  -2.869668e-02  -2.887326e-02  -2.910944e-02  -2.942749e-02  -2.988550e-02  -3.047280e-02  -3.119189e-02  -3.214682e-02  -3.325393e-02  -3.450338e-02  -3.593811e-02  -3.748607e-02  -3.914230e-02  -4.086910e-02  -4.263373e-02  -4.436258e-02  -4.596341e-02  -4.737576e-02  -4.852517e-02  -4.939362e-02  -5.004991e-02  -5.059500e-02  -5.120031e-02  -5.200333e-02  -5.314269e-02  -5.477887e-02  -5.711820e-02  -6.046116e-02  -6.522171e-02  -7.197908e-02  -8.152442e-02  -9.491191e-02  -1.135060e-01  -1.389830e-01  -1.731301e-01  -2.176516e-01  -2.733353e-01  -3.389376e-01  -4.099125e-01  -4.778986e-01  -5.326586e-01  -5.671704e-01  -5.825805e-01
   50  -2.781291e-02  -2.784494e-02  -2.785452e-02  -2.788407e-02  -2.791175e-02  -2.795968e-02  -2.801078e-02  -2.809782e-02  -2.820778e-02  -2.838052e-02  -2.861157e-02  -2.892270e-02  -2.937075e-02  -2.994526e-02  -3.064869e-02  -3.158281e-02  -3.266577e-02  -3.388793e-02  -3.529126e-02  -3.680529e-02  -3.842514e-02  -4.011390e-02  -4.183955e-02  -4.353009e-02  -4.509530e-02  -4.647606e-02  -4.759958e-02  -4.844826e-02  -4.908937e-02  -4.962157e-02  -5.021238e-02  -5.099607e-02  -5.210798e-02  -5.370473e-02  -5.598766e-02  -5.924994e-02  -6.389541e-02  -7.048904e-02  -7.980167e-02  -9.286247e-02  -1.109983e-01  -1.358394e-01  -1.691186e-01  -2.124793e-01  -2.666575e-01  -3.303958e-01  -3.992155e-01  -4.649466e-01  -5.176741e-01  -5.507108e-01  -5.653395e-01
   51  -2.734797e-02  -2.737930e-02  -2.738868e-02  -2.741758e-02  -2.744467e-02  -2.749157e-02  -2.754156e-02  -2.762671e-02  -2.773430e-02  -2.790330e-02  -2.812935e-02  -2.843374e-02  -2.887208e-02  -2.943415e-02  -3.012233e-02  -3.103619e-02  -3.209562e-02  -3.329119e-02  -3.466394e-02  -3.614490e-02  -3.772927e-02  -3.938096e-02  -4.106859e-02  -4.272175e-02  -4.425219e-02  -4.560213e-02  -4.670038e-02  -4.752977e-02  -4.815608e-02  -4.867577e-02  -4.925251e-02  -5.001748e-02  -5.110279e-02  -5.266133e-02  -5.488957e-02  -5.807361e-02  -6.260745e-02  -6.904217e-02  -7.812940e-02  -9.087199e-02  -1.085616e-01  -1.327831e-01  -1.652106e-01  -2.074359e-01  -2.601316e-01  -3.220250e-01  -3.886963e-01  -4.521654e-01  -5.028368e-01  -5.343727e-01  -5.482032e-01
   52  -2.689768e-02  -2.692834e-02  -2.693752e-02  -2.696580e-02  -2.699231e-02  -2.703819e-02  -2.708711e-02  -2.717043e-02  -2.727570e-02  -2.744106e-02  -2.766224e-02  -2.796007e-02  -2.838897e-02  -2.893892e-02  -2.961225e-02  -3.050637e-02  -3.154289e-02  -3.271255e-02  -3.405550e-02  -3.550424e-02  -3.705404e-02  -3.866957e-02  -4.032013e-02  -4.193682e-02  -4.343334e-02  -4.475319e-02  -4.582678e-02  -4.663737e-02  -4.724927e-02  -4.775678e-02  -4.831989e-02  -4.906669e-02  -5.012621e-02  -5.164770e-02  -5.382290e-02  -5.693104e-02  -6.135654e-02  -6.763698e-02  -7.650520e-02  -8.893837e-02  -1.061936e-01  -1.298102e-01  -1.614089e-01  -2.025179e-01  -2.537548e-01  -3.138235e-01  -3.783595e-01  -4.395647e-01  -4.881690e-01  -5.181899e-01  -5.312141e-01
   53  -2.646155e-02  -2.649155e-02  -2.650053e-02  -2.652821e-02  -2.655415e-02  -2.659905e-02  -2.664692e-02  -2.672846e-02  -2.683147e-02  -2.699329e-02  -2.720973e-02  -2.750117e-02  -2.792087e-02  -2.845903e-02  -2.911790e-02  -2.999279e-02  -3.100699e-02  -3.215143e-02  -3.346535e-02  -3.488267e-02  -3.639877e-02  -3.797905e-02  -3.959346e-02  -4.117458e-02  -4.263800e-02  -4.392848e-02  -4.497802e-02  -4.577025e-02  -4.636812e-02  -4.686380e-02  -4.741367e-02  -4.814285e-02  -4.917736e-02  -5.066290e-02  -5.278664e-02  -5.582111e-02  -6.014143e-02  -6.627202e-02  -7.492739e-02  -8.705955e-02  -1.038917e-01  -1.269185e-01  -1.577068e-01  -1.977220e-01  -2.475238e-01  -3.057904e-01  -3.682075e-01  -4.271562e-01  -4.736910e-01  -5.021930e-01  -5.144116e-01
   54  -2.603907e-02  -2.606844e-02  -2.607722e-02  -2.610431e-02  -2.612970e-02  -2.617364e-02  -2.622049e-02  -2.630029e-02  -2.640110e-02  -2.655947e-02  -2.677130e-02  -2.705653e-02  -2.746727e-02  -2.799394e-02  -2.863872e-02  -2.949490e-02  -3.048737e-02  -3.160722e-02  -3.289285e-02  -3.427957e-02  -3.576282e-02  -3.730873e-02  -3.888787e-02  -4.043430e-02  -4.186543e-02  -4.312726e-02  -4.415331e-02  -4.492765e-02  -4.551184e-02  -4.599602e-02  -4.653303e-02  -4.724512e-02  -4.825535e-02  -4.970600e-02  -5.177979e-02  -5.474273e-02  -5.896090e-02  -6.494588e-02  -7.339431e-02  -8.523358e-02  -1.016536e-01  -1.241050e-01  -1.541013e-01  -1.930441e-01  -2.414357e-01  -2.979253e-01  -3.582433e-01  -4.149490e-01  -4.594226e-01  -4.864111e-01  -4.978305e-01
   55  -2.562976e-02  -2.565850e-02  -2.566710e-02  -2.569361e-02  -2.571846e-02  -2.576147e-02  -2.580733e-02  -2.588543e-02  -2.598411e-02  -2.613912e-02  -2.634645e-02  -2.662563e-02  -2.702765e-02  -2.754313e-02  -2.817420e-02  -2.901215e-02  -2.998345e-02  -3.107936e-02  -3.233742e-02  -3.369431e-02  -3.514555e-02  -3.665794e-02  -3.820270e-02  -3.971528e-02  -4.111490e-02  -4.234877e-02  -4.335191e-02  -4.410879e-02  -4.467965e-02  -4.515265e-02  -4.567717e-02  -4.637266e-02  -4.735933e-02  -4.877610e-02  -5.080137e-02  -5.369483e-02  -5.781376e-02  -6.365720e-02  -7.190437e-02  -8.345857e-02  -9.947704e-02  -1.213670e-01  -1.505891e-01  -1.884821e-01  -2.354880e-01  -2.902255e-01  -3.484694e-01  -4.029517e-01  -4.453800e-01  -4.708705e-01  -4.815045e-01
   56  -2.523313e-02  -2.526127e-02  -2.526969e-02  -2.529564e-02  -2.531996e-02  -2.536207e-02  -2.540695e-02  -2.548341e-02  -2.558001e-02  -2.573175e-02  -2.593470e-02  -2.620799e-02  -2.660152e-02  -2.710610e-02  -2.772381e-02  -2.854401e-02  -2.949468e-02  -3.056726e-02  -3.179846e-02  -3.312629e-02  -3.454631e-02  -3.602602e-02  -3.753725e-02  -3.901682e-02  -4.038569e-02  -4.159228e-02  -4.257306e-02  -4.331291e-02  -4.387079e-02  -4.433290e-02  -4.484529e-02  -4.552465e-02  -4.648843e-02  -4.787229e-02  -4.985044e-02  -5.267639e-02  -5.669885e-02  -6.240467e-02  -7.045603e-02  -8.173270e-02  -9.735985e-02  -1.186872e-01  -1.471675e-01  -1.840317e-01  -2.296773e-01  -2.826911e-01  -3.388873e-01  -3.911729e-01  -4.315800e-01  -4.555951e-01  -4.654615e-01
   57  -2.484873e-02  -2.487627e-02  -2.488452e-02  -2.490993e-02  -2.493374e-02  -2.497496e-02  -2.501890e-02  -2.509376e-02  -2.518833e-02  -2.533688e-02  -2.553558e-02  -2.580312e-02  -2.618838e-02  -2.668234e-02  -2.728705e-02  -2.808995e-02  -2.902053e-02  -3.007038e-02  -3.127541e-02  -3.257490e-02  -3.396449e-02  -3.541235e-02  -3.689087e-02  -3.833824e-02  -3.967712e-02  -4.085708e-02  -4.181604e-02  -4.253928e-02  -4.308449e-02  -4.353602e-02  -4.403661e-02  -4.470031e-02  -4.564185e-02  -4.699373e-02  -4.892607e-02  -5.168640e-02  -5.561505e-02  -6.118701e-02  -6.904783e-02  -8.005421e-02  -9.529994e-02  -1.160931e-01  -1.438335e-01  -1.796907e-01  -2.240021e-01  -2.753199e-01  -3.294991e-01  -3.796189e-01  -4.180356e-01  -4.406063e-01  -4.497288e-01
   58  -2.447610e-02  -2.450307e-02  -2.451114e-02  -2.453602e-02  -2.455933e-02  -2.459970e-02  -2.464272e-02  -2.471602e-02  -2.480861e-02  -2.495406e-02  -2.514860e-02  -2.541056e-02  -2.578776e-02  -2.627139e-02  -2.686343e-02  -2.764947e-02  -2.856048e-02  -2.958818e-02  -3.076770e-02  -3.203958e-02  -3.339950e-02  -3.481629e-02  -3.626292e-02  -3.767887e-02  -3.898848e-02  -4.014246e-02  -4.108013e-02  -4.178715e-02  -4.232003e-02  -4.276124e-02  -4.325037e-02  -4.389884e-02  -4.481876e-02  -4.613955e-02  -4.802736e-02  -5.072388e-02  -5.456130e-02  -6.000301e-02  -6.767833e-02  -7.842145e-02  -9.329533e-02  -1.135671e-01  -1.405845e-01  -1.754558e-01  -2.184583e-01  -2.681103e-01  -3.203063e-01  -3.682949e-01  -4.047609e-01  -4.259223e-01  -4.343277e-01
   59  -2.411481e-02  -2.414122e-02  -2.414912e-02  -2.417348e-02  -2.419631e-02  -2.423584e-02  -2.427797e-02  -2.434974e-02  -2.444041e-02  -2.458284e-02  -2.477334e-02  -2.502985e-02  -2.539920e-02  -2.587276e-02  -2.645245e-02  -2.722208e-02  -2.811402e-02  -2.912013e-02  -3.027480e-02  -3.151975e-02  -3.285075e-02  -3.423725e-02  -3.565276e-02  -3.703806e-02  -3.831911e-02  -3.944774e-02  -4.036463e-02  -4.105583e-02  -4.157667e-02  -4.200785e-02  -4.248582e-02  -4.311948e-02  -4.401838e-02  -4.530895e-02  -4.715344e-02  -4.978789e-02  -5.353653e-02  -5.885148e-02  -6.634618e-02  -7.683279e-02  -9.134411e-02  -1.111070e-01  -1.374178e-01  -1.713246e-01  -2.130439e-01  -2.610612e-01  -3.113087e-01  -3.572080e-01  -3.917649e-01  -4.115590e-01  -4.192792e-01
   60  -2.376443e-02  -2.379029e-02  -2.379803e-02  -2.382189e-02  -2.384425e-02  -2.388296e-02  -2.392422e-02  -2.399451e-02  -2.408331e-02  -2.422279e-02  -2.440935e-02  -2.466055e-02  -2.502226e-02  -2.548601e-02  -2.605367e-02  -2.680730e-02  -2.768065e-02  -2.866573e-02  -2.979617e-02  -3.101487e-02  -3.231767e-02  -3.367462e-02  -3.505979e-02  -3.641518e-02  -3.766837e-02  -3.877225e-02  -3.966885e-02  -4.034463e-02  -4.085373e-02  -4.127513e-02  -4.174225e-02  -4.236151e-02  -4.323996e-02  -4.450111e-02  -4.630347e-02  -4.887751e-02  -5.253976e-02  -5.773129e-02  -6.505008e-02  -7.528671e-02  -8.944445e-02  -1.087106e-01  -1.343310e-01  -1.672939e-01  -2.077564e-01  -2.541713e-01  -3.025085e-01  -3.463603e-01  -3.790577e-01  -3.975315e-01  -4.045979e-01
   61  -2.342456e-02  -2.344989e-02  -2.345747e-02  -2.348084e-02  -2.350274e-02  -2.354065e-02  -2.358107e-02  -2.364991e-02  -2.373688e-02  -2.387350e-02  -2.405622e-02  -2.430225e-02  -2.465651e-02  -2.511070e-02  -2.566664e-02  -2.640468e-02  -2.725992e-02  -2.822449e-02  -2.933130e-02  -3.052441e-02  -3.179971e-02  -3.312784e-02  -3.448340e-02  -3.580961e-02  -3.703561e-02  -3.811534e-02  -3.899215e-02  -3.965286e-02  -4.015052e-02  -4.056240e-02  -4.101895e-02  -4.162420e-02  -4.248275e-02  -4.371528e-02  -4.547663e-02  -4.799187e-02  -5.157001e-02  -5.664134e-02  -6.378875e-02  -7.378174e-02  -8.759461e-02  -1.063759e-01  -1.313217e-01  -1.633613e-01  -2.025940e-01  -2.474384e-01  -2.939047e-01  -3.357578e-01  -3.666472e-01  -3.838503e-01  -3.902990e-01
   62  -2.309480e-02  -2.311961e-02  -2.312704e-02  -2.314993e-02  -2.317138e-02  -2.320852e-02  -2.324810e-02  -2.331554e-02  -2.340073e-02  -2.353456e-02  -2.371354e-02  -2.395453e-02  -2.430153e-02  -2.474640e-02  -2.529092e-02  -2.601376e-02  -2.685134e-02  -2.779593e-02  -2.887970e-02  -3.004786e-02  -3.129634e-02  -3.259635e-02  -3.392303e-02  -3.522077e-02  -3.642023e-02  -3.747639e-02  -3.833387e-02  -3.897989e-02  -3.946638e-02  -3.986898e-02  -4.031524e-02  -4.090685e-02  -4.174603e-02  -4.295071e-02  -4.467212e-02  -4.713013e-02  -5.062634e-02  -5.558060e-02  -6.256100e-02  -7.231646e-02  -8.579292e-02  -1.041009e-01  -1.283876e-01  -1.595243e-01  -1.975532e-01  -2.408603e-01  -2.854976e-01  -3.254019e-01  -3.545405e-01  -3.705252e-01  -3.763913e-01
   63  -2.277476e-02  -2.279907e-02  -2.280635e-02  -2.282878e-02  -2.284979e-02  -2.288617e-02  -2.292496e-02  -2.299102e-02  -2.307448e-02  -2.320558e-02  -2.338091e-02  -2.361699e-02  -2.395692e-02  -2.439271e-02  -2.492609e-02  -2.563412e-02  -2.645449e-02  -2.737958e-02  -2.844090e-02  -2.958472e-02  -3.080703e-02  -3.207962e-02  -3.337812e-02  -3.464808e-02  -3.582163e-02  -3.685477e-02  -3.769340e-02  -3.832506e-02  -3.880067e-02  -3.919422e-02  -3.963047e-02  -4.020879e-02  -4.102912e-02  -4.220667e-02  -4.388920e-02  -4.629145e-02  -4.970787e-02  -5.454804e-02  -6.136568e-02  -7.088953e-02  -8.403779e-02  -1.018837e-01  -1.255265e-01  -1.557808e-01  -1.926323e-01  -2.344366e-01  -2.772878e-01  -3.152953e-01  -3.427416e-01  -3.575632e-01  -3.628832e-01
   64  -2.246410e-02  -2.248791e-02  -2.249504e-02  -2.251702e-02  -2.253760e-02  -2.257325e-02  -2.261125e-02  -2.267597e-02  -2.275774e-02  -2.288619e-02  -2.305797e-02  -2.328926e-02  -2.362229e-02  -2.404923e-02  -2.457175e-02  -2.526535e-02  -2.606893e-02  -2.697501e-02  -2.801443e-02  -2.913451e-02  -3.033130e-02  -3.157713e-02  -3.284813e-02  -3.409097e-02  -3.523923e-02  -3.624992e-02  -3.707012e-02  -3.768779e-02  -3.815278e-02  -3.853750e-02  -3.896399e-02  -3.952938e-02  -4.033134e-02  -4.148247e-02  -4.312713e-02  -4.547505e-02  -4.881372e-02  -5.354273e-02  -6.020167e-02  -6.949966e-02  -8.232770e-02  -9.972257e-02  -1.227363e-01  -1.521283e-01  -1.878283e-01  -2.281641e-01  -2.692736e-01  -3.054394e-01  -3.312544e-01  -3.449705e-01  -3.497805e-01
   65  -2.216244e-02  -2.218578e-02  -2.219276e-02  -2.221429e-02  -2.223447e-02  -2.226940e-02  -2.230663e-02  -2.237005e-02  -2.245017e-02  -2.257602e-02  -2.274435e-02  -2.297097e-02  -2.329727e-02  -2.371558e-02  -2.422752e-02  -2.490703e-02  -2.569424e-02  -2.658179e-02  -2.759984e-02  -2.869677e-02  -2.986865e-02  -3.108838e-02  -3.233253e-02  -3.354891e-02  -3.467249e-02  -3.566124e-02  -3.646347e-02  -3.706747e-02  -3.752209e-02  -3.789822e-02  -3.831519e-02  -3.886798e-02  -3.965205e-02  -4.077743e-02  -4.238519e-02  -4.468018e-02  -4.794308e-02  -5.256371e-02  -5.906793e-02  -6.814560e-02  -8.066117e-02  -9.761569e-02  -1.200151e-01  -1.485644e-01  -1.831396e-01  -2.220421e-01  -2.614554e-01  -2.958354e-01  -3.200827e-01  -3.327493e-01  -3.370865e-01
   66  -2.186945e-02  -2.189232e-02  -2.189917e-02  -2.192027e-02  -2.194004e-02  -2.197427e-02  -2.201075e-02  -2.207290e-02  -2.215142e-02  -2.227475e-02  -2.243969e-02  -2.266176e-02  -2.298151e-02  -2.339139e-02  -2.389301e-02  -2.455879e-02  -2.533004e-02  -2.619951e-02  -2.719671e-02  -2.827105e-02  -2.941864e-02  -3.061288e-02  -3.183084e-02  -3.302139e-02  -3.412086e-02  -3.508820e-02  -3.587288e-02  -3.646353e-02  -3.690803e-02  -3.727577e-02  -3.768348e-02  -3.822399e-02  -3.899062e-02  -4.009091e-02  -4.166271e-02  -4.390611e-02  -4.709513e-02  -5.161010e-02  -5.796343e-02  -6.682618e-02  -7.903683e-02  -9.556144e-02  -1.173632e-01  -1.450869e-01  -1.785639e-01  -2.160684e-01  -2.538303e-01  -2.864831e-01  -3.092269e-01  -3.209017e-01  -3.248023e-01
   67  -2.158481e-02  -2.160723e-02  -2.161393e-02  -2.163461e-02  -2.165399e-02  -2.168753e-02  -2.172329e-02  -2.178420e-02  -2.186115e-02  -2.198202e-02  -2.214366e-02  -2.236130e-02  -2.267465e-02  -2.307632e-02  -2.356787e-02  -2.422026e-02  -2.497593e-02  -2.582776e-02  -2.680463e-02  -2.785692e-02  -2.898080e-02  -3.015018e-02  -3.134256e-02  -3.250788e-02  -3.358383e-02  -3.453027e-02  -3.529780e-02  -3.587541e-02  -3.631004e-02  -3.666961e-02  -3.706828e-02  -3.759682e-02  -3.834646e-02  -3.942229e-02  -4.095902e-02  -4.315213e-02  -4.626913e-02  -5.068105e-02  -5.688721e-02  -6.554027e-02  -7.745333e-02  -9.355825e-02  -1.147740e-01  -1.416939e-01  -1.740992e-01  -2.102403e-01  -2.463988e-01  -2.773821e-01  -2.986880e-01  -3.094281e-01  -3.129259e-01
   68  -2.130820e-02  -2.133017e-02  -2.133674e-02  -2.135701e-02  -2.137600e-02  -2.140888e-02  -2.144393e-02  -2.150363e-02  -2.157905e-02  -2.169751e-02  -2.185595e-02  -2.206926e-02  -2.237636e-02  -2.277003e-02  -2.325176e-02  -2.389107e-02  -2.463156e-02  -2.546618e-02  -2.642320e-02  -2.745398e-02  -2.855471e-02  -2.969981e-02  -3.086723e-02  -3.200793e-02  -3.306090e-02  -3.398691e-02  -3.473771e-02  -3.530260e-02  -3.572759e-02  -3.607918e-02  -3.646904e-02  -3.698590e-02  -3.771897e-02  -3.877096e-02  -4.027351e-02  -4.241757e-02  -4.546432e-02  -4.977574e-02  -5.583832e-02  -6.428678e-02  -7.590939e-02  -9.160459e-02  -1.122485e-01  -1.383833e-01  -1.697429e-01  -2.045565e-01  -2.391587e-01  -2.685319e-01  -2.884644e-01  -2.983273e-01  -3.014554e-01
   69  -2.103932e-02  -2.106085e-02  -2.106730e-02  -2.108716e-02  -2.110578e-02  -2.113801e-02  -2.117236e-02  -2.123088e-02  -2.130481e-02  -2.142093e-02  -2.157624e-02  -2.178532e-02  -2.208634e-02  -2.247219e-02  -2.294433e-02  -2.357090e-02  -2.429655e-02  -2.511438e-02  -2.605204e-02  -2.706181e-02  -2.813995e-02  -2.926135e-02  -3.040440e-02  -3.152105e-02  -3.255159e-02  -3.345766e-02  -3.419210e-02  -3.474457e-02  -3.516015e-02  -3.550395e-02  -3.588522e-02  -3.639070e-02  -3.710761e-02  -3.813635e-02  -3.960556e-02  -4.170178e-02  -4.468002e-02  -4.889338e-02  -5.481588e-02  -6.306468e-02  -7.440379e-02  -8.969901e-02  -1.097846e-01  -1.351538e-01  -1.654930e-01  -1.990147e-01  -2.321084e-01  -2.599313e-01  -2.785565e-01  -2.875959e-01  -2.903869e-01
   70  -2.077787e-02  -2.079898e-02  -2.080530e-02  -2.082478e-02  -2.084303e-02  -2.087462e-02  -2.090830e-02  -2.096567e-02  -2.103814e-02  -2.115198e-02  -2.130422e-02  -2.150918e-02  -2.180426e-02  -2.218249e-02  -2.264528e-02  -2.325940e-02  -2.397058e-02  -2.477202e-02  -2.569077e-02  -2.668005e-02  -2.773613e-02  -2.883439e-02  -2.995364e-02  -3.104680e-02  -3.205543e-02  -3.294202e-02  -3.366049e-02  -3.420083e-02  -3.460722e-02  -3.494342e-02  -3.531631e-02  -3.581069e-02  -3.651184e-02  -3.751790e-02  -3.895458e-02  -4.100413e-02  -4.391553e-02  -4.803323e-02  -5.381903e-02  -6.187296e-02  -7.293535e-02  -8.784013e-02  -1.073801e-01  -1.320024e-01  -1.613473e-01  -1.936135e-01  -2.252453e-01  -2.515774e-01  -2.689598e-01  -2.772314e-01  -2.797148e-01
   71  -2.052359e-02  -2.054429e-02  -2.055048e-02  -2.056958e-02  -2.058747e-02  -2.061845e-02  -2.065147e-02  -2.070771e-02  -2.077876e-02  -2.089037e-02  -2.103962e-02  -2.124056e-02  -2.152984e-02  -2.190063e-02  -2.235429e-02  -2.295626e-02  -2.365332e-02  -2.443875e-02  -2.533905e-02  -2.630831e-02  -2.734285e-02  -2.841852e-02  -2.951453e-02  -3.058476e-02  -3.157197e-02  -3.243954e-02  -3.314242e-02  -3.367090e-02  -3.406831e-02  -3.439711e-02  -3.476181e-02  -3.524536e-02  -3.593114e-02  -3.691507e-02  -3.832002e-02  -4.032404e-02  -4.317021e-02  -4.719456e-02  -5.284695e-02  -6.071068e-02  -7.150296e-02  -8.602659e-02  -1.050348e-01  -1.289278e-01  -1.573046e-01  -1.883493e-01  -2.185679e-01  -2.434690e-01  -2.596722e-01  -2.672282e-01  -2.694325e-01
   72  -2.027620e-02  -2.029650e-02  -2.030257e-02  -2.032129e-02  -2.033884e-02  -2.036921e-02  -2.040158e-02  -2.045673e-02  -2.052640e-02  -2.063583e-02  -2.078217e-02  -2.097918e-02  -2.126280e-02  -2.162632e-02  -2.207107e-02  -2.266118e-02  -2.334446e-02  -2.411426e-02  -2.499654e-02  -2.594625e-02  -2.695976e-02  -2.801336e-02  -2.908667e-02  -3.013449e-02  -3.110080e-02  -3.194978e-02  -3.263742e-02  -3.315432e-02  -3.354298e-02  -3.386453e-02  -3.422125e-02  -3.469424e-02  -3.536501e-02  -3.632735e-02  -3.770133e-02  -3.966092e-02  -4.244344e-02  -4.637668e-02  -5.189885e-02  -5.957693e-02  -7.010552e-02  -8.425712e-02  -1.027463e-01  -1.259280e-01  -1.533621e-01  -1.832215e-01  -2.120735e-01  -2.356032e-01  -2.506891e-01  -2.575806e-01  -2.595331e-01
   73  -2.003545e-02  -2.005535e-02  -2.006131e-02  -2.007967e-02  -2.009687e-02  -2.012666e-02  -2.015840e-02  -2.021248e-02  -2.028079e-02  -2.038809e-02  -2.053159e-02  -2.072476e-02  -2.100286e-02  -2.135929e-02  -2.179534e-02  -2.237387e-02  -2.304368e-02  -2.379822e-02  -2.466291e-02  -2.559353e-02  -2.658650e-02  -2.761854e-02  -2.866967e-02  -2.969561e-02  -3.064149e-02  -3.147231e-02  -3.214506e-02  -3.265066e-02  -3.303075e-02  -3.334524e-02  -3.369418e-02  -3.415685e-02  -3.481298e-02  -3.575424e-02  -3.709800e-02  -3.901422e-02  -4.173462e-02  -4.557892e-02  -5.097398e-02  -5.847082e-02  -6.874202e-02  -8.253049e-02  -1.005131e-01  -1.230020e-01  -1.495177e-01  -1.782273e-01  -2.057603e-01  -2.279760e-01  -2.420069e-01  -2.482820e-01  -2.500074e-01
   74  -1.980110e-02  -1.982062e-02  -1.982646e-02  -1.984446e-02  -1.986133e-02  -1.989054e-02  -1.992167e-02  -1.997470e-02  -2.004170e-02  -2.014692e-02  -2.028764e-02  -2.047707e-02  -2.074977e-02  -2.109927e-02  -2.152682e-02  -2.209405e-02  -2.275071e-02  -2.349035e-02  -2.433784e-02  -2.524982e-02  -2.622273e-02  -2.723371e-02  -2.826317e-02  -2.926772e-02  -3.019365e-02  -3.100673e-02  -3.166494e-02  -3.215948e-02  -3.253122e-02  -3.283881e-02  -3.318014e-02  -3.363274e-02  -3.427457e-02  -3.519527e-02  -3.650953e-02  -3.838342e-02  -4.104316e-02  -4.480065e-02  -5.007161e-02  -5.739152e-02  -6.741144e-02  -8.084549e-02  -9.833358e-02  -1.201471e-01  -1.457703e-01  -1.733639e-01  -1.996252e-01  -2.205848e-01  -2.336205e-01  -2.393251e-01  -2.408464e-01
   75  -1.957291e-02  -1.959205e-02  -1.959777e-02  -1.961543e-02  -1.963198e-02  -1.966062e-02  -1.969116e-02  -1.974317e-02  -1.980887e-02  -1.991206e-02  -2.005007e-02  -2.023584e-02  -2.050327e-02  -2.084601e-02  -2.126526e-02  -2.182145e-02  -2.246526e-02  -2.319034e-02  -2.402105e-02  -2.491481e-02  -2.586811e-02  -2.685852e-02  -2.786681e-02  -2.885047e-02  -2.975689e-02  -3.055264e-02  -3.119663e-02  -3.168038e-02  -3.204395e-02  -3.234481e-02  -3.267871e-02  -3.312148e-02  -3.374937e-02  -3.464997e-02  -3.593544e-02  -3.776799e-02  -4.036852e-02  -4.404124e-02  -4.919105e-02  -5.633822e-02  -6.611285e-02  -7.920100e-02  -9.620698e-02  -1.173624e-01  -1.421173e-01  -1.686297e-01  -1.936650e-01  -2.134255e-01  -2.255238e-01  -2.307031e-01  -2.320410e-01
   76  -1.935065e-02  -1.936942e-02  -1.937504e-02  -1.939236e-02  -1.940859e-02  -1.943668e-02  -1.946663e-02  -1.951764e-02  -1.958208e-02  -1.968330e-02  -1.981865e-02  -2.000085e-02  -2.026314e-02  -2.059926e-02  -2.101041e-02  -2.155580e-02  -2.218707e-02  -2.289793e-02  -2.371223e-02  -2.458820e-02  -2.552234e-02  -2.649264e-02  -2.748025e-02  -2.844349e-02  -2.933085e-02  -3.010966e-02  -3.073977e-02  -3.121296e-02  -3.156856e-02  -3.186283e-02  -3.218949e-02  -3.262266e-02  -3.323692e-02  -3.411792e-02  -3.537526e-02  -3.716746e-02  -3.971017e-02  -4.330012e-02  -4.833164e-02  -5.531015e-02  -6.484532e-02  -7.759592e-02  -9.413200e-02  -1.146460e-01  -1.385567e-01  -1.640222e-01  -1.878777e-01  -2.064943e-01  -2.177115e-01  -2.224059e-01  -2.235811e-01
   77  -1.913410e-02  -1.915252e-02  -1.915803e-02  -1.917502e-02  -1.919094e-02  -1.921850e-02  -1.924787e-02  -1.929791e-02  -1.936112e-02  -1.946040e-02  -1.959316e-02  -1.977187e-02  -2.002913e-02  -2.035880e-02  -2.076202e-02  -2.129688e-02  -2.191588e-02  -2.261285e-02  -2.341111e-02  -2.426969e-02  -2.518511e-02  -2.613577e-02  -2.710316e-02  -2.804644e-02  -2.891518e-02  -2.967743e-02  -3.029397e-02  -3.075686e-02  -3.110466e-02  -3.139250e-02  -3.171208e-02  -3.213588e-02  -3.273684e-02  -3.359868e-02  -3.482857e-02  -3.658135e-02  -3.906760e-02  -4.257673e-02  -4.749272e-02  -5.430655e-02  -6.360797e-02  -7.602916e-02  -9.210670e-02  -1.119965e-01  -1.350871e-01  -1.595387e-01  -1.822594e-01  -1.997866e-01  -2.101762e-01  -2.144263e-01  -2.154561e-01
   78  -1.892307e-02  -1.894114e-02  -1.894654e-02  -1.896321e-02  -1.897883e-02  -1.900586e-02  -1.903468e-02  -1.908376e-02  -1.914577e-02  -1.924315e-02  -1.937339e-02  -1.954869e-02  -1.980103e-02  -2.012439e-02  -2.051987e-02  -2.104443e-02  -2.165145e-02  -2.233484e-02  -2.311743e-02  -2.395902e-02  -2.485614e-02  -2.578759e-02  -2.673522e-02  -2.765900e-02  -2.850954e-02  -2.925560e-02  -2.985887e-02  -3.031169e-02  -3.065188e-02  -3.093345e-02  -3.124610e-02  -3.166075e-02  -3.224871e-02  -3.309186e-02  -3.429492e-02  -3.600921e-02  -3.844032e-02  -4.187050e-02  -4.667369e-02  -5.332673e-02  -6.239996e-02  -7.449973e-02  -9.013048e-02  -1.094123e-01  -1.317061e-01  -1.551776e-01  -1.768073e-01  -1.932982e-01  -2.029128e-01  -2.067550e-01  -2.076552e-01
   79  -1.871735e-02  -1.873508e-02  -1.874038e-02  -1.875673e-02  -1.877205e-02  -1.879857e-02  -1.882684e-02  -1.887500e-02  -1.893583e-02  -1.903137e-02  -1.915913e-02  -1.933109e-02  -1.957863e-02  -1.989583e-02  -2.028374e-02  -2.079823e-02  -2.139354e-02  -2.206365e-02  -2.283094e-02  -2.365591e-02  -2.453514e-02  -2.544782e-02  -2.637614e-02  -2.728085e-02  -2.811359e-02  -2.884384e-02  -2.943414e-02  -2.987712e-02  -3.020987e-02  -3.048530e-02  -3.079120e-02  -3.119691e-02  -3.177217e-02  -3.259705e-02  -3.377391e-02  -3.545061e-02  -3.782785e-02  -4.118094e-02  -4.587396e-02  -5.236999e-02  -6.122046e-02  -7.300673e-02  -8.820154e-02  -1.068917e-01  -1.284126e-01  -1.509361e-01  -1.715183e-01  -1.870243e-01  -1.959133e-01  -1.993822e-01  -2.001680e-01
   80  -1.851676e-02  -1.853415e-02  -1.853935e-02  -1.855539e-02  -1.857042e-02  -1.859644e-02  -1.862418e-02  -1.867142e-02  -1.873110e-02  -1.882484e-02  -1.895018e-02  -1.911889e-02  -1.936173e-02  -1.967290e-02  -2.005342e-02  -2.055806e-02  -2.114192e-02  -2.179906e-02  -2.255138e-02  -2.336010e-02  -2.422186e-02  -2.511618e-02  -2.602561e-02  -2.691169e-02  -2.772703e-02  -2.844182e-02  -2.901945e-02  -2.945280e-02  -2.977828e-02  -3.004772e-02  -3.034702e-02  -3.074399e-02  -3.130686e-02  -3.211389e-02  -3.326515e-02  -3.490512e-02  -3.722975e-02  -4.050753e-02  -4.509295e-02  -5.143567e-02  -6.006868e-02  -7.154891e-02  -8.631924e-02  -1.044339e-01  -1.252041e-01  -1.468119e-01  -1.663892e-01  -1.809600e-01  -1.891712e-01  -1.922991e-01  -1.929843e-01
   81  -1.832110e-02  -1.833816e-02  -1.834327e-02  -1.835901e-02  -1.837376e-02  -1.839929e-02  -1.842650e-02  -1.847286e-02  -1.853141e-02  -1.862338e-02  -1.874636e-02  -1.891188e-02  -1.915013e-02  -1.945541e-02  -1.982870e-02  -2.032372e-02  -2.089639e-02  -2.154084e-02  -2.227852e-02  -2.307136e-02  -2.391602e-02  -2.479240e-02  -2.568337e-02  -2.655123e-02  -2.734956e-02  -2.804923e-02  -2.861447e-02  -2.903842e-02  -2.935679e-02  -2.962037e-02  -2.991322e-02  -3.030167e-02  -3.085241e-02  -3.164200e-02  -3.276826e-02  -3.437235e-02  -3.664557e-02  -3.984980e-02  -4.433012e-02  -5.052313e-02  -5.894389e-02  -7.012564e-02  -8.448187e-02  -1.020365e-01  -1.220787e-01  -1.428025e-01  -1.614160e-01  -1.751001e-01  -1.826792e-01  -1.854961e-01  -1.860921e-01
   82  -1.813021e-02  -1.814695e-02  -1.815196e-02  -1.816741e-02  -1.818188e-02  -1.820693e-02  -1.823363e-02  -1.827912e-02  -1.833658e-02  -1.842681e-02  -1.854748e-02  -1.870989e-02  -1.894366e-02  -1.924317e-02  -1.960939e-02  -2.009500e-02  -2.065672e-02  -2.128877e-02  -2.201213e-02  -2.278945e-02  -2.361739e-02  -2.447623e-02  -2.534914e-02  -2.619918e-02  -2.698088e-02  -2.766577e-02  -2.821890e-02  -2.863366e-02  -2.894509e-02  -2.920294e-02  -2.948949e-02  -2.986960e-02  -3.040850e-02  -3.118105e-02  -3.228288e-02  -3.385191e-02  -3.607492e-02  -3.920728e-02  -4.358495e-02  -4.963176e-02  -5.784533e-02  -6.873593e-02  -8.268905e-02  -9.969840e-02  -1.190350e-01  -1.389056e-01  -1.565961e-01  -1.694405e-01  -1.764294e-01  -1.789640e-01  -1.794814e-01
   83  -1.794392e-02  -1.796035e-02  -1.796527e-02  -1.798042e-02  -1.799462e-02  -1.801921e-02  -1.804541e-02  -1.809004e-02  -1.814642e-02  -1.823497e-02  -1.835338e-02  -1.851275e-02  -1.874212e-02  -1.903600e-02  -1.939530e-02  -1.987171e-02  -2.042273e-02  -2.104264e-02  -2.175201e-02  -2.251414e-02  -2.332573e-02  -2.416741e-02  -2.502266e-02  -2.585527e-02  -2.662071e-02  -2.729115e-02  -2.783245e-02  -2.823822e-02  -2.854286e-02  -2.879512e-02  -2.907551e-02  -2.944747e-02  -2.997481e-02  -3.073071e-02  -3.180866e-02  -3.334343e-02  -3.551737e-02  -3.857953e-02  -4.285693e-02  -4.876098e-02  -5.677231e-02  -6.737893e-02  -8.093887e-02  -9.741914e-02  -1.160713e-01  -1.351188e-01  -1.519258e-01  -1.639748e-01  -1.704153e-01  -1.726932e-01  -1.731418e-01
   84  -1.776207e-02  -1.777819e-02  -1.778301e-02  -1.779789e-02  -1.781182e-02  -1.783595e-02  -1.786166e-02  -1.790546e-02  -1.796079e-02  -1.804769e-02  -1.816389e-02  -1.832027e-02  -1.854536e-02  -1.883372e-02  -1.918626e-02  -1.965367e-02  -2.019422e-02  -2.080226e-02  -2.149794e-02  -2.224521e-02  -2.304081e-02  -2.386570e-02  -2.470369e-02  -2.551926e-02  -2.626880e-02  -2.692511e-02  -2.745483e-02  -2.785181e-02  -2.814982e-02  -2.839662e-02  -2.867099e-02  -2.903498e-02  -2.955101e-02  -3.029064e-02  -3.134526e-02  -3.284655e-02  -3.497255e-02  -3.796611e-02  -4.214557e-02  -4.791021e-02  -5.572414e-02  -6.605381e-02  -7.923149e-02  -9.519650e-02  -1.131855e-01  -1.314399e-01  -1.474014e-01  -1.586985e-01  -1.646294e-01  -1.666738e-01  -1.670623e-01
   85  -1.758449e-02  -1.760032e-02  -1.760505e-02  -1.761965e-02  -1.763333e-02  -1.765700e-02  -1.768224e-02  -1.772523e-02  -1.777953e-02  -1.786481e-02  -1.797885e-02  -1.813232e-02  -1.835320e-02  -1.863617e-02  -1.898210e-02  -1.944070e-02  -1.997101e-02  -2.056744e-02  -2.124972e-02  -2.198246e-02  -2.276242e-02  -2.357089e-02  -2.439199e-02  -2.519089e-02  -2.592488e-02  -2.656737e-02  -2.708577e-02  -2.747417e-02  -2.776569e-02  -2.800714e-02  -2.827563e-02  -2.863184e-02  -2.913682e-02  -2.986054e-02  -3.089236e-02  -3.236093e-02  -3.444008e-02  -3.736662e-02  -4.145040e-02  -4.707890e-02  -5.470017e-02  -6.475974e-02  -7.756436e-02  -9.302932e-02  -1.103763e-01  -1.278660e-01  -1.430195e-01  -1.536065e-01  -1.590639e-01  -1.608973e-01  -1.612330e-01
   86  -1.741106e-02  -1.742659e-02  -1.743124e-02  -1.744556e-02  -1.745899e-02  -1.748223e-02  -1.750700e-02  -1.754919e-02  -1.760248e-02  -1.768618e-02  -1.779810e-02  -1.794872e-02  -1.816549e-02  -1.844318e-02  -1.878264e-02  -1.923262e-02  -1.975291e-02  -2.033798e-02  -2.100716e-02  -2.172569e-02  -2.249034e-02  -2.328275e-02  -2.408733e-02  -2.486993e-02  -2.558870e-02  -2.621768e-02  -2.672501e-02  -2.710501e-02  -2.739019e-02  -2.762643e-02  -2.788916e-02  -2.823776e-02  -2.873194e-02  -2.944011e-02  -3.044964e-02  -3.188624e-02  -3.391960e-02  -3.678066e-02  -4.077098e-02  -4.626653e-02  -5.369976e-02  -6.349595e-02  -7.593752e-02  -9.091623e-02  -1.076416e-01  -1.243947e-01  -1.387765e-01  -1.486936e-01  -1.537115e-01  -1.553542e-01  -1.556442e-01
   87  -1.724162e-02  -1.725686e-02  -1.726142e-02  -1.727548e-02  -1.728866e-02  -1.731147e-02  -1.733578e-02  -1.737719e-02  -1.742950e-02  -1.751166e-02  -1.762150e-02  -1.776933e-02  -1.798208e-02  -1.825461e-02  -1.858773e-02  -1.902929e-02  -1.953977e-02  -2.011373e-02  -2.077008e-02  -2.147469e-02  -2.222437e-02  -2.300107e-02  -2.378948e-02  -2.455613e-02  -2.526003e-02  -2.587579e-02  -2.637230e-02  -2.674409e-02  -2.702308e-02  -2.725420e-02  -2.751132e-02  -2.785248e-02  -2.833609e-02  -2.902907e-02  -3.001681e-02  -3.142215e-02  -3.341077e-02  -3.620784e-02  -4.010685e-02  -4.547258e-02  -5.272231e-02  -6.226169e-02  -7.435006e-02  -8.885646e-02  -1.049798e-01  -1.210240e-01  -1.346690e-01  -1.439539e-01  -1.485650e-01  -1.500357e-01  -1.502859e-01
   88  -1.707603e-02  -1.709100e-02  -1.709547e-02  -1.710928e-02  -1.712221e-02  -1.714460e-02  -1.716846e-02  -1.720911e-02  -1.726046e-02  -1.734110e-02  -1.744892e-02  -1.759402e-02  -1.780283e-02  -1.807031e-02  -1.839723e-02  -1.883053e-02  -1.933142e-02  -1.989450e-02  -2.053830e-02  -2.122930e-02  -2.196433e-02  -2.272565e-02  -2.349824e-02  -2.424929e-02  -2.493863e-02  -2.554147e-02  -2.602739e-02  -2.639116e-02  -2.666409e-02  -2.689022e-02  -2.714184e-02  -2.747572e-02  -2.794902e-02  -2.862714e-02  -2.959358e-02  -3.096838e-02  -3.291326e-02  -3.564780e-02  -3.945762e-02  -4.469657e-02  -5.176720e-02  -6.105620e-02  -7.280044e-02  -8.684844e-02  -1.023893e-01  -1.177514e-01  -1.306936e-01  -1.393829e-01  -1.436174e-01  -1.449324e-01  -1.451477e-01
   89  -1.691418e-02  -1.692886e-02  -1.693326e-02  -1.694681e-02  -1.695951e-02  -1.698149e-02  -1.700491e-02  -1.704482e-02  -1.709522e-02  -1.717437e-02  -1.728021e-02  -1.742263e-02  -1.762759e-02  -1.789013e-02  -1.821098e-02  -1.863620e-02  -1.912770e-02  -1.968013e-02  -2.031165e-02  -2.098933e-02  -2.171001e-02  -2.245629e-02  -2.321341e-02  -2.394919e-02  -2.462429e-02  -2.521449e-02  -2.569006e-02  -2.604598e-02  -2.631298e-02  -2.653424e-02  -2.678048e-02  -2.710726e-02  -2.757046e-02  -2.823405e-02  -2.917967e-02  -3.052461e-02  -3.242674e-02  -3.510019e-02  -3.882286e-02  -4.393801e-02  -5.083387e-02  -5.987879e-02  -7.128836e-02  -8.489077e-02  -9.986829e-02  -1.145744e-01  -1.268459e-01  -1.349746e-01  -1.388617e-01  -1.400366e-01  -1.402217e-01
   90  -1.675592e-02  -1.677034e-02  -1.677466e-02  -1.678796e-02  -1.680042e-02  -1.682200e-02  -1.684500e-02  -1.688417e-02  -1.693365e-02  -1.701135e-02  -1.711525e-02  -1.725506e-02  -1.745624e-02  -1.771393e-02  -1.802884e-02  -1.844616e-02  -1.892846e-02  -1.947047e-02  -2.008997e-02  -2.075460e-02  -2.146126e-02  -2.219281e-02  -2.293478e-02  -2.365563e-02  -2.431680e-02  -2.489462e-02  -2.536008e-02  -2.570832e-02  -2.596953e-02  -2.618602e-02  -2.642701e-02  -2.674683e-02  -2.720016e-02  -2.784956e-02  -2.877482e-02  -3.009056e-02  -3.195092e-02  -3.456465e-02  -3.820219e-02  -4.319645e-02  -4.992177e-02  -5.872875e-02  -6.981246e-02  -8.298270e-02  -9.741528e-02  -1.114912e-01  -1.231234e-01  -1.307247e-01  -1.342901e-01  -1.353389e-01  -1.354983e-01
   91  -1.660115e-02  -1.661531e-02  -1.661955e-02  -1.663261e-02  -1.664484e-02  -1.666603e-02  -1.668860e-02  -1.672706e-02  -1.677563e-02  -1.685192e-02  -1.695391e-02  -1.709115e-02  -1.728865e-02  -1.754160e-02  -1.785069e-02  -1.826027e-02  -1.873356e-02  -1.926537e-02  -1.987310e-02  -2.052497e-02  -2.121788e-02  -2.193502e-02  -2.266217e-02  -2.336840e-02  -2.401595e-02  -2.458167e-02  -2.503723e-02  -2.537796e-02  -2.563351e-02  -2.584534e-02  -2.608119e-02  -2.639421e-02  -2.683789e-02  -2.747340e-02  -2.837876e-02  -2.966596e-02  -3.148548e-02  -3.404086e-02  -3.759523e-02  -4.247144e-02  -4.903035e-02  -5.760542e-02  -6.837211e-02  -8.112238e-02  -9.502885e-02  -1.084986e-01  -1.195225e-01  -1.266276e-01  -1.298965e-01  -1.308323e-01  -1.309690e-01
   92  -1.644975e-02  -1.646365e-02  -1.646781e-02  -1.648063e-02  -1.649264e-02  -1.651344e-02  -1.653561e-02  -1.657336e-02  -1.662105e-02  -1.669594e-02  -1.679607e-02  -1.693081e-02  -1.712469e-02  -1.737299e-02  -1.767639e-02  -1.807839e-02  -1.854287e-02  -1.906468e-02  -1.966089e-02  -2.030026e-02  -2.097973e-02  -2.168275e-02  -2.239540e-02  -2.308733e-02  -2.372154e-02  -2.427543e-02  -2.472130e-02  -2.505470e-02  -2.530471e-02  -2.551197e-02  -2.574280e-02  -2.604918e-02  -2.648342e-02  -2.710535e-02  -2.799125e-02  -2.925055e-02  -3.103015e-02  -3.352849e-02  -3.700161e-02  -4.176255e-02  -4.815908e-02  -5.650812e-02  -6.696650e-02  -7.930967e-02  -9.270694e-02  -1.055947e-01  -1.160391e-01  -1.226782e-01  -1.256743e-01  -1.265085e-01  -1.266260e-01
   93  -1.630161e-02  -1.631525e-02  -1.631934e-02  -1.633193e-02  -1.634372e-02  -1.636414e-02  -1.638590e-02  -1.642297e-02  -1.646979e-02  -1.654332e-02  -1.664163e-02  -1.677391e-02  -1.696425e-02  -1.720800e-02  -1.750583e-02  -1.790040e-02  -1.835624e-02  -1.886828e-02  -1.945320e-02  -2.008033e-02  -2.074663e-02  -2.143585e-02  -2.213430e-02  -2.281222e-02  -2.343339e-02  -2.397570e-02  -2.441210e-02  -2.473832e-02  -2.498292e-02  -2.518572e-02  -2.541164e-02  -2.571151e-02  -2.613652e-02  -2.674517e-02  -2.761205e-02  -2.884407e-02  -3.058464e-02  -3.302725e-02  -3.642099e-02  -4.106937e-02  -4.730747e-02  -5.543624e-02  -6.559432e-02  -7.754272e-02  -9.044823e-02  -1.027768e-01  -1.126705e-01  -1.188724e-01  -1.216164e-01  -1.223593e-01  -1.224601e-01
   94  -1.615662e-02  -1.617002e-02  -1.617402e-02  -1.618638e-02  -1.619797e-02  -1.621802e-02  -1.623938e-02  -1.627578e-02  -1.632175e-02  -1.639394e-02  -1.649047e-02  -1.662034e-02  -1.680720e-02  -1.704651e-02  -1.733887e-02  -1.772617e-02  -1.817356e-02  -1.867601e-02  -1.924988e-02  -1.986503e-02  -2.051844e-02  -2.119414e-02  -2.187869e-02  -2.254292e-02  -2.315131e-02  -2.368229e-02  -2.410943e-02  -2.442863e-02  -2.466793e-02  -2.486638e-02  -2.508749e-02  -2.538100e-02  -2.579698e-02  -2.639266e-02  -2.724092e-02  -2.844627e-02  -3.014870e-02  -3.253684e-02  -3.585302e-02  -4.039150e-02  -4.647502e-02  -5.438914e-02  -6.425534e-02  -7.582028e-02  -8.825124e-02  -1.000434e-01  -1.094130e-01  -1.152043e-01  -1.177166e-01  -1.183780e-01  -1.184642e-01
   95  -1.601467e-02  -1.602783e-02  -1.603177e-02  -1.604390e-02  -1.605527e-02  -1.607496e-02  -1.609594e-02  -1.613168e-02  -1.617682e-02  -1.624771e-02  -1.634248e-02  -1.646999e-02  -1.665346e-02  -1.688840e-02  -1.717541e-02  -1.755559e-02  -1.799470e-02  -1.848776e-02  -1.905081e-02  -1.965422e-02  -2.029501e-02  -2.095747e-02  -2.162842e-02  -2.227923e-02  -2.287513e-02  -2.339503e-02  -2.381310e-02  -2.412544e-02  -2.435957e-02  -2.455374e-02  -2.477016e-02  -2.505745e-02  -2.546461e-02  -2.604758e-02  -2.687765e-02  -2.805692e-02  -2.972205e-02  -3.205696e-02  -3.529737e-02  -3.972854e-02  -4.566126e-02  -5.336623e-02  -6.294833e-02  -7.414213e-02  -8.611412e-02  -9.739205e-02  -1.062631e-01  -1.116697e-01  -1.139690e-01  -1.145574e-01  -1.146315e-01
   96  -1.587568e-02  -1.588860e-02  -1.589247e-02  -1.590438e-02  -1.591555e-02  -1.593488e-02  -1.595549e-02  -1.599058e-02  -1.603490e-02  -1.610451e-02  -1.619756e-02  -1.632276e-02  -1.650290e-02  -1.673357e-02  -1.701534e-02  -1.738854e-02  -1.781953e-02  -1.830341e-02  -1.885586e-02  -1.944778e-02  -2.007620e-02  -2.072570e-02  -2.138332e-02  -2.202101e-02  -2.260468e-02  -2.311374e-02  -2.352294e-02  -2.382857e-02  -2.405763e-02  -2.424764e-02  -2.445946e-02  -2.474066e-02  -2.513919e-02  -2.570974e-02  -2.652202e-02  -2.767579e-02  -2.930446e-02  -3.158733e-02  -3.475372e-02  -3.908011e-02  -4.486571e-02  -5.237306e-02  -6.167314e-02  -7.250667e-02  -8.403601e-02  -9.481971e-02  -1.032181e-01  -1.082637e-01  -1.103673e-01  -1.108905e-01  -1.109540e-01
   97  -1.573955e-02  -1.575223e-02  -1.575603e-02  -1.576773e-02  -1.577870e-02  -1.579768e-02  -1.581791e-02  -1.585237e-02  -1.589590e-02  -1.596425e-02  -1.605562e-02  -1.617856e-02  -1.635544e-02  -1.658192e-02  -1.685855e-02  -1.722492e-02  -1.764796e-02  -1.812283e-02  -1.866489e-02  -1.924555e-02  -1.986187e-02  -2.049867e-02  -2.114326e-02  -2.176810e-02  -2.233980e-02  -2.283824e-02  -2.323878e-02  -2.353783e-02  -2.376195e-02  -2.394788e-02  -2.415520e-02  -2.443046e-02  -2.482054e-02  -2.537894e-02  -2.617382e-02  -2.730265e-02  -2.889568e-02  -3.112770e-02  -3.422177e-02  -3.844585e-02  -4.408794e-02  -5.139650e-02  -6.042854e-02  -7.091287e-02  -8.201483e-02  -9.232544e-02  -1.002741e-01  -1.049819e-01  -1.069057e-01  -1.073708e-01  -1.074246e-01
   98  -1.560618e-02  -1.561864e-02  -1.562237e-02  -1.563386e-02  -1.564463e-02  -1.566327e-02  -1.568314e-02  -1.571698e-02  -1.575972e-02  -1.582684e-02  -1.591657e-02  -1.603729e-02  -1.621097e-02  -1.643334e-02  -1.670494e-02  -1.706461e-02  -1.747986e-02  -1.794591e-02  -1.847780e-02  -1.904743e-02  -1.965189e-02  -2.027627e-02  -2.090808e-02  -2.152034e-02  -2.208033e-02  -2.256839e-02  -2.296044e-02  -2.325307e-02  -2.347234e-02  -2.365428e-02  -2.385721e-02  -2.412665e-02  -2.450847e-02  -2.505499e-02  -2.583286e-02  -2.693730e-02  -2.849549e-02  -3.067780e-02  -3.370121e-02  -3.782540e-02  -4.332750e-02  -5.044242e-02  -5.921384e-02  -6.935935e-02  -8.004970e-02  -8.990620e-02  -9.742800e-02  -1.018199e-01  -1.035786e-01  -1.039917e-01  -1.040381e-01
   99  -1.547550e-02  -1.548773e-02  -1.549139e-02  -1.550268e-02  -1.551325e-02  -1.553156e-02  -1.555107e-02  -1.558431e-02  -1.562628e-02  -1.569219e-02  -1.578031e-02  -1.589885e-02  -1.606940e-02  -1.628775e-02  -1.655441e-02  -1.690752e-02  -1.731514e-02  -1.777254e-02  -1.829447e-02  -1.885330e-02  -1.944614e-02  -2.005834e-02  -2.067765e-02  -2.127759e-02  -2.182612e-02  -2.230401e-02  -2.268776e-02  -2.297412e-02  -2.318865e-02  -2.336669e-02  -2.356532e-02  -2.382906e-02  -2.420280e-02  -2.473771e-02  -2.549893e-02  -2.657953e-02  -2.810364e-02  -3.023737e-02  -3.319176e-02  -3.721842e-02  -4.258403e-02  -4.951071e-02  -5.802838e-02  -6.784603e-02  -7.813843e-02  -8.756033e-02  -9.467747e-02  -9.877325e-02  -1.003805e-01  -1.007473e-01  -1.007873e-01
  100  -1.534741e-02  -1.535942e-02  -1.536302e-02  -1.537410e-02  -1.538449e-02  -1.540247e-02  -1.542163e-02  -1.545427e-02  -1.549549e-02  -1.556022e-02  -1.564676e-02  -1.576317e-02  -1.593065e-02  -1.614506e-02  -1.640688e-02  -1.675355e-02  -1.715370e-02  -1.760262e-02  -1.811478e-02  -1.866303e-02  -1.924449e-02  -1.984477e-02  -2.045183e-02  -2.103972e-02  -2.157702e-02  -2.204497e-02  -2.242060e-02  -2.270081e-02  -2.291072e-02  -2.308494e-02  -2.327936e-02  -2.353753e-02  -2.390337e-02  -2.442691e-02  -2.517185e-02  -2.622913e-02  -2.771994e-02  -2.980618e-02  -3.269313e-02  -3.662458e-02  -4.185694e-02  -4.859992e-02  -5.687109e-02  -6.637113e-02  -7.628019e-02  -8.528550e-02  -9.201855e-02  -9.583805e-02  -9.730613e-02  -9.763180e-02  -9.766588e-02
