# k loading Love number for a Heaviside load
# Computed by ISSM on 19-Mar-2026 11:28:55
#
#   n         k_n(t)
    1  -1.000000e+00  -1.000000e+00  -1.000000e+00  -1.000000e+00  -1.000000e+00  -1.000000e+00  -1.000000e+00  -1.000000e+00  -1.000000e+00  -1.000000e+00  -1.000000e+00  -1.000000e+00  -1.000000e+00  -1.000000e+00  -1.000000e+00  -1.000000e+00  -1.000000e+00  -1.000000e+00  -1.000000e+00  -1.000000e+00  -1.000000e+00  -1.000000e+00  -1.000000e+00  -1.000000e+00  -1.000000e+00  -1.000000e+00  -1.000000e+00  -1.000000e+00  -1.000000e+00  -1.000000e+00  -1.000000e+00  -1.000000e+00  -1.000000e+00  -1.000000e+00  -1.000000e+00  -1.000000e+00  -1.000000e+00  -1.000000e+00  -1.000000e+00  -1.000000e+00  -1.000000e+00  -1.000000e+00  -1.000000e+00  -1.000000e+00  -1.000000e+00  -1.000000e+00  -1.000000e+00  -1.000000e+00  -1.000000e+00  -1.000000e+00  -1.000000e+00
    2  -3.121890e-01  -3.122446e-01  -3.122689e-01  -3.123037e-01  -3.123537e-01  -3.124255e-01  -3.125285e-01  -3.126763e-01  -3.128889e-01  -3.131938e-01  -3.136300e-01  -3.142569e-01  -3.151552e-01  -3.164397e-01  -3.182756e-01  -3.208950e-01  -3.246196e-01  -3.298963e-01  -3.373237e-01  -3.476930e-01  -3.619952e-01  -3.813830e-01  -4.070340e-01  -4.398334e-01  -4.798322e-01  -5.255399e-01  -5.734202e-01  -6.182356e-01  -6.548482e-01  -6.807459e-01  -6.970235e-01  -7.065015e-01  -7.116162e-01  -7.144167e-01  -7.167388e-01  -7.197085e-01  -7.238780e-01  -7.297163e-01  -7.378221e-01  -7.489043e-01  -7.637560e-01  -7.830894e-01  -8.072584e-01  -8.358492e-01  -8.672456e-01  -8.985186e-01  -9.260402e-01  -9.467946e-01  -9.597197e-01  -9.661625e-01  -9.690442e-01
    3  -2.030339e-01  -2.030804e-01  -2.031007e-01  -2.031299e-01  -2.031717e-01  -2.032318e-01  -2.033181e-01  -2.034419e-01  -2.036194e-01  -2.038749e-01  -2.042406e-01  -2.047651e-01  -2.055180e-01  -2.065957e-01  -2.081388e-01  -2.103431e-01  -2.134861e-01  -2.179536e-01  -2.242767e-01  -2.331703e-01  -2.455668e-01  -2.626312e-01  -2.857046e-01  -3.161291e-01  -3.548684e-01  -4.018503e-01  -4.551432e-01  -5.103106e-01  -5.608018e-01  -6.001435e-01  -6.253607e-01  -6.386000e-01  -6.447612e-01  -6.480691e-01  -6.510141e-01  -6.548359e-01  -6.601936e-01  -6.677043e-01  -6.781289e-01  -6.923926e-01  -7.115115e-01  -7.363947e-01  -7.674733e-01  -8.041235e-01  -8.440654e-01  -8.832199e-01  -9.166596e-01  -9.407302e-01  -9.549357e-01  -9.618796e-01  -9.653923e-01
    4  -1.370012e-01  -1.370383e-01  -1.370544e-01  -1.370776e-01  -1.371110e-01  -1.371591e-01  -1.372276e-01  -1.373263e-01  -1.374678e-01  -1.376710e-01  -1.379627e-01  -1.383808e-01  -1.389811e-01  -1.398413e-01  -1.410734e-01  -1.428360e-01  -1.453532e-01  -1.489393e-01  -1.540332e-01  -1.612326e-01  -1.713397e-01  -1.853898e-01  -2.046570e-01  -2.305679e-01  -2.644720e-01  -3.071596e-01  -3.580827e-01  -4.144060e-01  -4.704550e-01  -5.186345e-01  -5.526409e-01  -5.714132e-01  -5.796480e-01  -5.835453e-01  -5.869472e-01  -5.913843e-01  -5.975991e-01  -6.063187e-01  -6.184522e-01  -6.351000e-01  -6.574994e-01  -6.868025e-01  -7.236497e-01  -7.674500e-01  -8.155870e-01  -8.630477e-01  -9.034674e-01  -9.319457e-01  -9.479947e-01  -9.555992e-01  -9.595099e-01
    5  -1.049523e-01  -1.049831e-01  -1.049965e-01  -1.050157e-01  -1.050431e-01  -1.050831e-01  -1.051399e-01  -1.052216e-01  -1.053392e-01  -1.055073e-01  -1.057493e-01  -1.060963e-01  -1.065940e-01  -1.073071e-01  -1.083294e-01  -1.097931e-01  -1.118849e-01  -1.148695e-01  -1.191153e-01  -1.251328e-01  -1.336093e-01  -1.454559e-01  -1.618183e-01  -1.840469e-01  -2.135440e-01  -2.514068e-01  -2.977739e-01  -3.509013e-01  -4.063104e-01  -4.569334e-01  -4.954386e-01  -5.184343e-01  -5.289582e-01  -5.335728e-01  -5.372237e-01  -5.419235e-01  -5.484976e-01  -5.577330e-01  -5.706156e-01  -5.883543e-01  -6.123372e-01  -6.439314e-01  -6.840348e-01  -7.323218e-01  -7.862745e-01  -8.405507e-01  -8.877680e-01  -9.215545e-01  -9.405100e-01  -9.490369e-01  -9.533916e-01
    6  -8.875116e-02  -8.877788e-02  -8.878953e-02  -8.880626e-02  -8.883028e-02  -8.886477e-02  -8.891439e-02  -8.898547e-02  -8.908746e-02  -8.923394e-02  -8.944424e-02  -8.974628e-02  -9.017892e-02  -9.079965e-02  -9.168948e-02  -9.296338e-02  -9.478593e-02  -9.738740e-02  -1.010918e-01  -1.063485e-01  -1.137686e-01  -1.241671e-01  -1.385844e-01  -1.582774e-01  -1.846085e-01  -2.187614e-01  -2.611914e-01  -3.107768e-01  -3.639049e-01  -4.142520e-01  -4.544448e-01  -4.799203e-01  -4.922475e-01  -4.975664e-01  -5.013726e-01  -5.061327e-01  -5.127755e-01  -5.221142e-01  -5.351681e-01  -5.531977e-01  -5.776831e-01  -6.101371e-01  -6.516929e-01  -7.023415e-01  -7.598842e-01  -8.190820e-01  -8.720723e-01  -9.112692e-01  -9.339295e-01  -9.441506e-01  -9.490450e-01
    7  -7.958037e-02  -7.960441e-02  -7.961489e-02  -7.962993e-02  -7.965162e-02  -7.968257e-02  -7.972713e-02  -7.979098e-02  -7.988303e-02  -8.001471e-02  -8.020376e-02  -8.047563e-02  -8.086506e-02  -8.142353e-02  -8.222440e-02  -8.337129e-02  -8.501163e-02  -8.735510e-02  -9.069368e-02  -9.543456e-02  -1.021359e-01  -1.115411e-01  -1.246127e-01  -1.425258e-01  -1.665872e-01  -1.979991e-01  -2.373777e-01  -2.839789e-01  -3.347913e-01  -3.841276e-01  -4.248425e-01  -4.517988e-01  -4.654805e-01  -4.714314e-01  -4.753662e-01  -4.801067e-01  -4.866960e-01  -4.959614e-01  -5.089344e-01  -5.268995e-01  -5.513787e-01  -5.839969e-01  -6.260647e-01  -6.778702e-01  -7.375880e-01  -8.002769e-01  -8.579608e-01  -9.022016e-01  -9.289029e-01  -9.413746e-01  -9.471709e-01
    8  -7.374544e-02  -7.376753e-02  -7.377716e-02  -7.379100e-02  -7.381061e-02  -7.383937e-02  -7.387995e-02  -7.393909e-02  -7.402349e-02  -7.414462e-02  -7.431828e-02  -7.456781e-02  -7.492580e-02  -7.544003e-02  -7.617597e-02  -7.723034e-02  -7.873909e-02  -8.089484e-02  -8.396729e-02  -8.833262e-02  -9.450719e-02  -1.031837e-01  -1.152622e-01  -1.318518e-01  -1.542075e-01  -1.835277e-01  -2.205217e-01  -2.647018e-01  -3.134970e-01  -3.617361e-01  -4.025578e-01  -4.305153e-01  -4.452824e-01  -4.518130e-01  -4.558741e-01  -4.605706e-01  -4.670640e-01  -4.761929e-01  -4.889904e-01  -5.067495e-01  -5.310208e-01  -5.634978e-01  -6.056406e-01  -6.579839e-01  -7.190688e-01  -7.843153e-01  -8.458313e-01  -8.946195e-01  -9.253706e-01  -9.403908e-01  -9.473385e-01
    9  -6.966083e-02  -6.968143e-02  -6.969040e-02  -6.970329e-02  -6.972180e-02  -6.974838e-02  -6.978654e-02  -6.984133e-02  -6.991998e-02  -7.003304e-02  -7.019514e-02  -7.042783e-02  -7.076163e-02  -7.124037e-02  -7.192649e-02  -7.290920e-02  -7.431630e-02  -7.632677e-02  -7.919300e-02  -8.326759e-02  -8.903422e-02  -9.714407e-02  -1.084472e-01  -1.240006e-01  -1.450125e-01  -1.726682e-01  -2.077419e-01  -2.499344e-01  -2.970158e-01  -3.442444e-01  -3.850381e-01  -4.137689e-01  -4.294728e-01  -4.365491e-01  -4.407472e-01  -4.453984e-01  -4.517842e-01  -4.607583e-01  -4.733512e-01  -4.908564e-01  -5.148454e-01  -5.470498e-01  -5.890584e-01  -6.416144e-01  -7.035907e-01  -7.707830e-01  -8.354845e-01  -8.883200e-01  -9.229478e-01  -9.405922e-01  -9.487754e-01
   10  -6.659043e-02  -6.660981e-02  -6.661826e-02  -6.663039e-02  -6.664781e-02  -6.667282e-02  -6.670873e-02  -6.676053e-02  -6.683439e-02  -6.694058e-02  -6.709284e-02  -6.731227e-02  -6.762606e-02  -6.807661e-02  -6.872238e-02  -6.964787e-02  -7.097221e-02  -7.286530e-02  -7.556461e-02  -7.940364e-02  -8.483927e-02  -9.248861e-02  -1.031617e-01  -1.178691e-01  -1.377804e-01  -1.640673e-01  -1.975481e-01  -2.380730e-01  -2.836903e-01  -3.300237e-01  -3.707526e-01  -4.001390e-01  -4.166935e-01  -4.243022e-01  -4.286466e-01  -4.332599e-01  -4.395359e-01  -4.483542e-01  -4.607365e-01  -4.779787e-01  -5.016506e-01  -5.335366e-01  -5.753018e-01  -6.278875e-01  -6.904541e-01  -7.591606e-01  -8.265264e-01  -8.829495e-01  -9.211964e-01  -9.414127e-01  -9.507977e-01
   11  -6.415577e-02  -6.417413e-02  -6.418214e-02  -6.419363e-02  -6.421014e-02  -6.423384e-02  -6.426776e-02  -6.431673e-02  -6.438687e-02  -6.448768e-02  -6.463213e-02  -6.483959e-02  -6.513737e-02  -6.556435e-02  -6.617649e-02  -6.705355e-02  -6.830916e-02  -7.010403e-02  -7.266383e-02  -7.630481e-02  -8.146311e-02  -8.872640e-02  -9.887044e-02  -1.128661e-01  -1.318495e-01  -1.569760e-01  -1.891015e-01  -2.281955e-01  -2.725448e-01  -3.180859e-01  -3.587452e-01  -3.887193e-01  -4.060700e-01  -4.142032e-01  -4.187049e-01  -4.232853e-01  -4.294572e-01  -4.381213e-01  -4.502992e-01  -4.672766e-01  -4.906296e-01  -5.221649e-01  -5.636308e-01  -6.161235e-01  -6.790679e-01  -7.489576e-01  -8.185702e-01  -8.781669e-01  -9.197507e-01  -9.424217e-01  -9.529386e-01
   12  -6.214132e-02  -6.215881e-02  -6.216644e-02  -6.217739e-02  -6.219311e-02  -6.221568e-02  -6.224810e-02  -6.229464e-02  -6.236146e-02  -6.245717e-02  -6.259508e-02  -6.279269e-02  -6.307599e-02  -6.348304e-02  -6.406650e-02  -6.490211e-02  -6.609827e-02  -6.780802e-02  -7.024818e-02  -7.371962e-02  -7.863918e-02  -8.557133e-02  -9.525883e-02  -1.086407e-01  -1.268209e-01  -1.509431e-01  -1.818884e-01  -2.197301e-01  -2.629581e-01  -3.077905e-01  -3.483836e-01  -3.788961e-01  -3.970015e-01  -4.056535e-01  -4.103227e-01  -4.148754e-01  -4.209473e-01  -4.294650e-01  -4.414428e-01  -4.581574e-01  -4.811905e-01  -5.123666e-01  -5.534936e-01  -6.058058e-01  -6.689635e-01  -7.397710e-01  -8.112776e-01  -8.736740e-01  -9.183220e-01  -9.433196e-01  -9.548908e-01
   13  -6.041364e-02  -6.043037e-02  -6.043766e-02  -6.044813e-02  -6.046317e-02  -6.048476e-02  -6.051576e-02  -6.056026e-02  -6.062424e-02  -6.071604e-02  -6.084754e-02  -6.103668e-02  -6.130774e-02  -6.169657e-02  -6.225483e-02  -6.305357e-02  -6.419809e-02  -6.583414e-02  -6.816882e-02  -7.149085e-02  -7.620080e-02  -8.284092e-02  -9.212732e-02  -1.049687e-01  -1.224409e-01  -1.456741e-01  -1.755707e-01  -2.122938e-01  -2.545128e-01  -2.986982e-01  -3.392232e-01  -3.702332e-01  -3.890575e-01  -3.982226e-01  -4.030669e-01  -4.075972e-01  -4.135722e-01  -4.219472e-01  -4.337292e-01  -4.501911e-01  -4.729036e-01  -5.037089e-01  -5.444700e-01  -5.965320e-01  -6.597661e-01  -7.312751e-01  -8.043735e-01  -8.692431e-01  -9.167027e-01  -9.439034e-01  -9.564804e-01
   14  -5.888528e-02  -5.890132e-02  -5.890831e-02  -5.891836e-02  -5.893278e-02  -5.895340e-02  -5.898322e-02  -5.902591e-02  -5.908720e-02  -5.917502e-02  -5.930159e-02  -5.948279e-02  -5.974294e-02  -6.011604e-02  -6.065121e-02  -6.141807e-02  -6.251583e-02  -6.408558e-02  -6.632550e-02  -6.951514e-02  -7.403750e-02  -8.041599e-02  -8.934275e-02  -1.016993e-01  -1.185349e-01  -1.409668e-01  -1.699159e-01  -2.056215e-01  -2.469133e-01  -2.904942e-01  -3.309426e-01  -3.624094e-01  -3.819182e-01  -3.915882e-01  -3.966132e-01  -4.011254e-01  -4.070073e-01  -4.152411e-01  -4.268348e-01  -4.430427e-01  -4.654369e-01  -4.958645e-01  -5.362322e-01  -5.879849e-01  -6.511869e-01  -7.232090e-01  -7.976381e-01  -8.646995e-01  -9.147452e-01  -9.440491e-01  -9.576063e-01
   15  -5.749692e-02  -5.751235e-02  -5.751907e-02  -5.752872e-02  -5.754259e-02  -5.756250e-02  -5.759108e-02  -5.763214e-02  -5.769100e-02  -5.777563e-02  -5.789688e-02  -5.807121e-02  -5.832150e-02  -5.868008e-02  -5.919465e-02  -5.993211e-02  -6.098769e-02  -6.249722e-02  -6.465186e-02  -6.772012e-02  -7.207156e-02  -7.821283e-02  -8.681272e-02  -9.872734e-02  -1.149822e-01  -1.366799e-01  -1.647577e-01  -1.995230e-01  -2.399484e-01  -2.829496e-01  -3.233060e-01  -3.551852e-01  -3.753428e-01  -3.855087e-01  -3.907171e-01  -3.952138e-01  -4.010041e-01  -4.091017e-01  -4.205064e-01  -4.364647e-01  -4.585382e-01  -4.885811e-01  -5.285309e-01  -5.799257e-01  -6.429961e-01  -7.153717e-01  -7.909098e-01  -8.599119e-01  -9.123510e-01  -9.436779e-01  -9.582107e-01
   16  -5.620771e-02  -5.622268e-02  -5.622904e-02  -5.623833e-02  -5.625169e-02  -5.627104e-02  -5.629838e-02  -5.633790e-02  -5.639463e-02  -5.647602e-02  -5.659299e-02  -5.676099e-02  -5.700196e-02  -5.734726e-02  -5.784294e-02  -5.855283e-02  -5.957006e-02  -6.102396e-02  -6.310011e-02  -6.605678e-02  -7.025188e-02  -7.617378e-02  -8.447171e-02  -9.597859e-02  -1.116955e-01  -1.327128e-01  -1.599787e-01  -1.938603e-01  -2.334623e-01  -2.758976e-01  -3.161368e-01  -3.483826e-01  -3.691499e-01  -3.797984e-01  -3.851922e-01  -3.896756e-01  -3.953756e-01  -4.033376e-01  -4.145561e-01  -4.302648e-01  -4.520165e-01  -4.816642e-01  -5.211771e-01  -5.721659e-01  -6.350184e-01  -7.076090e-01  -7.840623e-01  -8.547897e-01  -9.094553e-01  -9.427376e-01  -9.582690e-01
   17  -5.498935e-02  -5.500368e-02  -5.500992e-02  -5.501889e-02  -5.503176e-02  -5.505025e-02  -5.507687e-02  -5.511490e-02  -5.516962e-02  -5.524818e-02  -5.536092e-02  -5.552276e-02  -5.575515e-02  -5.608847e-02  -5.656635e-02  -5.725124e-02  -5.823175e-02  -5.963474e-02  -6.163776e-02  -6.449025e-02  -6.853949e-02  -7.425731e-02  -8.227440e-02  -9.339949e-02  -1.086139e-01  -1.289925e-01  -1.554926e-01  -1.885344e-01  -2.273419e-01  -2.692139e-01  -3.093069e-01  -3.418687e-01  -3.632044e-01  -3.743186e-01  -3.798983e-01  -3.843699e-01  -3.899804e-01  -3.978077e-01  -4.088409e-01  -4.242980e-01  -4.457250e-01  -4.749707e-01  -5.140231e-01  -5.645657e-01  -6.271266e-01  -6.998087e-01  -7.770077e-01  -8.492736e-01  -9.060170e-01  -9.412070e-01  -9.577657e-01
   18  -5.382238e-02  -5.383620e-02  -5.384223e-02  -5.385089e-02  -5.386331e-02  -5.388116e-02  -5.390678e-02  -5.394357e-02  -5.399631e-02  -5.407223e-02  -5.418094e-02  -5.433746e-02  -5.456148e-02  -5.488330e-02  -5.534443e-02  -5.600573e-02  -5.695309e-02  -5.830720e-02  -6.024141e-02  -6.299696e-02  -6.690891e-02  -7.243515e-02  -8.018715e-02  -9.095354e-02  -1.056929e-01  -1.254665e-01  -1.512376e-01  -1.834731e-01  -2.215067e-01  -2.628104e-01  -3.027216e-01  -3.355476e-01  -3.574057e-01  -3.689676e-01  -3.747313e-01  -3.791919e-01  -3.847124e-01  -3.924066e-01  -4.032527e-01  -4.184594e-01  -4.395561e-01  -4.683904e-01  -5.069652e-01  -5.570244e-01  -6.192257e-01  -6.918926e-01  -7.696876e-01  -8.433232e-01  -9.020131e-01  -9.390679e-01  -9.566939e-01
   19  -5.269356e-02  -5.270692e-02  -5.271274e-02  -5.272110e-02  -5.273311e-02  -5.275016e-02  -5.277500e-02  -5.281064e-02  -5.286162e-02  -5.293493e-02  -5.304010e-02  -5.319121e-02  -5.340762e-02  -5.371866e-02  -5.416436e-02  -5.480325e-02  -5.571807e-02  -5.702677e-02  -5.889619e-02  -6.155949e-02  -6.534158e-02  -7.068670e-02  -7.818833e-02  -8.861392e-02  -1.029017e-01  -1.220981e-01  -1.471693e-01  -1.786251e-01  -2.158983e-01  -2.566236e-01  -2.963161e-01  -3.293501e-01  -3.516836e-01  -3.636705e-01  -3.696150e-01  -3.740658e-01  -3.794968e-01  -3.870554e-01  -3.976834e-01  -4.126697e-01  -4.334343e-01  -4.618480e-01  -4.999271e-01  -5.494685e-01  -6.112497e-01  -6.838067e-01  -7.620621e-01  -8.369155e-01  -8.974332e-01  -9.363146e-01  -9.550492e-01
   20  -5.159413e-02  -5.160704e-02  -5.161267e-02  -5.162075e-02  -5.163235e-02  -5.164902e-02  -5.167295e-02  -5.170730e-02  -5.175652e-02  -5.182743e-02  -5.192913e-02  -5.207505e-02  -5.228458e-02  -5.258512e-02  -5.301594e-02  -5.363331e-02  -5.451809e-02  -5.578354e-02  -5.759117e-02  -6.016731e-02  -6.382580e-02  -6.899843e-02  -7.626117e-02  -8.636194e-02  -1.002182e-01  -1.188608e-01  -1.432577e-01  -1.739543e-01  -2.104760e-01  -2.506100e-01  -2.900438e-01  -3.232293e-01  -3.459887e-01  -3.583754e-01  -3.644964e-01  -3.689372e-01  -3.742788e-01  -3.817030e-01  -3.921440e-01  -4.068755e-01  -4.273034e-01  -4.552888e-01  -4.928564e-01  -5.418487e-01  -6.031580e-01  -6.755160e-01  -7.541116e-01  -8.300426e-01  -8.922732e-01  -9.329433e-01  -9.528250e-01
   21  -5.051848e-02  -5.053097e-02  -5.053641e-02  -5.054423e-02  -5.055545e-02  -5.057157e-02  -5.059471e-02  -5.062794e-02  -5.067569e-02  -5.074421e-02  -5.084239e-02  -5.098353e-02  -5.118612e-02  -5.147654e-02  -5.189352e-02  -5.249060e-02  -5.334639e-02  -5.457060e-02  -5.631962e-02  -5.881213e-02  -6.235315e-02  -6.736087e-02  -7.439572e-02  -8.418522e-02  -9.762747e-02  -1.157365e-01  -1.394802e-01  -1.694352e-01  -2.052111e-01  -2.447397e-01  -2.838748e-01  -3.171551e-01  -3.402889e-01  -3.530490e-01  -3.593396e-01  -3.637706e-01  -3.690216e-01  -3.763119e-01  -3.865976e-01  -4.010416e-01  -4.211290e-01  -4.486789e-01  -4.857209e-01  -5.341368e-01  -5.949245e-01  -6.670047e-01  -7.458286e-01  -8.227051e-01  -8.865376e-01  -9.289540e-01  -9.500175e-01
   22  -4.946327e-02  -4.947535e-02  -4.948062e-02  -4.948819e-02  -4.949904e-02  -4.951464e-02  -4.953703e-02  -4.956917e-02  -4.961533e-02  -4.968160e-02  -4.977662e-02  -4.991331e-02  -5.010933e-02  -5.039032e-02  -5.079348e-02  -5.137154e-02  -5.219960e-02  -5.338432e-02  -5.507691e-02  -5.748994e-02  -6.091820e-02  -6.576807e-02  -7.258364e-02  -8.207478e-02  -9.511814e-02  -1.127123e-01  -1.358220e-01  -1.650514e-01  -2.000866e-01  -2.389944e-01  -2.777916e-01  -3.111100e-01  -3.345656e-01  -3.476697e-01  -3.541230e-01  -3.585437e-01  -3.637040e-01  -3.708601e-01  -3.809569e-01  -3.951445e-01  -4.148894e-01  -4.419975e-01  -4.785000e-01  -5.263163e-01  -5.865379e-01  -6.582700e-01  -7.372161e-01  -8.149120e-01  -8.802333e-01  -9.243485e-01  -9.466198e-01
   23  -4.842670e-02  -4.843839e-02  -4.844349e-02  -4.845081e-02  -4.846132e-02  -4.847641e-02  -4.849808e-02  -4.852920e-02  -4.857387e-02  -4.863781e-02  -4.872992e-02  -4.886236e-02  -4.905168e-02  -4.932410e-02  -4.971451e-02  -5.027374e-02  -5.107560e-02  -5.222224e-02  -5.386122e-02  -5.619736e-02  -5.951768e-02  -6.421597e-02  -7.082163e-02  -8.002547e-02  -9.268469e-02  -1.097806e-01  -1.322735e-01  -1.607915e-01  -1.950899e-01  -2.333629e-01  -2.717843e-01  -3.050859e-01  -3.288103e-01  -3.422277e-01  -3.488340e-01  -3.532434e-01  -3.583142e-01  -3.653350e-01  -3.752444e-01  -3.891737e-01  -4.085736e-01  -4.352342e-01  -4.711880e-01  -5.183815e-01  -5.779981e-01  -6.493129e-01  -7.282827e-01  -8.066748e-01  -8.733742e-01  -9.191280e-01  -9.426241e-01
   24  -4.740803e-02  -4.741935e-02  -4.742428e-02  -4.743137e-02  -4.744155e-02  -4.745616e-02  -4.747701e-02  -4.750727e-02  -4.755067e-02  -4.761261e-02  -4.770169e-02  -4.782951e-02  -4.801308e-02  -4.827671e-02  -4.865479e-02  -4.919632e-02  -4.997243e-02  -5.108331e-02  -5.267026e-02  -5.493318e-02  -5.815001e-02  -6.270257e-02  -6.910605e-02  -7.803321e-02  -9.032158e-02  -1.069351e-01  -1.288284e-01  -1.566486e-01  -1.902147e-01  -2.278397e-01  -2.658497e-01  -2.990816e-01  -3.230222e-01  -3.367203e-01  -3.434695e-01  -3.478670e-01  -3.528479e-01  -3.597341e-01  -3.694545e-01  -3.831258e-01  -4.021792e-01  -4.283888e-01  -4.637826e-01  -5.103349e-01  -5.693089e-01  -6.401460e-01  -7.190435e-01  -7.980117e-01  -8.659700e-01  -9.132974e-01  -9.380239e-01
   25  -4.640721e-02  -4.641818e-02  -4.642296e-02  -4.642982e-02  -4.643968e-02  -4.645383e-02  -4.647415e-02  -4.650332e-02  -4.654521e-02  -4.660514e-02  -4.669165e-02  -4.681553e-02  -4.699335e-02  -4.724857e-02  -4.761441e-02  -4.813935e-02  -4.889120e-02  -4.996693e-02  -5.150432e-02  -5.369686e-02  -5.681397e-02  -6.122651e-02  -6.743577e-02  -7.609611e-02  -8.802637e-02  -1.041727e-01  -1.254824e-01  -1.526182e-01  -1.854573e-01  -2.224225e-01  -2.599885e-01  -2.930993e-01  -3.172048e-01  -3.311507e-01  -3.380311e-01  -3.424148e-01  -3.473063e-01  -3.540573e-01  -3.635913e-01  -3.770044e-01  -3.957099e-01  -4.214650e-01  -4.562919e-01  -5.021848e-01  -5.604831e-01  -6.307823e-01  -7.095171e-01  -7.889410e-01  -8.580373e-01  -9.068616e-01  -9.328119e-01
   26  -4.542464e-02  -4.543526e-02  -4.543989e-02  -4.544653e-02  -4.545615e-02  -4.546980e-02  -4.548941e-02  -4.551774e-02  -4.555839e-02  -4.561658e-02  -4.570015e-02  -4.582013e-02  -4.599255e-02  -4.623976e-02  -4.659438e-02  -4.710273e-02  -4.783107e-02  -4.887327e-02  -5.036333e-02  -5.248790e-02  -5.550915e-02  -5.978735e-02  -6.580924e-02  -7.421234e-02  -8.579655e-02  -1.014908e-01  -1.222327e-01  -1.486976e-01  -1.808153e-01  -2.171125e-01  -2.542036e-01  -2.871456e-01  -3.113657e-01  -3.255253e-01  -3.325242e-01  -3.368931e-01  -3.416949e-01  -3.483123e-01  -3.576595e-01  -3.708144e-01  -3.891724e-01  -4.144713e-01  -4.487230e-01  -4.939428e-01  -5.515340e-01  -6.212395e-01  -6.997235e-01  -7.794845e-01  -8.495939e-01  -8.998267e-01  -9.269814e-01
   27  -4.446093e-02  -4.447123e-02  -4.447571e-02  -4.448215e-02  -4.449141e-02  -4.450469e-02  -4.452376e-02  -4.455110e-02  -4.459055e-02  -4.464684e-02  -4.472771e-02  -4.484434e-02  -4.501114e-02  -4.525072e-02  -4.559438e-02  -4.608706e-02  -4.679305e-02  -4.780322e-02  -4.924706e-02  -5.130668e-02  -5.423586e-02  -5.838480e-02  -6.422651e-02  -7.238203e-02  -8.363241e-02  -9.888792e-02  -1.190775e-01  -1.448862e-01  -1.762891e-01  -2.119107e-01  -2.485009e-01  -2.812292e-01  -3.055147e-01  -3.198539e-01  -3.269581e-01  -3.313100e-01  -3.360232e-01  -3.425080e-01  -3.516682e-01  -3.645667e-01  -3.825763e-01  -4.074175e-01  -4.410905e-01  -4.856212e-01  -5.424780e-01  -6.115378e-01  -6.896841e-01  -7.696641e-01  -8.406565e-01  -8.922001e-01  -9.205296e-01
   28  -4.351681e-02  -4.352678e-02  -4.353113e-02  -4.353738e-02  -4.354634e-02  -4.355922e-02  -4.357771e-02  -4.360422e-02  -4.364237e-02  -4.369726e-02  -4.377565e-02  -4.388841e-02  -4.405028e-02  -4.428270e-02  -4.461557e-02  -4.509318e-02  -4.577753e-02  -4.675691e-02  -4.815658e-02  -5.015385e-02  -5.299479e-02  -5.701905e-02  -6.268716e-02  -7.060420e-02  -8.153213e-02  -9.636340e-02  -1.160157e-01  -1.411819e-01  -1.718788e-01  -2.068200e-01  -2.428849e-01  -2.753581e-01  -2.996624e-01  -3.141476e-01  -3.213437e-01  -3.256756e-01  -3.303008e-01  -3.366533e-01  -3.456293e-01  -3.582717e-01  -3.759342e-01  -4.003162e-01  -4.334052e-01  -4.772365e-01  -5.333321e-01  -6.016953e-01  -6.794215e-01  -7.595026e-01  -8.312451e-01  -8.839926e-01  -9.134515e-01
   29  -4.259299e-02  -4.260266e-02  -4.260688e-02  -4.261293e-02  -4.262162e-02  -4.263411e-02  -4.265204e-02  -4.267790e-02  -4.271473e-02  -4.276786e-02  -4.284393e-02  -4.295344e-02  -4.311020e-02  -4.333523e-02  -4.365860e-02  -4.412151e-02  -4.478499e-02  -4.573481e-02  -4.709267e-02  -4.902946e-02  -5.178517e-02  -5.569004e-02  -6.119155e-02  -6.887835e-02  -7.949507e-02  -9.391601e-02  -1.130466e-01  -1.375844e-01  -1.675844e-01  -2.018427e-01  -2.373619e-01  -2.695417e-01  -2.938206e-01  -3.084190e-01  -3.156918e-01  -3.200015e-01  -3.245386e-01  -3.307602e-01  -3.395524e-01  -3.519413e-01  -3.692577e-01  -3.931807e-01  -4.256830e-01  -4.688038e-01  -5.241133e-01  -5.917330e-01  -6.689584e-01  -7.490232e-01  -8.213798e-01  -8.752156e-01  -9.057482e-01
   30  -4.169015e-02  -4.169953e-02  -4.170362e-02  -4.170949e-02  -4.171792e-02  -4.172997e-02  -4.174739e-02  -4.177238e-02  -4.180823e-02  -4.185981e-02  -4.193374e-02  -4.203963e-02  -4.219176e-02  -4.241005e-02  -4.272350e-02  -4.317294e-02  -4.381639e-02  -4.473769e-02  -4.605497e-02  -4.793411e-02  -5.060822e-02  -5.439817e-02  -5.973871e-02  -6.720427e-02  -7.752076e-02  -9.154448e-02  -1.101687e-01  -1.340936e-01  -1.634066e-01  -1.969805e-01  -2.319373e-01  -2.637887e-01  -2.880006e-01  -3.026792e-01  -3.100142e-01  -3.142988e-01  -3.187489e-01  -3.248399e-01  -3.334508e-01  -3.455863e-01  -3.625590e-01  -3.860234e-01  -4.179359e-01  -4.603375e-01  -5.148389e-01  -5.816690e-01  -6.583158e-01  -7.382495e-01  -8.110809e-01  -8.658819e-01  -8.974221e-01
   31  -4.080886e-02  -4.081797e-02  -4.082194e-02  -4.082763e-02  -4.083582e-02  -4.084757e-02  -4.086443e-02  -4.088866e-02  -4.092344e-02  -4.097337e-02  -4.104505e-02  -4.114766e-02  -4.129556e-02  -4.150766e-02  -4.181164e-02  -4.224712e-02  -4.287185e-02  -4.376612e-02  -4.504432e-02  -4.686834e-02  -4.946382e-02  -5.314303e-02  -5.832909e-02  -6.558128e-02  -7.560799e-02  -8.924812e-02  -1.073810e-01  -1.307079e-01  -1.593446e-01  -1.922360e-01  -2.266152e-01  -2.581074e-01  -2.822126e-01  -2.969397e-01  -3.043227e-01  -3.085794e-01  -3.129420e-01  -3.189056e-01  -3.273352e-01  -3.392207e-01  -3.558506e-01  -3.788577e-01  -4.101784e-01  -4.518519e-01  -5.055252e-01  -5.715235e-01  -6.475151e-01  -7.272041e-01  -8.003710e-01  -8.560071e-01  -8.884784e-01
   32  -3.994960e-02  -3.995844e-02  -3.996229e-02  -3.996782e-02  -3.997576e-02  -3.998717e-02  -4.000354e-02  -4.002705e-02  -4.006081e-02  -4.010927e-02  -4.017884e-02  -4.027871e-02  -4.042206e-02  -4.062797e-02  -4.092290e-02  -4.134574e-02  -4.195197e-02  -4.281990e-02  -4.406080e-02  -4.583160e-02  -4.835183e-02  -5.192460e-02  -5.696236e-02  -6.400916e-02  -7.375648e-02  -8.702592e-02  -1.046823e-01  -1.274260e-01  -1.553990e-01  -1.876103e-01  -2.213997e-01  -2.525048e-01  -2.764674e-01  -2.912131e-01  -2.986283e-01  -3.028533e-01  -3.071313e-01  -3.129671e-01  -3.212180e-01  -3.328547e-01  -3.491443e-01  -3.716954e-01  -4.024233e-01  -4.433628e-01  -4.961873e-01  -5.613140e-01  -6.365778e-01  -7.159099e-01  -7.892725e-01  -8.456095e-01  -8.789243e-01
   33  -3.911270e-02  -3.912128e-02  -3.912502e-02  -3.913039e-02  -3.913810e-02  -3.914917e-02  -3.916506e-02  -3.918789e-02  -3.922067e-02  -3.926772e-02  -3.933527e-02  -3.943224e-02  -3.957153e-02  -3.977126e-02  -4.005768e-02  -4.046847e-02  -4.105685e-02  -4.189956e-02  -4.310479e-02  -4.482422e-02  -4.727231e-02  -5.074323e-02  -5.563797e-02  -6.248674e-02  -7.196532e-02  -8.487600e-02  -1.020706e-01  -1.242466e-01  -1.515676e-01  -1.831037e-01  -2.162942e-01  -2.469876e-01  -2.707741e-01  -2.855092e-01  -2.929422e-01  -2.971329e-01  -3.013254e-01  -3.070349e-01  -3.151092e-01  -3.264996e-01  -3.424518e-01  -3.645484e-01  -3.946834e-01  -4.348816e-01  -4.868408e-01  -5.510572e-01  -6.255222e-01  -7.043902e-01  -7.778087e-01  -8.347080e-01  -8.687730e-01
   34  -3.829837e-02  -3.830670e-02  -3.831033e-02  -3.831555e-02  -3.832304e-02  -3.833379e-02  -3.834941e-02  -3.837140e-02  -3.840324e-02  -3.844893e-02  -3.851454e-02  -3.860881e-02  -3.874374e-02  -3.893787e-02  -3.921606e-02  -3.961520e-02  -4.018697e-02  -4.100558e-02  -4.217596e-02  -4.384672e-02  -4.622498e-02  -4.959782e-02  -5.435506e-02  -6.101411e-02  -7.023265e-02  -8.279787e-02  -9.954501e-02  -1.211686e-01  -1.478503e-01  -1.787166e-01  -2.113017e-01  -2.415615e-01  -2.651405e-01  -2.798376e-01  -2.872741e-01  -2.914266e-01  -2.955344e-01  -3.011198e-01  -3.090188e-01  -3.201655e-01  -3.357822e-01  -3.574266e-01  -3.869685e-01  -4.264214e-01  -4.774992e-01  -5.407688e-01  -6.143697e-01  -6.926667e-01  -7.660037e-01  -8.233248e-01  -8.580379e-01
   35  -3.750670e-02  -3.751479e-02  -3.751832e-02  -3.752339e-02  -3.753067e-02  -3.754111e-02  -3.755605e-02  -3.757765e-02  -3.760851e-02  -3.765306e-02  -3.771669e-02  -3.780810e-02  -3.793925e-02  -3.812783e-02  -3.839841e-02  -3.878613e-02  -3.934154e-02  -4.013725e-02  -4.127451e-02  -4.289792e-02  -4.520963e-02  -4.848799e-02  -5.311338e-02  -5.958921e-02  -6.855830e-02  -8.078864e-02  -9.710284e-02  -1.181889e-01  -1.442448e-01  -1.744483e-01  -2.064233e-01  -2.362305e-01  -2.595743e-01  -2.742080e-01  -2.816337e-01  -2.857451e-01  -2.897681e-01  -2.952306e-01  -3.029573e-01  -3.138619e-01  -3.291460e-01  -3.503407e-01  -3.792904e-01  -4.179928e-01  -4.681737e-01  -5.304637e-01  -6.031367e-01  -6.807622e-01  -7.538816e-01  -8.114819e-01  -8.467373e-01
   36  -3.673767e-02  -3.674553e-02  -3.674896e-02  -3.675389e-02  -3.676096e-02  -3.677112e-02  -3.678570e-02  -3.680663e-02  -3.683669e-02  -3.687997e-02  -3.694188e-02  -3.703070e-02  -3.715828e-02  -3.734135e-02  -3.760421e-02  -3.798116e-02  -3.852125e-02  -3.929457e-02  -4.040016e-02  -4.197873e-02  -4.422585e-02  -4.741388e-02  -5.191238e-02  -5.821148e-02  -6.693967e-02  -7.884754e-02  -9.474216e-02  -1.153057e-01  -1.407498e-01  -1.702979e-01  -2.016598e-01  -2.309986e-01  -2.540811e-01  -2.686275e-01  -2.760290e-01  -2.800953e-01  -2.840348e-01  -2.893758e-01  -2.969309e-01  -3.075968e-01  -3.225513e-01  -3.432986e-01  -3.716573e-01  -4.096057e-01  -4.588778e-01  -5.201563e-01  -5.918411e-01  -6.686969e-01  -7.414669e-01  -7.992052e-01  -8.348916e-01
   37  -3.599115e-02  -3.599880e-02  -3.600213e-02  -3.600692e-02  -3.601380e-02  -3.602367e-02  -3.603785e-02  -3.605821e-02  -3.608744e-02  -3.612947e-02  -3.618943e-02  -3.627612e-02  -3.640030e-02  -3.657825e-02  -3.683365e-02  -3.720021e-02  -3.772533e-02  -3.847733e-02  -3.955225e-02  -4.108742e-02  -4.327314e-02  -4.637384e-02  -5.075021e-02  -5.688001e-02  -6.537603e-02  -7.697256e-02  -9.246080e-02  -1.125164e-01  -1.373621e-01  -1.662639e-01  -1.970119e-01  -2.258685e-01  -2.486673e-01  -2.631027e-01  -2.704678e-01  -2.744854e-01  -2.783420e-01  -2.835630e-01  -2.909496e-01  -3.013787e-01  -3.160060e-01  -3.363090e-01  -3.640778e-01  -4.012704e-01  -4.496210e-01  -5.098593e-01  -5.804997e-01  -6.564925e-01  -7.287850e-01  -7.865199e-01  -8.225253e-01
   38  -3.526693e-02  -3.527437e-02  -3.527762e-02  -3.528227e-02  -3.528896e-02  -3.529857e-02  -3.531236e-02  -3.533216e-02  -3.536058e-02  -3.540121e-02  -3.546008e-02  -3.554401e-02  -3.566469e-02  -3.583801e-02  -3.608667e-02  -3.644304e-02  -3.695383e-02  -3.768532e-02  -3.873135e-02  -4.022450e-02  -4.235069e-02  -4.536810e-02  -4.962678e-02  -5.559338e-02  -6.386525e-02  -7.516108e-02  -9.025652e-02  -1.098184e-01  -1.340798e-01  -1.623446e-01  -1.924785e-01  -2.208420e-01  -2.433361e-01  -2.576414e-01  -2.649565e-01  -2.689219e-01  -2.726963e-01  -2.777990e-01  -2.850186e-01  -2.952137e-01  -3.095173e-01  -3.293793e-01  -3.565595e-01  -3.929942e-01  -4.404131e-01  -4.995855e-01  -5.691284e-01  -6.441701e-01  -7.158617e-01  -7.734548e-01  -8.096646e-01
   39  -3.456472e-02  -3.457196e-02  -3.457512e-02  -3.457965e-02  -3.458616e-02  -3.459550e-02  -3.460892e-02  -3.462818e-02  -3.465585e-02  -3.469542e-02  -3.475258e-02  -3.483431e-02  -3.495199e-02  -3.512051e-02  -3.536224e-02  -3.570905e-02  -3.620583e-02  -3.691764e-02  -3.793566e-02  -3.938900e-02  -4.145838e-02  -4.439487e-02  -4.854052e-02  -5.435016e-02  -6.240653e-02  -7.341141e-02  -8.812654e-02  -1.072093e-01  -1.308996e-01  -1.585377e-01  -1.880600e-01  -2.159204e-01  -2.380919e-01  -2.522470e-01  -2.595011e-01  -2.634118e-01  -2.671041e-01  -2.720898e-01  -2.791444e-01  -2.891085e-01  -3.030915e-01  -3.225144e-01  -3.491091e-01  -3.847850e-01  -4.312632e-01  -4.893454e-01  -5.577423e-01  -6.317489e-01  -7.027212e-01  -7.600398e-01  -7.963382e-01
   40  -3.388416e-02  -3.389124e-02  -3.389428e-02  -3.389869e-02  -3.390502e-02  -3.391412e-02  -3.392705e-02  -3.394593e-02  -3.397285e-02  -3.401151e-02  -3.406700e-02  -3.414660e-02  -3.426115e-02  -3.442511e-02  -3.466041e-02  -3.499795e-02  -3.548187e-02  -3.617464e-02  -3.716537e-02  -3.858028e-02  -4.059486e-02  -4.345397e-02  -4.749086e-02  -5.314914e-02  -6.099721e-02  -7.172194e-02  -8.606885e-02  -1.046858e-01  -1.278191e-01  -1.548407e-01  -1.837542e-01  -2.111043e-01  -2.329371e-01  -2.469249e-01  -2.541072e-01  -2.579594e-01  -2.615706e-01  -2.664402e-01  -2.733324e-01  -2.830680e-01  -2.967334e-01  -3.157219e-01  -3.417328e-01  -3.766490e-01  -4.221795e-01  -4.791491e-01  -5.463547e-01  -6.192498e-01  -6.893914e-01  -7.463042e-01  -7.825790e-01
   41  -3.322483e-02  -3.323169e-02  -3.323468e-02  -3.323898e-02  -3.324514e-02  -3.325400e-02  -3.326671e-02  -3.328497e-02  -3.331103e-02  -3.334882e-02  -3.340277e-02  -3.348043e-02  -3.359198e-02  -3.375180e-02  -3.398072e-02  -3.430947e-02  -3.478038e-02  -3.545517e-02  -3.642002e-02  -3.779788e-02  -3.975954e-02  -4.254425e-02  -4.647632e-02  -5.198862e-02  -5.963617e-02  -7.009010e-02  -8.408001e-02  -1.022454e-01  -1.248348e-01  -1.512506e-01  -1.795597e-01  -2.063942e-01  -2.278745e-01  -2.416785e-01  -2.487792e-01  -2.525700e-01  -2.561005e-01  -2.608563e-01  -2.675876e-01  -2.770975e-01  -2.904480e-01  -3.090051e-01  -3.344361e-01  -3.685929e-01  -4.131697e-01  -4.690079e-01  -5.349808e-01  -6.066907e-01  -6.758962e-01  -7.322800e-01  -7.684198e-01
   42  -3.258626e-02  -3.259295e-02  -3.259592e-02  -3.260004e-02  -3.260605e-02  -3.261468e-02  -3.262706e-02  -3.264475e-02  -3.267042e-02  -3.270704e-02  -3.275967e-02  -3.283515e-02  -3.294366e-02  -3.309910e-02  -3.332257e-02  -3.364278e-02  -3.410127e-02  -3.475865e-02  -3.569821e-02  -3.704061e-02  -3.895173e-02  -4.166494e-02  -4.549640e-02  -5.086776e-02  -5.832176e-02  -6.851419e-02  -8.215890e-02  -9.988486e-02  -1.219442e-01  -1.477653e-01  -1.754747e-01  -2.017900e-01  -2.229048e-01  -2.365117e-01  -2.435211e-01  -2.472478e-01  -2.506980e-01  -2.553416e-01  -2.619135e-01  -2.712001e-01  -2.842398e-01  -3.023692e-01  -3.272234e-01  -3.606220e-01  -4.042400e-01  -4.589302e-01  -5.236333e-01  -5.940917e-01  -6.622626e-01  -7.179980e-01  -7.538963e-01
   43  -3.196797e-02  -3.197448e-02  -3.197732e-02  -3.198140e-02  -3.198725e-02  -3.199565e-02  -3.200772e-02  -3.202505e-02  -3.205010e-02  -3.208547e-02  -3.213686e-02  -3.221052e-02  -3.231620e-02  -3.246768e-02  -3.268544e-02  -3.299731e-02  -3.344422e-02  -3.408490e-02  -3.500021e-02  -3.630820e-02  -3.817108e-02  -4.081430e-02  -4.454857e-02  -4.978492e-02  -5.705176e-02  -6.699141e-02  -8.030191e-02  -9.760208e-02  -1.191439e-01  -1.443814e-01  -1.714970e-01  -1.972898e-01  -2.180294e-01  -2.314269e-01  -2.383357e-01  -2.419959e-01  -2.453661e-01  -2.498991e-01  -2.563144e-01  -2.653802e-01  -2.781125e-01  -2.958183e-01  -3.200983e-01  -3.527410e-01  -3.953968e-01  -4.489245e-01  -5.123239e-01  -5.814703e-01  -6.485143e-01  -7.034911e-01  -7.390453e-01
   44  -3.136942e-02  -3.137577e-02  -3.137854e-02  -3.138251e-02  -3.138821e-02  -3.139641e-02  -3.140816e-02  -3.142505e-02  -3.144930e-02  -3.148411e-02  -3.153409e-02  -3.160584e-02  -3.170901e-02  -3.185669e-02  -3.206878e-02  -3.237272e-02  -3.280864e-02  -3.343254e-02  -3.432462e-02  -3.559976e-02  -3.741552e-02  -3.999264e-02  -4.363362e-02  -4.873867e-02  -5.582571e-02  -6.552007e-02  -7.850667e-02  -9.539254e-02  -1.164303e-01  -1.410958e-01  -1.676244e-01  -1.928940e-01  -2.132494e-01  -2.264247e-01  -2.332266e-01  -2.368173e-01  -2.401093e-01  -2.445323e-01  -2.507933e-01  -2.596410e-01  -2.720687e-01  -2.893548e-01  -3.130657e-01  -3.449544e-01  -3.866448e-01  -4.389990e-01  -5.010659e-01  -5.688450e-01  -6.346781e-01  -6.887921e-01  -7.239053e-01
   45  -3.079007e-02  -3.079626e-02  -3.079895e-02  -3.080283e-02  -3.080839e-02  -3.081645e-02  -3.082784e-02  -3.084431e-02  -3.086792e-02  -3.090189e-02  -3.095061e-02  -3.102044e-02  -3.112074e-02  -3.126525e-02  -3.147165e-02  -3.176811e-02  -3.219283e-02  -3.280162e-02  -3.367196e-02  -3.491433e-02  -3.668470e-02  -3.919813e-02  -4.274825e-02  -4.772776e-02  -5.464016e-02  -6.409863e-02  -7.677140e-02  -9.325531e-02  -1.138017e-01  -1.379060e-01  -1.638541e-01  -1.886001e-01  -2.085648e-01  -2.215085e-01  -2.281955e-01  -2.317153e-01  -2.349284e-01  -2.392430e-01  -2.453512e-01  -2.539847e-01  -2.661120e-01  -2.829821e-01  -3.061279e-01  -3.372650e-01  -3.779911e-01  -4.291615e-01  -4.898696e-01  -5.562323e-01  -6.207784e-01  -6.739348e-01  -7.085155e-01
   46  -3.022935e-02  -3.023539e-02  -3.023802e-02  -3.024180e-02  -3.024722e-02  -3.025501e-02  -3.026627e-02  -3.028225e-02  -3.030538e-02  -3.033832e-02  -3.038609e-02  -3.045403e-02  -3.055206e-02  -3.069267e-02  -3.089408e-02  -3.118303e-02  -3.159777e-02  -3.219085e-02  -3.303980e-02  -3.425202e-02  -3.597853e-02  -3.843050e-02  -4.189316e-02  -4.675077e-02  -5.349490e-02  -6.272377e-02  -7.509352e-02  -9.118621e-02  -1.112533e-01  -1.348085e-01  -1.601840e-01  -1.844074e-01  -2.039749e-01  -2.166783e-01  -2.232448e-01  -2.266908e-01  -2.298264e-01  -2.340349e-01  -2.399927e-01  -2.484135e-01  -2.602435e-01  -2.767026e-01  -2.992879e-01  -3.296785e-01  -3.694396e-01  -4.194191e-01  -4.787471e-01  -5.436501e-01  -6.068391e-01  -6.589506e-01  -6.929146e-01
   47  -2.968670e-02  -2.969266e-02  -2.969516e-02  -2.969884e-02  -2.970413e-02  -2.971173e-02  -2.972264e-02  -2.973836e-02  -2.976079e-02  -2.979308e-02  -2.983950e-02  -2.990623e-02  -3.000142e-02  -3.013856e-02  -3.033525e-02  -3.061716e-02  -3.102130e-02  -3.160027e-02  -3.242849e-02  -3.361121e-02  -3.529557e-02  -3.768746e-02  -4.106649e-02  -4.580612e-02  -5.238783e-02  -6.139518e-02  -7.347000e-02  -8.918356e-02  -1.087836e-01  -1.318009e-01  -1.566105e-01  -1.803141e-01  -1.994798e-01  -2.119354e-01  -2.183754e-01  -2.217470e-01  -2.248057e-01  -2.289088e-01  -2.347183e-01  -2.429300e-01  -2.544663e-01  -2.705182e-01  -2.925483e-01  -3.221958e-01  -3.609945e-01  -4.097775e-01  -4.677082e-01  -5.311134e-01  -5.928837e-01  -6.438708e-01  -6.771423e-01
   48  -2.916155e-02  -2.916729e-02  -2.916979e-02  -2.917339e-02  -2.917855e-02  -2.918597e-02  -2.919661e-02  -2.921190e-02  -2.923384e-02  -2.926535e-02  -2.931059e-02  -2.937545e-02  -2.946878e-02  -2.960249e-02  -2.979429e-02  -3.006944e-02  -3.046381e-02  -3.102872e-02  -3.183703e-02  -3.299108e-02  -3.463496e-02  -3.696907e-02  -4.026640e-02  -4.489269e-02  -5.131716e-02  -6.011049e-02  -7.189919e-02  -8.724387e-02  -1.063891e-01  -1.288791e-01  -1.531321e-01  -1.763181e-01  -1.950798e-01  -2.072807e-01  -2.135887e-01  -2.168841e-01  -2.198666e-01  -2.238667e-01  -2.295293e-01  -2.375348e-01  -2.487812e-01  -2.644315e-01  -2.859105e-01  -3.148212e-01  -3.526598e-01  -4.002436e-01  -4.567632e-01  -5.186385e-01  -5.789376e-01  -6.287298e-01  -6.612381e-01
   49  -2.865331e-02  -2.865891e-02  -2.866136e-02  -2.866487e-02  -2.866990e-02  -2.867718e-02  -2.868753e-02  -2.870245e-02  -2.872384e-02  -2.875460e-02  -2.879878e-02  -2.886222e-02  -2.895331e-02  -2.908353e-02  -2.927095e-02  -2.953946e-02  -2.992472e-02  -3.047626e-02  -3.126488e-02  -3.239128e-02  -3.399621e-02  -3.627451e-02  -3.949380e-02  -4.401000e-02  -5.028182e-02  -5.886720e-02  -7.037932e-02  -8.536516e-02  -1.040667e-01  -1.260409e-01  -1.497460e-01  -1.724174e-01  -1.907721e-01  -2.027136e-01  -2.088865e-01  -2.121043e-01  -2.150110e-01  -2.189088e-01  -2.244279e-01  -2.322291e-01  -2.431897e-01  -2.584426e-01  -2.793782e-01  -3.075564e-01  -3.444392e-01  -3.908240e-01  -4.459209e-01  -5.062399e-01  -5.650220e-01  -6.135572e-01  -6.452406e-01
   50  -2.816141e-02  -2.816685e-02  -2.816927e-02  -2.817270e-02  -2.817762e-02  -2.818469e-02  -2.819483e-02  -2.820940e-02  -2.823031e-02  -2.826042e-02  -2.830345e-02  -2.836517e-02  -2.845425e-02  -2.858138e-02  -2.876432e-02  -2.902684e-02  -2.940257e-02  -2.994100e-02  -3.071123e-02  -3.181101e-02  -3.337801e-02  -3.560232e-02  -3.874578e-02  -4.315532e-02  -4.928009e-02  -5.766443e-02  -6.890794e-02  -8.354538e-02  -1.018139e-01  -1.232832e-01  -1.464489e-01  -1.686099e-01  -1.865569e-01  -1.982348e-01  -2.042682e-01  -2.074073e-01  -2.102396e-01  -2.140373e-01  -2.194140e-01  -2.270147e-01  -2.376936e-01  -2.525531e-01  -2.729498e-01  -3.004035e-01  -3.363358e-01  -3.815231e-01  -4.351910e-01  -4.939332e-01  -5.511583e-01  -5.983840e-01  -6.291893e-01
   51  -2.768531e-02  -2.769065e-02  -2.769298e-02  -2.769633e-02  -2.770113e-02  -2.770803e-02  -2.771794e-02  -2.773217e-02  -2.775259e-02  -2.778191e-02  -2.782391e-02  -2.788451e-02  -2.797119e-02  -2.809567e-02  -2.827400e-02  -2.853020e-02  -2.889776e-02  -2.942326e-02  -3.017550e-02  -3.124952e-02  -3.277971e-02  -3.495223e-02  -3.802192e-02  -4.232886e-02  -4.831087e-02  -5.650036e-02  -6.748266e-02  -8.178125e-02  -9.962805e-02  -1.206037e-01  -1.432383e-01  -1.648942e-01  -1.824326e-01  -1.938435e-01  -1.997346e-01  -2.027949e-01  -2.055529e-01  -2.092517e-01  -2.144884e-01  -2.218913e-01  -2.322929e-01  -2.467658e-01  -2.666293e-01  -2.933647e-01  -3.283535e-01  -3.723462e-01  -4.245805e-01  -4.817299e-01  -5.373680e-01  -5.832392e-01  -6.131197e-01
   52  -2.722443e-02  -2.722965e-02  -2.723193e-02  -2.723520e-02  -2.723989e-02  -2.724663e-02  -2.725631e-02  -2.727020e-02  -2.729015e-02  -2.731865e-02  -2.735970e-02  -2.741895e-02  -2.750338e-02  -2.762513e-02  -2.779986e-02  -2.804963e-02  -2.840852e-02  -2.892183e-02  -2.965669e-02  -3.070585e-02  -3.220052e-02  -3.432303e-02  -3.732184e-02  -4.152903e-02  -4.737262e-02  -5.537316e-02  -6.610191e-02  -8.007064e-02  -9.750670e-02  -1.179995e-01  -1.401124e-01  -1.612676e-01  -1.783986e-01  -1.895395e-01  -1.952856e-01  -1.982665e-01  -2.009516e-01  -2.045531e-01  -2.096522e-01  -2.168606e-01  -2.269882e-01  -2.410786e-01  -2.604175e-01  -2.864419e-01  -3.204947e-01  -3.632986e-01  -4.140993e-01  -4.696452e-01  -5.236700e-01  -5.681515e-01  -5.970686e-01
   53  -2.677824e-02  -2.678334e-02  -2.678556e-02  -2.678876e-02  -2.679334e-02  -2.679993e-02  -2.680938e-02  -2.682296e-02  -2.684245e-02  -2.687044e-02  -2.691061e-02  -2.696829e-02  -2.705099e-02  -2.717013e-02  -2.734031e-02  -2.758482e-02  -2.793512e-02  -2.843691e-02  -2.915468e-02  -3.017956e-02  -3.164014e-02  -3.371348e-02  -3.664371e-02  -4.075475e-02  -4.646429e-02  -5.428136e-02  -6.476413e-02  -7.841228e-02  -9.544737e-02  -1.154674e-01  -1.370677e-01  -1.577284e-01  -1.744531e-01  -1.853225e-01  -1.909223e-01  -1.938229e-01  -1.964360e-01  -1.999422e-01  -2.049057e-01  -2.119224e-01  -2.217797e-01  -2.354943e-01  -2.543139e-01  -2.796359e-01  -3.127620e-01  -3.543831e-01  -4.037535e-01  -4.576892e-01  -5.100850e-01  -5.531470e-01  -5.810713e-01
   54  -2.634620e-02  -2.635118e-02  -2.635336e-02  -2.635648e-02  -2.636103e-02  -2.636739e-02  -2.637663e-02  -2.638990e-02  -2.640895e-02  -2.643630e-02  -2.647556e-02  -2.653206e-02  -2.661266e-02  -2.672885e-02  -2.689542e-02  -2.713437e-02  -2.747693e-02  -2.796714e-02  -2.866841e-02  -2.967070e-02  -3.109776e-02  -3.312427e-02  -3.598737e-02  -4.000474e-02  -4.558433e-02  -5.322347e-02  -6.346746e-02  -7.680354e-02  -9.344771e-02  -1.130049e-01  -1.341018e-01  -1.542738e-01  -1.705940e-01  -1.811912e-01  -1.866433e-01  -1.894635e-01  -1.920057e-01  -1.954177e-01  -2.002485e-01  -2.070764e-01  -2.166680e-01  -2.300119e-01  -2.483204e-01  -2.729487e-01  -3.051563e-01  -3.456051e-01  -3.935506e-01  -4.458758e-01  -4.966291e-01  -5.382521e-01  -5.651606e-01
   55  -2.592779e-02  -2.593266e-02  -2.593479e-02  -2.593784e-02  -2.594222e-02  -2.594851e-02  -2.595754e-02  -2.597051e-02  -2.598913e-02  -2.601586e-02  -2.605417e-02  -2.610934e-02  -2.618837e-02  -2.630205e-02  -2.646461e-02  -2.669824e-02  -2.703271e-02  -2.751227e-02  -2.819770e-02  -2.917712e-02  -3.057183e-02  -3.255296e-02  -3.535155e-02  -3.927843e-02  -4.473204e-02  -5.219834e-02  -6.220952e-02  -7.524232e-02  -9.150514e-02  -1.106106e-01  -1.312130e-01  -1.509030e-01  -1.668209e-01  -1.771458e-01  -1.824487e-01  -1.851890e-01  -1.876611e-01  -1.909803e-01  -1.956807e-01  -2.023229e-01  -2.116536e-01  -2.246325e-01  -2.424361e-01  -2.663804e-01  -2.976806e-01  -3.369676e-01  -3.834963e-01  -4.342133e-01  -4.833203e-01  -5.234907e-01  -5.493657e-01
   56  -2.552251e-02  -2.552727e-02  -2.552935e-02  -2.553233e-02  -2.553662e-02  -2.554276e-02  -2.555160e-02  -2.556429e-02  -2.558248e-02  -2.560862e-02  -2.564614e-02  -2.569995e-02  -2.577732e-02  -2.588827e-02  -2.604745e-02  -2.627554e-02  -2.660264e-02  -2.707156e-02  -2.774168e-02  -2.869927e-02  -3.006325e-02  -3.199946e-02  -3.473576e-02  -3.857442e-02  -4.390598e-02  -5.120415e-02  -6.098988e-02  -7.372707e-02  -8.961782e-02  -1.082811e-01  -1.283982e-01  -1.476129e-01  -1.631318e-01  -1.731844e-01  -1.783381e-01  -1.809990e-01  -1.834020e-01  -1.866306e-01  -1.912016e-01  -1.976623e-01  -2.067360e-01  -2.193553e-01  -2.366631e-01  -2.599325e-01  -2.903371e-01  -3.284739e-01  -3.735975e-01  -4.227135e-01  -4.701740e-01  -5.088853e-01  -5.337181e-01
   57  -2.512987e-02  -2.513453e-02  -2.513656e-02  -2.513947e-02  -2.514366e-02  -2.514967e-02  -2.515831e-02  -2.517071e-02  -2.518848e-02  -2.521407e-02  -2.525076e-02  -2.530345e-02  -2.537895e-02  -2.548766e-02  -2.564325e-02  -2.586661e-02  -2.618644e-02  -2.664452e-02  -2.730010e-02  -2.823611e-02  -2.956987e-02  -3.146364e-02  -3.413873e-02  -3.789214e-02  -4.310496e-02  -5.024024e-02  -5.980649e-02  -7.225559e-02  -8.778349e-02  -1.060143e-01  -1.256555e-01  -1.444009e-01  -1.595254e-01  -1.693063e-01  -1.743111e-01  -1.768927e-01  -1.792278e-01  -1.823674e-01  -1.868120e-01  -1.930932e-01  -2.019147e-01  -2.141812e-01  -2.310006e-01  -2.536054e-01  -2.831258e-01  -3.201273e-01  -3.638587e-01  -4.113847e-01  -4.572049e-01  -4.944568e-01  -5.182443e-01
   58  -2.474939e-02  -2.475394e-02  -2.475593e-02  -2.475878e-02  -2.476288e-02  -2.476876e-02  -2.477720e-02  -2.478933e-02  -2.480674e-02  -2.483169e-02  -2.486763e-02  -2.491930e-02  -2.499322e-02  -2.509893e-02  -2.525141e-02  -2.546975e-02  -2.578290e-02  -2.623101e-02  -2.687171e-02  -2.778740e-02  -2.909182e-02  -3.094386e-02  -3.356014e-02  -3.723094e-02  -4.232802e-02  -4.930498e-02  -5.865747e-02  -7.082619e-02  -8.600054e-02  -1.038083e-01  -1.229826e-01  -1.412671e-01  -1.560001e-01  -1.655110e-01  -1.703669e-01  -1.728695e-01  -1.751381e-01  -1.781903e-01  -1.825105e-01  -1.886167e-01  -1.971898e-01  -2.091097e-01  -2.254487e-01  -2.473993e-01  -2.760497e-01  -3.119295e-01  -3.542855e-01  -4.002358e-01  -4.444261e-01  -4.802247e-01  -5.029689e-01
   59  -2.438061e-02  -2.438507e-02  -2.438701e-02  -2.438980e-02  -2.439381e-02  -2.439956e-02  -2.440782e-02  -2.441968e-02  -2.443672e-02  -2.446117e-02  -2.449627e-02  -2.454666e-02  -2.461877e-02  -2.472282e-02  -2.487175e-02  -2.508519e-02  -2.539153e-02  -2.582972e-02  -2.645668e-02  -2.735241e-02  -2.862826e-02  -3.043972e-02  -3.299902e-02  -3.658910e-02  -4.157461e-02  -4.839721e-02  -5.754180e-02  -6.943753e-02  -8.426654e-02  -1.016610e-01  -1.203773e-01  -1.382072e-01  -1.525539e-01  -1.617970e-01  -1.665045e-01  -1.689293e-01  -1.711323e-01  -1.740985e-01  -1.782972e-01  -1.842312e-01  -1.925611e-01  -2.041395e-01  -2.200070e-01  -2.413150e-01  -2.691083e-01  -3.038842e-01  -3.448816e-01  -3.892737e-01  -4.318498e-01  -4.662065e-01  -4.879144e-01
   60  -2.402309e-02  -2.402745e-02  -2.402935e-02  -2.403223e-02  -2.403600e-02  -2.404163e-02  -2.404970e-02  -2.406132e-02  -2.407799e-02  -2.410198e-02  -2.413626e-02  -2.418559e-02  -2.425641e-02  -2.435772e-02  -2.450356e-02  -2.471281e-02  -2.501224e-02  -2.544079e-02  -2.605455e-02  -2.693043e-02  -2.817886e-02  -2.995118e-02  -3.245501e-02  -3.596675e-02  -4.084331e-02  -4.751624e-02  -5.645847e-02  -6.808811e-02  -8.258014e-02  -9.957016e-02  -1.178377e-01  -1.352209e-01  -1.491859e-01  -1.581631e-01  -1.627237e-01  -1.650718e-01  -1.672100e-01  -1.700920e-01  -1.741715e-01  -1.799361e-01  -1.880275e-01  -1.992725e-01  -2.146763e-01  -2.353524e-01  -2.623034e-01  -2.959920e-01  -3.356506e-01  -3.785059e-01  -4.194869e-01  -4.524185e-01  -4.731035e-01
   61  -2.367640e-02  -2.368067e-02  -2.368253e-02  -2.368520e-02  -2.368904e-02  -2.369454e-02  -2.370245e-02  -2.371381e-02  -2.373012e-02  -2.375353e-02  -2.378714e-02  -2.383529e-02  -2.390461e-02  -2.400390e-02  -2.414640e-02  -2.435131e-02  -2.464426e-02  -2.506404e-02  -2.566430e-02  -2.652164e-02  -2.774280e-02  -2.947719e-02  -3.192674e-02  -3.536282e-02  -4.013316e-02  -4.666034e-02  -5.540569e-02  -6.677610e-02  -8.093922e-02  -9.753414e-02  -1.153616e-01  -1.323053e-01  -1.458941e-01  -1.546088e-01  -1.590230e-01  -1.612950e-01  -1.633705e-01  -1.661697e-01  -1.701328e-01  -1.757314e-01  -1.835889e-01  -1.945057e-01  -2.094554e-01  -2.295115e-01  -2.556350e-01  -2.882543e-01  -3.265966e-01  -3.679380e-01  -4.073475e-01  -4.388752e-01  -4.585520e-01
   62  -2.334013e-02  -2.334430e-02  -2.334612e-02  -2.334874e-02  -2.335249e-02  -2.335788e-02  -2.336563e-02  -2.337674e-02  -2.339270e-02  -2.341561e-02  -2.344851e-02  -2.349573e-02  -2.356351e-02  -2.366078e-02  -2.380024e-02  -2.400045e-02  -2.428719e-02  -2.469788e-02  -2.528568e-02  -2.612464e-02  -2.732031e-02  -2.901683e-02  -3.141425e-02  -3.477625e-02  -3.944409e-02  -4.582914e-02  -5.438274e-02  -6.550032e-02  -7.934226e-02  -9.555055e-02  -1.129469e-01  -1.294595e-01  -1.426767e-01  -1.511314e-01  -1.554018e-01  -1.575990e-01  -1.596122e-01  -1.623311e-01  -1.661798e-01  -1.716157e-01  -1.792444e-01  -1.898393e-01  -2.043441e-01  -2.237915e-01  -2.491040e-01  -2.806730e-01  -3.177226e-01  -3.575763e-01  -3.954406e-01  -4.255884e-01  -4.442790e-01
   63  -2.301387e-02  -2.301796e-02  -2.301974e-02  -2.302230e-02  -2.302598e-02  -2.303126e-02  -2.303883e-02  -2.304971e-02  -2.306533e-02  -2.308776e-02  -2.311997e-02  -2.316617e-02  -2.323252e-02  -2.332768e-02  -2.346447e-02  -2.366024e-02  -2.394100e-02  -2.434318e-02  -2.491844e-02  -2.573937e-02  -2.690940e-02  -2.857072e-02  -3.091628e-02  -3.420710e-02  -3.877422e-02  -4.502173e-02  -5.338789e-02  -6.425898e-02  -7.778781e-02  -9.361827e-02  -1.105923e-01  -1.266806e-01  -1.395330e-01  -1.477314e-01  -1.518596e-01  -1.539827e-01  -1.559357e-01  -1.585754e-01  -1.623117e-01  -1.675890e-01  -1.749924e-01  -1.852735e-01  -1.993414e-01  -2.181934e-01  -2.427092e-01  -2.732500e-01  -3.090296e-01  -3.474234e-01  -3.837731e-01  -4.125707e-01  -4.302973e-01
   64  -2.269725e-02  -2.270126e-02  -2.270300e-02  -2.270551e-02  -2.270910e-02  -2.271440e-02  -2.272169e-02  -2.273234e-02  -2.274773e-02  -2.276959e-02  -2.280115e-02  -2.284637e-02  -2.291130e-02  -2.300454e-02  -2.313821e-02  -2.333025e-02  -2.360504e-02  -2.399865e-02  -2.456163e-02  -2.536547e-02  -2.651094e-02  -2.813708e-02  -3.043337e-02  -3.365413e-02  -3.812371e-02  -4.423612e-02  -5.242077e-02  -6.305151e-02  -7.627418e-02  -9.173551e-02  -1.082955e-01  -1.239681e-01  -1.364611e-01  -1.444060e-01  -1.483942e-01  -1.504453e-01  -1.523389e-01  -1.549012e-01  -1.585286e-01  -1.636497e-01  -1.708338e-01  -1.808066e-01  -1.944476e-01  -2.127157e-01  -2.364520e-01  -2.659848e-01  -3.005206e-01  -3.374852e-01  -3.723518e-01  -3.998295e-01  -4.166186e-01
   65  -2.238990e-02  -2.239382e-02  -2.239553e-02  -2.239797e-02  -2.240150e-02  -2.240659e-02  -2.241383e-02  -2.242425e-02  -2.243923e-02  -2.246073e-02  -2.249177e-02  -2.253591e-02  -2.259964e-02  -2.269079e-02  -2.282185e-02  -2.300978e-02  -2.327881e-02  -2.366412e-02  -2.421520e-02  -2.500247e-02  -2.612394e-02  -2.771560e-02  -2.996366e-02  -3.311609e-02  -3.749115e-02  -4.347284e-02  -5.147989e-02  -6.187621e-02  -7.480011e-02  -8.990035e-02  -1.060551e-01  -1.213194e-01  -1.334590e-01  -1.411554e-01  -1.450056e-01  -1.469857e-01  -1.488215e-01  -1.513082e-01  -1.548277e-01  -1.597970e-01  -1.667660e-01  -1.764376e-01  -1.896608e-01  -2.073575e-01  -2.303314e-01  -2.588776e-01  -2.921976e-01  -3.277636e-01  -3.611823e-01  -3.873748e-01  -4.032552e-01
   66  -2.209146e-02  -2.209530e-02  -2.209697e-02  -2.209938e-02  -2.210283e-02  -2.210778e-02  -2.211490e-02  -2.212502e-02  -2.213978e-02  -2.216083e-02  -2.219099e-02  -2.223445e-02  -2.229672e-02  -2.238612e-02  -2.251425e-02  -2.269800e-02  -2.296188e-02  -2.333917e-02  -2.387894e-02  -2.464975e-02  -2.574800e-02  -2.730643e-02  -2.950740e-02  -3.259386e-02  -3.687619e-02  -4.273034e-02  -5.056425e-02  -6.073219e-02  -7.336414e-02  -8.811113e-02  -1.038694e-01  -1.187335e-01  -1.305255e-01  -1.379780e-01  -1.416923e-01  -1.436032e-01  -1.453822e-01  -1.477951e-01  -1.512097e-01  -1.560301e-01  -1.627892e-01  -1.721666e-01  -1.849805e-01  -2.021199e-01  -2.243475e-01  -2.519295e-01  -2.840606e-01  -3.182611e-01  -3.502687e-01  -3.752131e-01  -3.902134e-01
   67  -2.180160e-02  -2.180536e-02  -2.180700e-02  -2.180935e-02  -2.181273e-02  -2.181758e-02  -2.182455e-02  -2.183455e-02  -2.184889e-02  -2.186952e-02  -2.189914e-02  -2.194164e-02  -2.200265e-02  -2.209026e-02  -2.221542e-02  -2.239580e-02  -2.265372e-02  -2.302343e-02  -2.355224e-02  -2.430718e-02  -2.538245e-02  -2.690877e-02  -2.906406e-02  -3.208605e-02  -3.627815e-02  -4.200785e-02  -4.967316e-02  -5.961769e-02  -7.196527e-02  -8.636672e-02  -1.017367e-01  -1.162079e-01  -1.276600e-01  -1.348719e-01  -1.384536e-01  -1.402962e-01  -1.420203e-01  -1.443605e-01  -1.476733e-01  -1.523486e-01  -1.589021e-01  -1.679911e-01  -1.804057e-01  -1.970002e-01  -2.184988e-01  -2.451391e-01  -2.761103e-01  -3.089802e-01  -3.396146e-01  -3.633477e-01  -3.775023e-01
   68  -2.151998e-02  -2.152367e-02  -2.152527e-02  -2.152758e-02  -2.153089e-02  -2.153564e-02  -2.154246e-02  -2.155226e-02  -2.156633e-02  -2.158653e-02  -2.161553e-02  -2.165716e-02  -2.171692e-02  -2.180266e-02  -2.192582e-02  -2.210223e-02  -2.235498e-02  -2.271720e-02  -2.323506e-02  -2.397400e-02  -2.502738e-02  -2.652187e-02  -2.863288e-02  -3.159204e-02  -3.569654e-02  -4.130455e-02  -4.880534e-02  -5.853205e-02  -7.060117e-02  -8.466581e-02  -9.965519e-02  -1.137420e-01  -1.248600e-01  -1.318361e-01  -1.352879e-01  -1.370644e-01  -1.387345e-01  -1.410041e-01  -1.442166e-01  -1.487498e-01  -1.551029e-01  -1.639110e-01  -1.759367e-01  -1.919976e-01  -2.127856e-01  -2.385074e-01  -2.683474e-01  -2.999216e-01  -3.292229e-01  -3.517842e-01  -3.651248e-01
   69  -2.124630e-02  -2.124991e-02  -2.125148e-02  -2.125374e-02  -2.125699e-02  -2.126164e-02  -2.126833e-02  -2.127793e-02  -2.129171e-02  -2.131150e-02  -2.133995e-02  -2.138069e-02  -2.143916e-02  -2.152323e-02  -2.164356e-02  -2.181637e-02  -2.206438e-02  -2.241884e-02  -2.292628e-02  -2.365066e-02  -2.468219e-02  -2.614627e-02  -2.821367e-02  -3.111102e-02  -3.513018e-02  -4.062039e-02  -4.796039e-02  -5.747495e-02  -6.927243e-02  -8.300648e-02  -9.762437e-02  -1.113340e-01  -1.221243e-01  -1.288697e-01  -1.321939e-01  -1.339063e-01  -1.355234e-01  -1.377245e-01  -1.408390e-01  -1.452341e-01  -1.513917e-01  -1.599253e-01  -1.715700e-01  -1.871119e-01  -2.072069e-01  -2.320325e-01  -2.607713e-01  -2.910866e-01  -3.190940e-01  -3.405247e-01  -3.530846e-01
   70  -2.098026e-02  -2.098379e-02  -2.098533e-02  -2.098753e-02  -2.099072e-02  -2.099529e-02  -2.100184e-02  -2.101124e-02  -2.102475e-02  -2.104413e-02  -2.107197e-02  -2.111201e-02  -2.116944e-02  -2.125155e-02  -2.136963e-02  -2.153894e-02  -2.178159e-02  -2.212932e-02  -2.262611e-02  -2.333583e-02  -2.434652e-02  -2.578054e-02  -2.780560e-02  -3.064311e-02  -3.457894e-02  -3.995391e-02  -4.713770e-02  -5.644417e-02  -6.797622e-02  -8.138801e-02  -9.564172e-02  -1.089825e-01  -1.194519e-01  -1.259717e-01  -1.291714e-01  -1.308205e-01  -1.323863e-01  -1.345197e-01  -1.375396e-01  -1.417991e-01  -1.477657e-01  -1.560325e-01  -1.673063e-01  -1.823417e-01  -2.017607e-01  -2.257147e-01  -2.533818e-01  -2.824735e-01  -3.092295e-01  -3.295710e-01  -3.413837e-01
   71  -2.072156e-02  -2.072502e-02  -2.072653e-02  -2.072870e-02  -2.073178e-02  -2.073628e-02  -2.074270e-02  -2.075192e-02  -2.076510e-02  -2.078415e-02  -2.081142e-02  -2.085058e-02  -2.090665e-02  -2.098731e-02  -2.110300e-02  -2.126878e-02  -2.150662e-02  -2.184704e-02  -2.233407e-02  -2.302960e-02  -2.401946e-02  -2.542473e-02  -2.740812e-02  -3.018782e-02  -3.404195e-02  -3.930448e-02  -4.633585e-02  -5.543959e-02  -6.671233e-02  -7.980865e-02  -9.370633e-02  -1.066859e-01  -1.168410e-01  -1.231399e-01  -1.262181e-01  -1.278058e-01  -1.293218e-01  -1.313904e-01  -1.343166e-01  -1.384447e-01  -1.442253e-01  -1.522310e-01  -1.631434e-01  -1.776857e-01  -1.964460e-01  -2.195515e-01  -2.461780e-01  -2.740836e-01  -2.996299e-01  -3.189229e-01  -3.300231e-01
   72  -2.046993e-02  -2.047333e-02  -2.047481e-02  -2.047693e-02  -2.047998e-02  -2.048436e-02  -2.049065e-02  -2.049968e-02  -2.051265e-02  -2.053127e-02  -2.055800e-02  -2.059636e-02  -2.065144e-02  -2.073053e-02  -2.084402e-02  -2.100652e-02  -2.123930e-02  -2.157319e-02  -2.205021e-02  -2.273167e-02  -2.370179e-02  -2.507834e-02  -2.702159e-02  -2.974469e-02  -3.351924e-02  -3.867228e-02  -4.555393e-02  -5.446015e-02  -6.547942e-02  -7.826769e-02  -9.181700e-02  -1.044429e-01  -1.142910e-01  -1.203734e-01  -1.233331e-01  -1.248618e-01  -1.263293e-01  -1.283339e-01  -1.311696e-01  -1.351694e-01  -1.407689e-01  -1.485201e-01  -1.590804e-01  -1.731417e-01  -1.912625e-01  -2.135425e-01  -2.391584e-01  -2.659156e-01  -2.902936e-01  -3.085806e-01  -3.190015e-01
   73  -2.022511e-02  -2.022844e-02  -2.022989e-02  -2.023197e-02  -2.023496e-02  -2.023925e-02  -2.024542e-02  -2.025427e-02  -2.026698e-02  -2.028523e-02  -2.031142e-02  -2.034903e-02  -2.040295e-02  -2.048045e-02  -2.059186e-02  -2.075096e-02  -2.097924e-02  -2.130627e-02  -2.177385e-02  -2.244128e-02  -2.339256e-02  -2.474092e-02  -2.664513e-02  -2.931273e-02  -3.301011e-02  -3.805603e-02  -4.479156e-02  -5.350484e-02  -6.427683e-02  -7.676357e-02  -8.997225e-02  -1.022525e-01  -1.117999e-01  -1.176713e-01  -1.205161e-01  -1.219867e-01  -1.234067e-01  -1.253495e-01  -1.280973e-01  -1.319715e-01  -1.373942e-01  -1.448982e-01  -1.551161e-01  -1.687099e-01  -1.862077e-01  -2.076861e-01  -2.323219e-01  -2.579676e-01  -2.812192e-01  -2.985422e-01  -3.083183e-01
   74  -1.998684e-02  -1.999010e-02  -1.999153e-02  -1.999357e-02  -1.999650e-02  -2.000071e-02  -2.000675e-02  -2.001542e-02  -2.002788e-02  -2.004577e-02  -2.007144e-02  -2.010830e-02  -2.016121e-02  -2.023728e-02  -2.034597e-02  -2.050214e-02  -2.072617e-02  -2.104664e-02  -2.150499e-02  -2.215915e-02  -2.309089e-02  -2.441285e-02  -2.627823e-02  -2.889192e-02  -3.251387e-02  -3.745511e-02  -4.404898e-02  -5.257318e-02  -6.310312e-02  -7.529524e-02  -8.817056e-02  -1.001130e-01  -1.093665e-01  -1.150324e-01  -1.177650e-01  -1.191795e-01  -1.205537e-01  -1.224356e-01  -1.250974e-01  -1.288501e-01  -1.341011e-01  -1.413643e-01  -1.512483e-01  -1.643878e-01  -1.812801e-01  -2.019809e-01  -2.256665e-01  -2.502384e-01  -2.724063e-01  -2.888056e-01  -2.979695e-01
   75  -1.975489e-02  -1.975808e-02  -1.975948e-02  -1.976148e-02  -1.976435e-02  -1.976847e-02  -1.977440e-02  -1.978290e-02  -1.979511e-02  -1.981265e-02  -1.983772e-02  -1.987395e-02  -1.992581e-02  -2.000046e-02  -2.010711e-02  -2.026023e-02  -2.047967e-02  -2.079345e-02  -2.124308e-02  -2.188425e-02  -2.279730e-02  -2.409316e-02  -2.592120e-02  -2.848187e-02  -3.202969e-02  -3.686899e-02  -4.332426e-02  -5.166423e-02  -6.195770e-02  -7.386161e-02  -8.641142e-02  -9.802329e-02  -1.069897e-01  -1.124546e-01  -1.150789e-01  -1.164391e-01  -1.177686e-01  -1.195913e-01  -1.221698e-01  -1.258037e-01  -1.308875e-01  -1.379160e-01  -1.474761e-01  -1.601736e-01  -1.764785e-01  -1.964250e-01  -2.191908e-01  -2.427247e-01  -2.638510e-01  -2.793677e-01  -2.879519e-01
   76  -1.952901e-02  -1.953214e-02  -1.953351e-02  -1.953547e-02  -1.953828e-02  -1.954233e-02  -1.954813e-02  -1.955647e-02  -1.956854e-02  -1.958563e-02  -1.961039e-02  -1.964571e-02  -1.969657e-02  -1.976953e-02  -1.987400e-02  -2.002424e-02  -2.023930e-02  -2.054727e-02  -2.098789e-02  -2.161626e-02  -2.251145e-02  -2.378148e-02  -2.557315e-02  -2.808231e-02  -3.155808e-02  -3.629737e-02  -4.261703e-02  -5.077700e-02  -6.083960e-02  -7.246216e-02  -8.469350e-02  -9.598201e-02  -1.046685e-01  -1.099378e-01  -1.124567e-01  -1.137642e-01  -1.150502e-01  -1.168160e-01  -1.193127e-01  -1.228314e-01  -1.277523e-01  -1.345538e-01  -1.437978e-01  -1.560665e-01  -1.718010e-01  -1.910150e-01  -2.128917e-01  -2.354254e-01  -2.555500e-01  -2.702252e-01  -2.782609e-01
   77  -1.930898e-02  -1.931205e-02  -1.931339e-02  -1.931547e-02  -1.931808e-02  -1.932204e-02  -1.932773e-02  -1.933591e-02  -1.934765e-02  -1.936450e-02  -1.938869e-02  -1.942342e-02  -1.947325e-02  -1.954477e-02  -1.964739e-02  -1.979468e-02  -2.000555e-02  -2.030737e-02  -2.073891e-02  -2.135521e-02  -2.223265e-02  -2.347755e-02  -2.523369e-02  -2.769251e-02  -3.109793e-02  -3.574027e-02  -4.192729e-02  -4.991116e-02  -5.974784e-02  -7.109510e-02  -8.301526e-02  -9.398825e-02  -1.024014e-01  -1.074806e-01  -1.098966e-01  -1.111536e-01  -1.123977e-01  -1.141072e-01  -1.165251e-01  -1.199317e-01  -1.246944e-01  -1.312743e-01  -1.402126e-01  -1.520639e-01  -1.672448e-01  -1.857513e-01  -2.067674e-01  -2.283368e-01  -2.475001e-01  -2.613732e-01  -2.688915e-01
   78  -1.909459e-02  -1.909761e-02  -1.909892e-02  -1.910081e-02  -1.910351e-02  -1.910740e-02  -1.911298e-02  -1.912100e-02  -1.913251e-02  -1.914903e-02  -1.917267e-02  -1.920678e-02  -1.925567e-02  -1.932585e-02  -1.942641e-02  -1.957068e-02  -1.977732e-02  -2.007341e-02  -2.049657e-02  -2.110095e-02  -2.196109e-02  -2.318114e-02  -2.490280e-02  -2.731248e-02  -3.064912e-02  -3.519635e-02  -4.125401e-02  -4.906555e-02  -5.868206e-02  -6.976031e-02  -8.137577e-02  -9.204069e-02  -1.001871e-01  -1.050814e-01  -1.073982e-01  -1.086062e-01  -1.098093e-01  -1.114646e-01  -1.138056e-01  -1.171031e-01  -1.217123e-01  -1.280770e-01  -1.367176e-01  -1.481647e-01  -1.628097e-01  -1.806298e-01  -2.008150e-01  -2.214555e-01  -2.396989e-01  -2.528075e-01  -2.598375e-01
   79  -1.888565e-02  -1.888860e-02  -1.888989e-02  -1.889174e-02  -1.889439e-02  -1.889820e-02  -1.890368e-02  -1.891154e-02  -1.892282e-02  -1.893902e-02  -1.896228e-02  -1.899567e-02  -1.904356e-02  -1.911243e-02  -1.921075e-02  -1.935251e-02  -1.955516e-02  -1.984538e-02  -2.026063e-02  -2.085279e-02  -2.169651e-02  -2.289244e-02  -2.457983e-02  -2.694168e-02  -3.021139e-02  -3.466539e-02  -4.059667e-02  -4.824022e-02  -5.764113e-02  -6.845631e-02  -7.977466e-02  -9.013848e-02  -9.802477e-02  -1.027391e-01  -1.049601e-01  -1.061203e-01  -1.072840e-01  -1.088866e-01  -1.111531e-01  -1.143447e-01  -1.188041e-01  -1.249603e-01  -1.333118e-01  -1.443673e-01  -1.584919e-01  -1.756487e-01  -1.950320e-01  -2.147791e-01  -2.321406e-01  -2.445226e-01  -2.510934e-01
   80  -1.868194e-02  -1.868483e-02  -1.868609e-02  -1.868791e-02  -1.869051e-02  -1.869425e-02  -1.869962e-02  -1.870733e-02  -1.871839e-02  -1.873428e-02  -1.875709e-02  -1.878980e-02  -1.883688e-02  -1.890418e-02  -1.900114e-02  -1.913953e-02  -1.933866e-02  -1.962321e-02  -2.003003e-02  -2.061100e-02  -2.143776e-02  -2.261075e-02  -2.426512e-02  -2.657979e-02  -2.978394e-02  -3.414718e-02  -3.995485e-02  -4.743435e-02  -5.662385e-02  -6.718255e-02  -7.821038e-02  -8.828003e-02  -9.591321e-02  -1.004528e-01  -1.025808e-01  -1.036954e-01  -1.048205e-01  -1.063719e-01  -1.085655e-01  -1.116546e-01  -1.159692e-01  -1.219222e-01  -1.299939e-01  -1.406691e-01  -1.542907e-01  -1.708056e-01  -1.894150e-01  -2.083032e-01  -2.248210e-01  -2.365126e-01  -2.426511e-01
   81  -1.848328e-02  -1.848612e-02  -1.848736e-02  -1.848913e-02  -1.849169e-02  -1.849535e-02  -1.850062e-02  -1.850818e-02  -1.851903e-02  -1.853470e-02  -1.855702e-02  -1.858907e-02  -1.863519e-02  -1.870133e-02  -1.879603e-02  -1.893225e-02  -1.912708e-02  -1.940633e-02  -1.980537e-02  -2.037508e-02  -2.118606e-02  -2.233596e-02  -2.395757e-02  -2.622680e-02  -2.936647e-02  -3.364137e-02  -3.932812e-02  -4.664692e-02  -5.563051e-02  -6.593801e-02  -7.668187e-02  -8.646484e-02  -9.385091e-02  -9.822113e-02  -1.002597e-01  -1.013300e-01  -1.024177e-01  -1.039199e-01  -1.060426e-01  -1.090317e-01  -1.132058e-01  -1.189620e-01  -1.267621e-01  -1.370684e-01  -1.502031e-01  -1.660980e-01  -1.839614e-01  -2.020242e-01  -2.177356e-01  -2.287724e-01  -2.345053e-01
   82  -1.828949e-02  -1.829228e-02  -1.829349e-02  -1.829524e-02  -1.829774e-02  -1.830134e-02  -1.830649e-02  -1.831391e-02  -1.832456e-02  -1.833984e-02  -1.836174e-02  -1.839337e-02  -1.843858e-02  -1.850353e-02  -1.859648e-02  -1.872990e-02  -1.892104e-02  -1.919486e-02  -1.958605e-02  -2.014483e-02  -2.093995e-02  -2.206760e-02  -2.365739e-02  -2.588208e-02  -2.895906e-02  -3.314705e-02  -3.871582e-02  -4.587741e-02  -5.465990e-02  -6.472173e-02  -7.518863e-02  -8.469155e-02  -9.183739e-02  -9.604280e-02  -9.799480e-02  -9.902280e-02  -1.000746e-01  -1.015281e-01  -1.035827e-01  -1.064751e-01  -1.105125e-01  -1.160778e-01  -1.236143e-01  -1.335637e-01  -1.462269e-01  -1.615231e-01  -1.786681e-01  -1.959381e-01  -2.108794e-01  -2.212949e-01  -2.266473e-01
   83  -1.810040e-02  -1.810314e-02  -1.810433e-02  -1.810604e-02  -1.810849e-02  -1.811202e-02  -1.811708e-02  -1.812436e-02  -1.813480e-02  -1.814979e-02  -1.817131e-02  -1.820221e-02  -1.824650e-02  -1.831012e-02  -1.840151e-02  -1.853245e-02  -1.871978e-02  -1.898824e-02  -1.937232e-02  -1.992017e-02  -2.070002e-02  -2.180570e-02  -2.336467e-02  -2.554512e-02  -2.856117e-02  -3.266415e-02  -3.811756e-02  -4.512569e-02  -5.371143e-02  -6.353330e-02  -7.372969e-02  -8.295935e-02  -8.987148e-02  -9.391743e-02  -9.578533e-02  -9.677249e-02  -9.778904e-02  -9.919611e-02  -1.011843e-01  -1.039826e-01  -1.078871e-01  -1.132680e-01  -1.205495e-01  -1.301532e-01  -1.423610e-01  -1.570784e-01  -1.735312e-01  -1.900413e-01  -2.042475e-01  -2.140739e-01  -2.190691e-01
   84  -1.791585e-02  -1.791853e-02  -1.791970e-02  -1.792138e-02  -1.792379e-02  -1.792725e-02  -1.793221e-02  -1.793935e-02  -1.794959e-02  -1.796430e-02  -1.798541e-02  -1.801556e-02  -1.805911e-02  -1.812170e-02  -1.821110e-02  -1.833971e-02  -1.852352e-02  -1.878680e-02  -1.916337e-02  -1.970059e-02  -2.046561e-02  -2.154972e-02  -2.307832e-02  -2.521604e-02  -2.817233e-02  -3.219247e-02  -3.753300e-02  -4.439117e-02  -5.278422e-02  -6.237172e-02  -7.230374e-02  -8.126695e-02  -8.795179e-02  -9.184302e-02  -9.363054e-02  -9.457836e-02  -9.556115e-02  -9.692274e-02  -9.884639e-02  -1.015535e-01  -1.053299e-01  -1.105312e-01  -1.175653e-01  -1.268349e-01  -1.386016e-01  -1.527618e-01  -1.685485e-01  -1.843290e-01  -1.978337e-01  -2.071036e-01  -2.117646e-01
   85  -1.773567e-02  -1.773830e-02  -1.773945e-02  -1.774109e-02  -1.774346e-02  -1.774685e-02  -1.775173e-02  -1.775872e-02  -1.776877e-02  -1.778320e-02  -1.780392e-02  -1.783364e-02  -1.787631e-02  -1.793732e-02  -1.802544e-02  -1.815153e-02  -1.833181e-02  -1.859015e-02  -1.895952e-02  -1.948639e-02  -2.023662e-02  -2.129953e-02  -2.279899e-02  -2.489483e-02  -2.779246e-02  -3.173155e-02  -3.696153e-02  -4.367322e-02  -5.187790e-02  -6.123629e-02  -7.091009e-02  -7.961407e-02  -8.607719e-02  -8.981879e-02  -9.152912e-02  -9.243869e-02  -9.338911e-02  -9.470625e-02  -9.656746e-02  -9.918600e-02  -1.028380e-01  -1.078656e-01  -1.146606e-01  -1.236061e-01  -1.349475e-01  -1.485694e-01  -1.637153e-01  -1.787979e-01  -1.916337e-01  -2.003761e-01  -2.047243e-01
   86  -1.755971e-02  -1.756229e-02  -1.756342e-02  -1.756503e-02  -1.756735e-02  -1.757068e-02  -1.757547e-02  -1.758233e-02  -1.759210e-02  -1.760634e-02  -1.762662e-02  -1.765583e-02  -1.769758e-02  -1.775775e-02  -1.784393e-02  -1.796736e-02  -1.814445e-02  -1.839806e-02  -1.876015e-02  -1.927713e-02  -2.001289e-02  -2.105592e-02  -2.252576e-02  -2.458124e-02  -2.742107e-02  -3.128084e-02  -3.640291e-02  -4.297148e-02  -5.099189e-02  -6.012663e-02  -6.954819e-02  -7.799917e-02  -8.424718e-02  -8.784381e-02  -8.947955e-02  -9.035268e-02  -9.127107e-02  -9.254588e-02  -9.434646e-02  -9.687917e-02  -1.004106e-01  -1.052700e-01  -1.118333e-01  -1.204661e-01  -1.313956e-01  -1.444997e-01  -1.590289e-01  -1.734414e-01  -1.856413e-01  -1.938855e-01  -1.979412e-01
   87  -1.738784e-02  -1.739037e-02  -1.739147e-02  -1.739306e-02  -1.739533e-02  -1.739860e-02  -1.740329e-02  -1.741003e-02  -1.741970e-02  -1.743351e-02  -1.745352e-02  -1.748224e-02  -1.752320e-02  -1.758207e-02  -1.766679e-02  -1.778783e-02  -1.796138e-02  -1.821019e-02  -1.856561e-02  -1.907270e-02  -1.979448e-02  -2.081751e-02  -2.225885e-02  -2.427426e-02  -2.705824e-02  -3.084068e-02  -3.585714e-02  -4.228473e-02  -5.012589e-02  -5.904165e-02  -6.821700e-02  -7.642126e-02  -8.246070e-02  -8.591701e-02  -8.748075e-02  -8.831871e-02  -8.920654e-02  -9.044005e-02  -9.218182e-02  -9.463178e-02  -9.804610e-02  -1.027424e-01  -1.090815e-01  -1.174117e-01  -1.279449e-01  -1.405481e-01  -1.544858e-01  -1.682575e-01  -1.798508e-01  -1.876243e-01  -1.914070e-01
   88  -1.721990e-02  -1.722238e-02  -1.722346e-02  -1.722502e-02  -1.722725e-02  -1.723046e-02  -1.723506e-02  -1.724167e-02  -1.725116e-02  -1.726478e-02  -1.728429e-02  -1.731242e-02  -1.735271e-02  -1.741057e-02  -1.749339e-02  -1.761227e-02  -1.778274e-02  -1.802686e-02  -1.837529e-02  -1.887300e-02  -1.958108e-02  -2.058413e-02  -2.199824e-02  -2.397421e-02  -2.670335e-02  -3.040995e-02  -3.532312e-02  -4.161393e-02  -4.927877e-02  -5.798102e-02  -6.691623e-02  -7.488017e-02  -8.071627e-02  -8.403713e-02  -8.553166e-02  -8.633640e-02  -8.719457e-02  -8.838769e-02  -9.007279e-02  -9.244205e-02  -9.574356e-02  -1.002818e-01  -1.064042e-01  -1.144420e-01  -1.245915e-01  -1.367139e-01  -1.500825e-01  -1.632407e-01  -1.742565e-01  -1.815865e-01  -1.851136e-01
   89  -1.705576e-02  -1.705820e-02  -1.705926e-02  -1.706079e-02  -1.706298e-02  -1.706612e-02  -1.707064e-02  -1.707712e-02  -1.708643e-02  -1.709980e-02  -1.711901e-02  -1.714654e-02  -1.718600e-02  -1.724293e-02  -1.732441e-02  -1.744080e-02  -1.760807e-02  -1.784739e-02  -1.818977e-02  -1.867765e-02  -1.937235e-02  -2.035622e-02  -2.174293e-02  -2.368088e-02  -2.635646e-02  -2.998849e-02  -3.480080e-02  -4.095735e-02  -4.845047e-02  -5.694396e-02  -6.564465e-02  -7.337445e-02  -7.901354e-02  -8.220316e-02  -8.363177e-02  -8.440388e-02  -8.523341e-02  -8.638752e-02  -8.801775e-02  -9.030897e-02  -9.350048e-02  -9.788665e-02  -1.037991e-01  -1.115544e-01  -1.213343e-01  -1.329922e-01  -1.458148e-01  -1.583871e-01  -1.688536e-01  -1.757640e-01  -1.790528e-01
   90  -1.689530e-02  -1.689769e-02  -1.689873e-02  -1.690023e-02  -1.690249e-02  -1.690547e-02  -1.690990e-02  -1.691626e-02  -1.692540e-02  -1.693852e-02  -1.695729e-02  -1.698438e-02  -1.702318e-02  -1.707882e-02  -1.715881e-02  -1.727329e-02  -1.743711e-02  -1.767207e-02  -1.800762e-02  -1.848645e-02  -1.916809e-02  -2.013368e-02  -2.149381e-02  -2.339392e-02  -2.601708e-02  -2.957665e-02  -3.428996e-02  -4.031544e-02  -4.764018e-02  -5.592944e-02  -6.440192e-02  -7.190355e-02  -7.735103e-02  -8.041466e-02  -8.177922e-02  -8.252020e-02  -8.332222e-02  -8.443872e-02  -8.601510e-02  -8.823126e-02  -9.131710e-02  -9.555511e-02  -1.012649e-01  -1.087473e-01  -1.181705e-01  -1.293819e-01  -1.416797e-01  -1.536908e-01  -1.636358e-01  -1.701508e-01  -1.732181e-01
   91  -1.673839e-02  -1.674074e-02  -1.674176e-02  -1.674323e-02  -1.674534e-02  -1.674837e-02  -1.675272e-02  -1.675896e-02  -1.676793e-02  -1.678080e-02  -1.679928e-02  -1.682581e-02  -1.686383e-02  -1.691848e-02  -1.699694e-02  -1.710901e-02  -1.727025e-02  -1.750062e-02  -1.783003e-02  -1.829999e-02  -1.896836e-02  -1.991557e-02  -2.124970e-02  -2.311333e-02  -2.568509e-02  -2.917348e-02  -3.379024e-02  -3.968720e-02  -4.684777e-02  -5.493765e-02  -6.318678e-02  -7.046655e-02  -7.572851e-02  -7.866937e-02  -7.997330e-02  -8.068419e-02  -8.145946e-02  -8.253977e-02  -8.406470e-02  -8.620736e-02  -8.919038e-02  -9.328571e-02  -9.879962e-02  -1.060184e-01  -1.150980e-01  -1.258799e-01  -1.376741e-01  -1.491494e-01  -1.585981e-01  -1.647400e-01  -1.676003e-01
   92  -1.658492e-02  -1.658722e-02  -1.658822e-02  -1.658967e-02  -1.659174e-02  -1.659471e-02  -1.659898e-02  -1.660510e-02  -1.661390e-02  -1.662654e-02  -1.664467e-02  -1.667070e-02  -1.670806e-02  -1.676154e-02  -1.683859e-02  -1.694906e-02  -1.710678e-02  -1.733293e-02  -1.765610e-02  -1.811715e-02  -1.877330e-02  -1.970222e-02  -2.101117e-02  -2.283868e-02  -2.536022e-02  -2.877922e-02  -3.330093e-02  -3.907258e-02  -4.607253e-02  -5.396753e-02  -6.199891e-02  -6.906270e-02  -7.414440e-02  -7.696765e-02  -7.821272e-02  -7.889554e-02  -7.964471e-02  -8.068948e-02  -8.216427e-02  -8.423644e-02  -8.712010e-02  -9.107754e-02  -9.640204e-02  -1.033664e-01  -1.121138e-01  -1.224827e-01  -1.337938e-01  -1.447567e-01  -1.537346e-01  -1.595250e-01  -1.621920e-01
   93  -1.643476e-02  -1.643702e-02  -1.643801e-02  -1.643942e-02  -1.644148e-02  -1.644437e-02  -1.644856e-02  -1.645457e-02  -1.646321e-02  -1.647561e-02  -1.649345e-02  -1.651886e-02  -1.655562e-02  -1.660823e-02  -1.668382e-02  -1.679185e-02  -1.694665e-02  -1.716884e-02  -1.748594e-02  -1.793832e-02  -1.858201e-02  -1.949378e-02  -2.077735e-02  -2.256986e-02  -2.504202e-02  -2.839311e-02  -3.282274e-02  -3.847104e-02  -4.531409e-02  -5.301884e-02  -6.083782e-02  -6.769103e-02  -7.259847e-02  -7.530769e-02  -7.649645e-02  -7.715207e-02  -7.787609e-02  -7.888681e-02  -8.031339e-02  -8.231716e-02  -8.510478e-02  -8.892804e-02  -9.406979e-02  -1.007886e-01  -1.092167e-01  -1.191877e-01  -1.300365e-01  -1.405092e-01  -1.490399e-01  -1.544989e-01  -1.569859e-01
   94  -1.628782e-02  -1.629004e-02  -1.629100e-02  -1.629239e-02  -1.629439e-02  -1.629725e-02  -1.630136e-02  -1.630726e-02  -1.631574e-02  -1.632791e-02  -1.634532e-02  -1.637045e-02  -1.640640e-02  -1.645819e-02  -1.653213e-02  -1.663822e-02  -1.679046e-02  -1.700812e-02  -1.731946e-02  -1.776349e-02  -1.839501e-02  -1.928943e-02  -2.054887e-02  -2.230672e-02  -2.473089e-02  -2.801530e-02  -3.235393e-02  -3.788241e-02  -4.457200e-02  -5.209065e-02  -5.970249e-02  -6.635122e-02  -7.108905e-02  -7.368887e-02  -7.482391e-02  -7.545290e-02  -7.615312e-02  -7.713057e-02  -7.851034e-02  -8.044776e-02  -8.314255e-02  -8.683693e-02  -9.180167e-02  -9.828354e-02  -1.064038e-01  -1.159924e-01  -1.263965e-01  -1.364028e-01  -1.445079e-01  -1.496554e-01  -1.519756e-01
   95  -1.614398e-02  -1.614616e-02  -1.614711e-02  -1.614847e-02  -1.615043e-02  -1.615324e-02  -1.615727e-02  -1.616307e-02  -1.617141e-02  -1.618333e-02  -1.620047e-02  -1.622508e-02  -1.626035e-02  -1.631117e-02  -1.638384e-02  -1.648789e-02  -1.663713e-02  -1.685110e-02  -1.715656e-02  -1.759228e-02  -1.821191e-02  -1.908932e-02  -2.032490e-02  -2.204916e-02  -2.442616e-02  -2.764518e-02  -3.189566e-02  -3.730628e-02  -4.384536e-02  -5.118298e-02  -5.859271e-02  -6.504232e-02  -6.961601e-02  -7.211004e-02  -7.319321e-02  -7.379722e-02  -7.447401e-02  -7.541941e-02  -7.675447e-02  -7.862771e-02  -8.123266e-02  -8.480226e-02  -8.959627e-02  -9.584964e-02  -1.036729e-01  -1.128942e-01  -1.228724e-01  -1.324326e-01  -1.401341e-01  -1.449883e-01  -1.471526e-01
   96  -1.600315e-02  -1.600529e-02  -1.600622e-02  -1.600756e-02  -1.600948e-02  -1.601224e-02  -1.601620e-02  -1.602188e-02  -1.603005e-02  -1.604177e-02  -1.605860e-02  -1.608275e-02  -1.611742e-02  -1.616711e-02  -1.623841e-02  -1.634081e-02  -1.648730e-02  -1.669724e-02  -1.699689e-02  -1.742461e-02  -1.803237e-02  -1.889358e-02  -2.010558e-02  -2.179685e-02  -2.412802e-02  -2.728305e-02  -3.144647e-02  -3.674236e-02  -4.313447e-02  -5.029455e-02  -5.750749e-02  -6.376356e-02  -6.817794e-02  -7.057025e-02  -7.160411e-02  -7.218427e-02  -7.283847e-02  -7.375314e-02  -7.504370e-02  -7.685539e-02  -7.937324e-02  -8.282268e-02  -8.745189e-02  -9.348425e-02  -1.010223e-01  -1.098900e-01  -1.194602e-01  -1.285946e-01  -1.359136e-01  -1.404911e-01  -1.425100e-01
   97  -1.586523e-02  -1.586733e-02  -1.586825e-02  -1.586956e-02  -1.587145e-02  -1.587415e-02  -1.587804e-02  -1.588365e-02  -1.589163e-02  -1.590314e-02  -1.591965e-02  -1.594336e-02  -1.597740e-02  -1.602621e-02  -1.609615e-02  -1.619658e-02  -1.634041e-02  -1.654641e-02  -1.684068e-02  -1.726039e-02  -1.785693e-02  -1.870183e-02  -1.989099e-02  -2.154965e-02  -2.383554e-02  -2.692838e-02  -3.100690e-02  -3.619016e-02  -4.243909e-02  -4.942607e-02  -5.644655e-02  -6.251407e-02  -6.677457e-02  -6.906882e-02  -7.005571e-02  -7.061271e-02  -7.124496e-02  -7.212978e-02  -7.337775e-02  -7.512953e-02  -7.756380e-02  -8.089667e-02  -8.536681e-02  -9.118690e-02  -9.844930e-02  -1.069775e-01  -1.161568e-01  -1.248843e-01  -1.318406e-01  -1.361579e-01  -1.380421e-01
   98  -1.573013e-02  -1.573219e-02  -1.573309e-02  -1.573438e-02  -1.573623e-02  -1.573888e-02  -1.574270e-02  -1.574818e-02  -1.575604e-02  -1.576734e-02  -1.578355e-02  -1.580682e-02  -1.584022e-02  -1.588814e-02  -1.595688e-02  -1.605524e-02  -1.619673e-02  -1.639859e-02  -1.668758e-02  -1.709923e-02  -1.768485e-02  -1.851398e-02  -1.968057e-02  -2.130796e-02  -2.354952e-02  -2.658115e-02  -3.057619e-02  -3.564933e-02  -4.175771e-02  -4.857569e-02  -5.540914e-02  -6.129382e-02  -6.540512e-02  -6.760475e-02  -6.854636e-02  -6.908142e-02  -6.969265e-02  -7.054854e-02  -7.175557e-02  -7.344978e-02  -7.580264e-02  -7.902292e-02  -8.333930e-02  -8.895419e-02  -9.595187e-02  -1.041537e-01  -1.129582e-01  -1.212984e-01  -1.279093e-01  -1.319826e-01  -1.337405e-01
   99  -1.559776e-02  -1.559978e-02  -1.560066e-02  -1.560192e-02  -1.560374e-02  -1.560635e-02  -1.561009e-02  -1.561547e-02  -1.562319e-02  -1.563428e-02  -1.565019e-02  -1.567304e-02  -1.570582e-02  -1.575286e-02  -1.582028e-02  -1.591710e-02  -1.605567e-02  -1.625370e-02  -1.653744e-02  -1.694147e-02  -1.751630e-02  -1.832991e-02  -1.947475e-02  -2.107095e-02  -2.326891e-02  -2.624055e-02  -3.015455e-02  -3.511982e-02  -4.109135e-02  -4.774399e-02  -5.439478e-02  -6.010148e-02  -6.406838e-02  -6.617731e-02  -6.707561e-02  -6.758937e-02  -6.818033e-02  -6.900824e-02  -7.017571e-02  -7.181394e-02  -7.408851e-02  -7.720003e-02  -8.136824e-02  -8.678531e-02  -9.352807e-02  -1.014159e-01  -1.098625e-01  -1.178325e-01  -1.241170e-01  -1.279594e-01  -1.296011e-01
  100  -1.546802e-02  -1.547001e-02  -1.547087e-02  -1.547212e-02  -1.547390e-02  -1.547646e-02  -1.548014e-02  -1.548542e-02  -1.549299e-02  -1.550392e-02  -1.551950e-02  -1.554193e-02  -1.557411e-02  -1.562029e-02  -1.568650e-02  -1.578138e-02  -1.591748e-02  -1.611227e-02  -1.639030e-02  -1.678721e-02  -1.735134e-02  -1.814962e-02  -1.927293e-02  -2.083849e-02  -2.299431e-02  -2.590728e-02  -2.974169e-02  -3.460144e-02  -4.043847e-02  -4.692988e-02  -5.340274e-02  -5.893640e-02  -6.276372e-02  -6.478491e-02  -6.564224e-02  -6.613591e-02  -6.670710e-02  -6.750783e-02  -6.863767e-02  -7.022122e-02  -7.242040e-02  -7.542686e-02  -7.945220e-02  -8.467856e-02  -9.117587e-02  -9.876271e-02  -1.068646e-01  -1.144829e-01  -1.204570e-01  -1.240829e-01  -1.256149e-01
