# k loading Love number for a Heaviside load
# Computed by ISSM on 19-Mar-2026 11:28:55
#
#   n         k_n(t)
    1  -1.000000e+00  -1.000000e+00  -1.000000e+00  -1.000000e+00  -1.000000e+00  -1.000000e+00  -1.000000e+00  -1.000000e+00  -1.000000e+00  -1.000000e+00  -1.000000e+00  -1.000000e+00  -1.000000e+00  -1.000000e+00  -1.000000e+00  -1.000000e+00  -1.000000e+00  -1.000000e+00  -1.000000e+00  -1.000000e+00  -1.000000e+00  -1.000000e+00  -1.000000e+00  -1.000000e+00  -1.000000e+00  -1.000000e+00  -1.000000e+00  -1.000000e+00  -1.000000e+00  -1.000000e+00  -1.000000e+00  -1.000000e+00  -1.000000e+00  -1.000000e+00  -1.000000e+00  -1.000000e+00  -1.000000e+00  -1.000000e+00  -1.000000e+00  -1.000000e+00  -1.000000e+00  -1.000000e+00  -1.000000e+00  -1.000000e+00  -1.000000e+00  -1.000000e+00  -1.000000e+00  -1.000000e+00  -1.000000e+00  -1.000000e+00  -1.000000e+00
    2  -2.439832e-01  -2.440398e-01  -2.440644e-01  -2.440998e-01  -2.441507e-01  -2.442236e-01  -2.443284e-01  -2.444788e-01  -2.446943e-01  -2.450041e-01  -2.454488e-01  -2.460863e-01  -2.469982e-01  -2.483049e-01  -2.501721e-01  -2.528370e-01  -2.566276e-01  -2.619993e-01  -2.695668e-01  -2.801406e-01  -2.947416e-01  -3.145692e-01  -3.408574e-01  -3.745594e-01  -4.157758e-01  -4.630094e-01  -5.126007e-01  -5.591216e-01  -5.973383e-01  -6.248887e-01  -6.429167e-01  -6.538328e-01  -6.597021e-01  -6.627620e-01  -6.652180e-01  -6.683519e-01  -6.727468e-01  -6.789077e-01  -6.874629e-01  -6.991809e-01  -7.149058e-01  -7.354175e-01  -7.611312e-01  -7.916511e-01  -8.252706e-01  -8.587911e-01  -8.881095e-01  -9.097076e-01  -9.223659e-01  -9.278700e-01  -9.297782e-01
    3  -1.637989e-01  -1.638443e-01  -1.638640e-01  -1.638924e-01  -1.639332e-01  -1.639919e-01  -1.640756e-01  -1.641964e-01  -1.643697e-01  -1.646181e-01  -1.649751e-01  -1.654866e-01  -1.662199e-01  -1.672708e-01  -1.687748e-01  -1.709241e-01  -1.739898e-01  -1.783489e-01  -1.845231e-01  -1.932124e-01  -2.053372e-01  -2.220482e-01  -2.446775e-01  -2.745608e-01  -3.126510e-01  -3.588443e-01  -4.111251e-01  -4.649835e-01  -5.139900e-01  -5.522076e-01  -5.772800e-01  -5.912162e-01  -5.980620e-01  -6.016061e-01  -6.045484e-01  -6.083206e-01  -6.136072e-01  -6.210185e-01  -6.313168e-01  -6.454284e-01  -6.643756e-01  -6.891052e-01  -7.201137e-01  -7.568869e-01  -7.972700e-01  -8.372452e-01  -8.717432e-01  -8.967162e-01  -9.113015e-01  -9.181949e-01  -9.216429e-01
    4  -1.173858e-01  -1.174212e-01  -1.174369e-01  -1.174591e-01  -1.174911e-01  -1.175371e-01  -1.176031e-01  -1.176977e-01  -1.178336e-01  -1.180282e-01  -1.183085e-01  -1.187101e-01  -1.192860e-01  -1.201120e-01  -1.212948e-01  -1.229874e-01  -1.254047e-01  -1.288510e-01  -1.337473e-01  -1.406721e-01  -1.504002e-01  -1.639392e-01  -1.825285e-01  -2.075605e-01  -2.403547e-01  -2.816657e-01  -3.309041e-01  -3.852093e-01  -4.389906e-01  -4.850109e-01  -5.175509e-01  -5.358549e-01  -5.442065e-01  -5.481868e-01  -5.514889e-01  -5.557319e-01  -5.616700e-01  -5.700034e-01  -5.816040e-01  -5.975309e-01  -6.189805e-01  -6.470854e-01  -6.825070e-01  -7.247635e-01  -7.714621e-01  -8.179153e-01  -8.580313e-01  -8.869144e-01  -9.037567e-01  -9.121614e-01  -9.171873e-01
    5  -9.472965e-02  -9.475913e-02  -9.477198e-02  -9.479037e-02  -9.481694e-02  -9.485495e-02  -9.490992e-02  -9.498797e-02  -9.510065e-02  -9.526226e-02  -9.549410e-02  -9.582721e-02  -9.630454e-02  -9.698939e-02  -9.797014e-02  -9.937488e-02  -1.013830e-01  -1.042486e-01  -1.083265e-01  -1.141078e-01  -1.222575e-01  -1.336538e-01  -1.494086e-01  -1.708329e-01  -1.992910e-01  -2.358453e-01  -2.806125e-01  -3.318501e-01  -3.851545e-01  -4.336877e-01  -4.705059e-01  -4.925394e-01  -5.027415e-01  -5.072622e-01  -5.107709e-01  -5.152394e-01  -5.214791e-01  -5.302439e-01  -5.424688e-01  -5.593053e-01  -5.820764e-01  -6.120855e-01  -6.502075e-01  -6.961738e-01  -7.476682e-01  -7.997397e-01  -8.455178e-01  -8.790244e-01  -8.988651e-01  -9.091063e-01  -9.156984e-01
    6  -8.279901e-02  -8.282475e-02  -8.283597e-02  -8.285208e-02  -8.287521e-02  -8.290831e-02  -8.295611e-02  -8.302458e-02  -8.312288e-02  -8.326420e-02  -8.346624e-02  -8.375726e-02  -8.417373e-02  -8.477190e-02  -8.562908e-02  -8.685616e-02  -8.861151e-02  -9.111769e-02  -9.468778e-02  -9.975371e-02  -1.069081e-01  -1.169376e-01  -1.308509e-01  -1.498678e-01  -1.753104e-01  -2.083292e-01  -2.493581e-01  -2.972826e-01  -3.485583e-01  -3.970325e-01  -4.356177e-01  -4.600226e-01  -4.718425e-01  -4.769676e-01  -4.806231e-01  -4.851629e-01  -4.914828e-01  -5.003624e-01  -5.127729e-01  -5.299141e-01  -5.531898e-01  -5.840405e-01  -6.235470e-01  -6.717133e-01  -7.264967e-01  -7.830113e-01  -8.339661e-01  -8.723811e-01  -8.958303e-01  -9.082432e-01  -9.163128e-01
    7  -7.566199e-02  -7.568522e-02  -7.569535e-02  -7.570990e-02  -7.573079e-02  -7.576078e-02  -7.580379e-02  -7.586566e-02  -7.595450e-02  -7.608152e-02  -7.626472e-02  -7.652739e-02  -7.690394e-02  -7.744392e-02  -7.821779e-02  -7.932644e-02  -8.091244e-02  -8.317811e-02  -8.640641e-02  -9.099158e-02  -9.747319e-02  -1.065718e-01  -1.192217e-01  -1.365628e-01  -1.598641e-01  -1.902935e-01  -2.284427e-01  -2.735703e-01  -3.227197e-01  -3.703455e-01  -4.095390e-01  -4.354059e-01  -4.485078e-01  -4.542239e-01  -4.580155e-01  -4.625589e-01  -4.688532e-01  -4.776976e-01  -4.900770e-01  -5.072177e-01  -5.305740e-01  -5.616872e-01  -6.018095e-01  -6.512148e-01  -7.081922e-01  -7.681045e-01  -8.235237e-01  -8.666892e-01  -8.940147e-01  -9.088152e-01  -9.182216e-01
    8  -7.087697e-02  -7.089839e-02  -7.090773e-02  -7.092114e-02  -7.094039e-02  -7.096803e-02  -7.100772e-02  -7.106482e-02  -7.114652e-02  -7.126384e-02  -7.143248e-02  -7.167459e-02  -7.202159e-02  -7.251950e-02  -7.323323e-02  -7.425533e-02  -7.571838e-02  -7.780785e-02  -8.078703e-02  -8.501962e-02  -9.100738e-02  -9.942223e-02  -1.111375e-01  -1.272316e-01  -1.489230e-01  -1.773735e-01  -2.132667e-01  -2.561111e-01  -3.033761e-01  -3.500106e-01  -3.893647e-01  -4.162256e-01  -4.303781e-01  -4.366556e-01  -4.405879e-01  -4.451127e-01  -4.513385e-01  -4.600830e-01  -4.723400e-01  -4.893450e-01  -5.125854e-01  -5.436730e-01  -5.840040e-01  -6.340904e-01  -6.925514e-01  -7.550686e-01  -8.142533e-01  -8.617808e-01  -8.929465e-01  -9.101892e-01  -9.207713e-01
    9  -6.738226e-02  -6.740226e-02  -6.741098e-02  -6.742351e-02  -6.744149e-02  -6.746730e-02  -6.750437e-02  -6.755743e-02  -6.763398e-02  -6.774348e-02  -6.790106e-02  -6.812725e-02  -6.845131e-02  -6.891629e-02  -6.958341e-02  -7.053845e-02  -7.190490e-02  -7.385783e-02  -7.664236e-02  -8.060095e-02  -8.620318e-02  -9.408306e-02  -1.050650e-01  -1.201773e-01  -1.405939e-01  -1.674647e-01  -2.015331e-01  -2.424893e-01  -2.881354e-01  -3.338317e-01  -3.731909e-01  -4.008173e-01  -4.158832e-01  -4.227012e-01  -4.267823e-01  -4.312838e-01  -4.374251e-01  -4.460466e-01  -4.581450e-01  -4.749588e-01  -4.979945e-01  -5.289171e-01  -5.692392e-01  -6.196789e-01  -6.791602e-01  -7.436999e-01  -8.060439e-01  -8.574722e-01  -8.922716e-01  -9.118921e-01  -9.234841e-01
   10  -6.466714e-02  -6.468600e-02  -6.469421e-02  -6.470602e-02  -6.472296e-02  -6.474730e-02  -6.478223e-02  -6.483254e-02  -6.490441e-02  -6.500748e-02  -6.515620e-02  -6.536913e-02  -6.567462e-02  -6.611297e-02  -6.674146e-02  -6.764199e-02  -6.892997e-02  -7.077220e-02  -7.339841e-02  -7.713328e-02  -8.242113e-02  -8.986298e-02  -1.002461e-01  -1.145535e-01  -1.339214e-01  -1.594856e-01  -1.920325e-01  -2.313968e-01  -2.756508e-01  -3.205052e-01  -3.598214e-01  -3.880977e-01  -4.039964e-01  -4.113420e-01  -4.155819e-01  -4.200602e-01  -4.261146e-01  -4.346062e-01  -4.465317e-01  -4.631329e-01  -4.859241e-01  -5.166120e-01  -5.568006e-01  -6.073870e-01  -6.675710e-01  -7.336927e-01  -7.986812e-01  -8.535540e-01  -8.917111e-01  -9.135823e-01  -9.260376e-01
   11  -6.245724e-02  -6.247513e-02  -6.248292e-02  -6.249412e-02  -6.251020e-02  -6.253324e-02  -6.256644e-02  -6.261401e-02  -6.268231e-02  -6.278052e-02  -6.292126e-02  -6.312313e-02  -6.341317e-02  -6.382907e-02  -6.442543e-02  -6.527966e-02  -6.650257e-02  -6.825018e-02  -7.074348e-02  -7.428967e-02  -7.931307e-02  -8.638761e-02  -9.626495e-02  -1.098919e-01  -1.283711e-01  -1.528252e-01  -1.840735e-01  -2.220679e-01  -2.651096e-01  -3.092154e-01  -3.484823e-01  -3.773402e-01  -3.940201e-01  -4.018848e-01  -4.062908e-01  -4.107491e-01  -4.167147e-01  -4.250778e-01  -4.368291e-01  -4.532076e-01  -4.757353e-01  -5.061492e-01  -5.461261e-01  -5.967181e-01  -6.573647e-01  -7.247218e-01  -7.919255e-01  -8.498170e-01  -8.910409e-01  -9.150214e-01  -9.282262e-01
   12  -6.059003e-02  -6.060708e-02  -6.061451e-02  -6.062519e-02  -6.064052e-02  -6.066252e-02  -6.069413e-02  -6.073950e-02  -6.080461e-02  -6.089809e-02  -6.103239e-02  -6.122516e-02  -6.150137e-02  -6.189821e-02  -6.246627e-02  -6.328151e-02  -6.444766e-02  -6.611488e-02  -6.849311e-02  -7.187753e-02  -7.667249e-02  -8.342838e-02  -9.286916e-02  -1.059077e-01  -1.236178e-01  -1.471067e-01  -1.772219e-01  -2.140143e-01  -2.559838e-01  -2.994189e-01  -3.386380e-01  -3.680316e-01  -3.854527e-01  -3.938295e-01  -3.984066e-01  -4.028485e-01  -4.087287e-01  -4.169612e-01  -4.285391e-01  -4.446928e-01  -4.669467e-01  -4.970590e-01  -5.367692e-01  -5.872568e-01  -6.481860e-01  -7.164934e-01  -7.855459e-01  -8.460812e-01  -8.900929e-01  -9.160452e-01  -9.299301e-01
   13  -5.896198e-02  -5.897830e-02  -5.898542e-02  -5.899563e-02  -5.901030e-02  -5.903137e-02  -5.906161e-02  -5.910504e-02  -5.916739e-02  -5.925697e-02  -5.938543e-02  -5.956954e-02  -5.983417e-02  -6.021400e-02  -6.075802e-02  -6.153800e-02  -6.265442e-02  -6.425065e-02  -6.652846e-02  -6.976936e-02  -7.436378e-02  -8.083990e-02  -8.989582e-02  -1.024159e-01  -1.194451e-01  -1.420791e-01  -1.711869e-01  -2.069060e-01  -2.479093e-01  -2.907333e-01  -3.299033e-01  -3.597926e-01  -3.779195e-01  -3.867997e-01  -3.915524e-01  -3.959799e-01  -4.017748e-01  -4.098801e-01  -4.212843e-01  -4.372111e-01  -4.591838e-01  -4.889743e-01  -5.283740e-01  -5.786724e-01  -6.397311e-01  -7.087517e-01  -7.793387e-01  -8.421880e-01  -8.887408e-01  -9.165546e-01  -9.310833e-01
   14  -5.750393e-02  -5.751959e-02  -5.752642e-02  -5.753623e-02  -5.755032e-02  -5.757053e-02  -5.759956e-02  -5.764116e-02  -5.770110e-02  -5.778706e-02  -5.791040e-02  -5.808729e-02  -5.834121e-02  -5.870580e-02  -5.922824e-02  -5.997690e-02  -6.104902e-02  -6.258138e-02  -6.476905e-02  -6.788229e-02  -7.229686e-02  -7.852201e-02  -8.723324e-02  -9.928710e-02  -1.157052e-01  -1.375687e-01  -1.657653e-01  -2.005076e-01  -2.406250e-01  -2.828783e-01  -3.219908e-01  -3.523363e-01  -3.711346e-01  -3.805071e-01  -3.854383e-01  -3.898532e-01  -3.955634e-01  -4.035421e-01  -4.147733e-01  -4.304714e-01  -4.521556e-01  -4.816068e-01  -5.206590e-01  -5.706953e-01  -6.317539e-01  -7.012892e-01  -7.731419e-01  -8.380212e-01  -8.868977e-01  -9.164839e-01  -9.316560e-01
   15  -5.616826e-02  -5.618333e-02  -5.618991e-02  -5.619934e-02  -5.621289e-02  -5.623234e-02  -5.626028e-02  -5.630019e-02  -5.635810e-02  -5.644067e-02  -5.655904e-02  -5.672970e-02  -5.697418e-02  -5.732457e-02  -5.782728e-02  -5.854741e-02  -5.957930e-02  -6.105429e-02  -6.315960e-02  -6.615690e-02  -7.040818e-02  -7.640549e-02  -8.480238e-02  -9.643209e-02  -1.122918e-01  -1.334503e-01  -1.608090e-01  -1.946481e-01  -2.339379e-01  -2.756456e-01  -3.146859e-01  -3.454450e-01  -3.648769e-01  -3.747296e-01  -3.798399e-01  -3.842417e-01  -3.898688e-01  -3.977203e-01  -4.087773e-01  -4.242445e-01  -4.456333e-01  -4.747299e-01  -5.134004e-01  -5.631112e-01  -6.240606e-01  -6.939379e-01  -7.668283e-01  -8.334888e-01  -8.845052e-01  -9.157987e-01  -9.316330e-01
   16  -5.492172e-02  -5.493632e-02  -5.494258e-02  -5.495167e-02  -5.496473e-02  -5.498345e-02  -5.501040e-02  -5.504905e-02  -5.510455e-02  -5.518429e-02  -5.529852e-02  -5.546285e-02  -5.569816e-02  -5.603604e-02  -5.652071e-02  -5.721524e-02  -5.820946e-02  -5.963142e-02  -6.166133e-02  -6.455188e-02  -6.865257e-02  -7.443995e-02  -8.254785e-02  -9.378538e-02  -1.091289e-01  -1.296329e-01  -1.562117e-01  -1.892032e-01  -2.277065e-01  -2.688808e-01  -3.078250e-01  -3.389515e-01  -3.589779e-01  -3.692948e-01  -3.745825e-01  -3.789750e-01  -3.845154e-01  -3.922408e-01  -4.031219e-01  -4.183544e-01  -4.394408e-01  -4.681677e-01  -5.064262e-01  -5.557575e-01  -6.165007e-01  -6.865732e-01  -7.603025e-01  -8.285307e-01  -8.815273e-01  -9.144763e-01  -9.310145e-01
   17  -5.374090e-02  -5.375492e-02  -5.376103e-02  -5.376981e-02  -5.378241e-02  -5.380050e-02  -5.382648e-02  -5.386373e-02  -5.391731e-02  -5.399430e-02  -5.410439e-02  -5.426315e-02  -5.449031e-02  -5.481642e-02  -5.528430e-02  -5.595451e-02  -5.691417e-02  -5.828686e-02  -6.024655e-02  -6.303793e-02  -6.699851e-02  -7.259050e-02  -8.042835e-02  -9.130027e-02  -1.061607e-01  -1.260511e-01  -1.518943e-01  -1.840804e-01  -2.218258e-01  -2.624695e-01  -3.012873e-01  -3.327313e-01  -3.533091e-01  -3.640723e-01  -3.695367e-01  -3.739170e-01  -3.793726e-01  -3.869697e-01  -3.976736e-01  -4.126683e-01  -4.334441e-01  -4.617860e-01  -4.996066e-01  -5.485069e-01  -6.089623e-01  -6.791007e-01  -7.534962e-01  -8.231061e-01  -8.779427e-01  -9.125087e-01  -9.297951e-01
   18  -5.260935e-02  -5.262289e-02  -5.262880e-02  -5.263725e-02  -5.264942e-02  -5.266693e-02  -5.269203e-02  -5.272804e-02  -5.277985e-02  -5.285418e-02  -5.296076e-02  -5.311383e-02  -5.333351e-02  -5.364843e-02  -5.410026e-02  -5.474797e-02  -5.567544e-02  -5.700173e-02  -5.889585e-02  -6.159361e-02  -6.542261e-02  -7.083107e-02  -7.841534e-02  -8.894266e-02  -1.033473e-01  -1.226562e-01  -1.477990e-01  -1.792123e-01  -2.162186e-01  -2.563262e-01  -2.949832e-01  -3.266912e-01  -3.477751e-01  -3.589644e-01  -3.646007e-01  -3.689683e-01  -3.743384e-01  -3.818065e-01  -3.923316e-01  -4.070843e-01  -4.275422e-01  -4.554874e-01  -4.928438e-01  -5.412698e-01  -6.013631e-01  -6.714551e-01  -7.463639e-01  -8.171894e-01  -8.737400e-01  -9.098904e-01  -9.279751e-01
   19  -5.151561e-02  -5.152871e-02  -5.153442e-02  -5.154261e-02  -5.155438e-02  -5.157128e-02  -5.159555e-02  -5.163027e-02  -5.168042e-02  -5.175223e-02  -5.185519e-02  -5.200339e-02  -5.221566e-02  -5.252050e-02  -5.295721e-02  -5.358344e-02  -5.448020e-02  -5.576306e-02  -5.759493e-02  -6.020446e-02  -6.390952e-02  -6.914399e-02  -7.648752e-02  -8.668800e-02  -1.006588e-01  -1.194135e-01  -1.438845e-01  -1.745498e-01  -2.108300e-01  -2.503904e-01  -2.888482e-01  -3.207659e-01  -3.423077e-01  -3.538987e-01  -3.597024e-01  -3.640582e-01  -3.693407e-01  -3.766790e-01  -3.869924e-01  -4.015296e-01  -4.216645e-01  -4.491980e-01  -4.860679e-01  -5.339811e-01  -5.936473e-01  -6.635903e-01  -7.388776e-01  -8.107668e-01  -8.689155e-01  -9.066164e-01  -9.255486e-01
   20  -5.045183e-02  -5.046450e-02  -5.047002e-02  -5.047795e-02  -5.048942e-02  -5.050569e-02  -5.052916e-02  -5.056284e-02  -5.061125e-02  -5.068078e-02  -5.078056e-02  -5.092345e-02  -5.112904e-02  -5.142394e-02  -5.184663e-02  -5.245242e-02  -5.332014e-02  -5.456120e-02  -5.633411e-02  -5.886000e-02  -6.244684e-02  -6.751564e-02  -7.463023e-02  -8.451880e-02  -9.807513e-02  -1.162976e-01  -1.401207e-01  -1.700581e-01  -2.056197e-01  -2.446189e-01  -2.828382e-01  -3.149089e-01  -3.368586e-01  -3.488260e-01  -3.547916e-01  -3.591333e-01  -3.643278e-01  -3.715347e-01  -3.816653e-01  -3.959533e-01  -4.157571e-01  -4.428695e-01  -4.792341e-01  -5.265989e-01  -5.857775e-01  -6.554821e-01  -7.310221e-01  -8.038361e-01  -8.634703e-01  -9.026859e-01  -9.225081e-01
   21  -4.941276e-02  -4.942502e-02  -4.943037e-02  -4.943816e-02  -4.944915e-02  -4.946489e-02  -4.948761e-02  -4.952024e-02  -4.956693e-02  -4.963449e-02  -4.973100e-02  -4.986935e-02  -5.006828e-02  -5.035354e-02  -5.076288e-02  -5.134922e-02  -5.218923e-02  -5.339081e-02  -5.510725e-02  -5.755298e-02  -6.102686e-02  -6.593741e-02  -7.283295e-02  -8.242305e-02  -9.558114e-02  -1.132911e-01  -1.364864e-01  -1.657120e-01  -2.005602e-01  -2.389841e-01  -2.769238e-01  -3.090901e-01  -3.313963e-01  -3.437127e-01  -3.498316e-01  -3.541598e-01  -3.592646e-01  -3.663386e-01  -3.763147e-01  -3.903206e-01  -4.097883e-01  -4.364691e-01  -4.723096e-01  -5.190949e-01  -5.777350e-01  -6.471190e-01  -7.227961e-01  -7.964012e-01  -8.574091e-01  -8.980977e-01  -9.188438e-01
   22  -4.839504e-02  -4.840691e-02  -4.841209e-02  -4.841952e-02  -4.843019e-02  -4.844548e-02  -4.846765e-02  -4.849910e-02  -4.854453e-02  -4.860951e-02  -4.870318e-02  -4.883723e-02  -4.902974e-02  -4.930612e-02  -4.970206e-02  -5.027017e-02  -5.108370e-02  -5.224719e-02  -5.390973e-02  -5.627892e-02  -5.964476e-02  -6.440371e-02  -7.108876e-02  -8.039162e-02  -9.316641e-02  -1.103808e-01  -1.329668e-01  -1.614949e-01  -1.956336e-01  -2.334654e-01  -2.710863e-01  -3.032919e-01  -3.259023e-01  -3.385370e-01  -3.448013e-01  -3.491145e-01  -3.541290e-01  -3.610698e-01  -3.708594e-01  -3.846103e-01  -4.037380e-01  -4.299790e-01  -4.652790e-01  -5.114563e-01  -5.695087e-01  -6.384961e-01  -7.142026e-01  -7.884703e-01  -8.507388e-01  -8.928486e-01  -9.145444e-01
   23  -4.739667e-02  -4.740817e-02  -4.741318e-02  -4.742038e-02  -4.743072e-02  -4.744556e-02  -4.746687e-02  -4.749747e-02  -4.754140e-02  -4.760457e-02  -4.769486e-02  -4.782513e-02  -4.801129e-02  -4.827900e-02  -4.866259e-02  -4.921313e-02  -5.000080e-02  -5.112835e-02  -5.273922e-02  -5.503479e-02  -5.829636e-02  -6.290989e-02  -6.939298e-02  -7.841929e-02  -9.082402e-02  -1.075591e-01  -1.295519e-01  -1.573959e-01  -1.908279e-01  -2.280522e-01  -2.653157e-01  -2.975057e-01  -3.203675e-01  -3.332897e-01  -3.396892e-01  -3.439852e-01  -3.489094e-01  -3.557157e-01  -3.653190e-01  -3.788124e-01  -3.975959e-01  -4.233888e-01  -4.581358e-01  -5.036797e-01  -5.611014e-01  -6.296199e-01  -7.052544e-01  -7.800567e-01  -8.434687e-01  -8.869392e-01  -9.095962e-01
   24  -4.641661e-02  -4.642775e-02  -4.643260e-02  -4.643958e-02  -4.644959e-02  -4.646393e-02  -4.648459e-02  -4.651426e-02  -4.655676e-02  -4.661773e-02  -4.670565e-02  -4.683128e-02  -4.701193e-02  -4.727151e-02  -4.764344e-02  -4.817638e-02  -4.893984e-02  -5.003229e-02  -5.159310e-02  -5.381841e-02  -5.698012e-02  -6.145354e-02  -6.774170e-02  -7.650209e-02  -8.854946e-02  -1.048201e-01  -1.262350e-01  -1.534078e-01  -1.861356e-01  -2.227385e-01  -2.596085e-01  -2.917296e-01  -3.147902e-01  -3.279676e-01  -3.344908e-01  -3.387669e-01  -3.436014e-01  -3.502724e-01  -3.596882e-01  -3.729237e-01  -3.913584e-01  -4.166984e-01  -4.508797e-01  -4.957681e-01  -5.525181e-01  -6.205020e-01  -6.959636e-01  -7.711769e-01  -8.356106e-01  -8.803687e-01  -9.039862e-01
   25  -4.545445e-02  -4.546525e-02  -4.546995e-02  -4.547671e-02  -4.548642e-02  -4.550035e-02  -4.552036e-02  -4.554909e-02  -4.559032e-02  -4.564955e-02  -4.573449e-02  -4.585670e-02  -4.603171e-02  -4.628290e-02  -4.664337e-02  -4.715981e-02  -4.789981e-02  -4.895880e-02  -5.047192e-02  -5.262904e-02  -5.569501e-02  -6.003337e-02  -6.613387e-02  -7.463710e-02  -8.633935e-02  -1.021596e-01  -1.230117e-01  -1.495254e-01  -1.815535e-01  -2.175227e-01  -2.539652e-01  -2.859656e-01  -3.091737e-01  -3.225730e-01  -3.292079e-01  -3.334629e-01  -3.382062e-01  -3.447424e-01  -3.539696e-01  -3.669456e-01  -3.850309e-01  -4.099118e-01  -4.435172e-01  -4.877289e-01  -5.437711e-01  -6.111570e-01  -6.863499e-01  -7.618484e-01  -8.271759e-01  -8.731379e-01  -8.977043e-01
   26  -4.451025e-02  -4.452072e-02  -4.452528e-02  -4.453183e-02  -4.454124e-02  -4.455468e-02  -4.457414e-02  -4.460217e-02  -4.464190e-02  -4.469930e-02  -4.478184e-02  -4.490016e-02  -4.506952e-02  -4.531337e-02  -4.566284e-02  -4.616351e-02  -4.688082e-02  -4.790755e-02  -4.937445e-02  -5.146638e-02  -5.443994e-02  -5.864838e-02  -6.456847e-02  -7.282325e-02  -8.419174e-02  -9.957489e-02  -1.198792e-01  -1.457460e-01  -1.770789e-01  -2.124040e-01  -2.483878e-01  -2.802196e-01  -3.035247e-01  -3.171113e-01  -3.238451e-01  -3.280769e-01  -3.327287e-01  -3.391313e-01  -3.481695e-01  -3.608858e-01  -3.786197e-01  -4.030377e-01  -4.360567e-01  -4.795746e-01  -5.348745e-01  -6.016020e-01  -6.764322e-01  -7.520916e-01  -8.181815e-01  -8.652513e-01  -8.907386e-01
   27  -4.358431e-02  -4.359446e-02  -4.359888e-02  -4.360523e-02  -4.361443e-02  -4.362745e-02  -4.364615e-02  -4.367330e-02  -4.371203e-02  -4.376768e-02  -4.384770e-02  -4.396202e-02  -4.412681e-02  -4.436304e-02  -4.470190e-02  -4.518715e-02  -4.588294e-02  -4.687879e-02  -4.830131e-02  -5.033005e-02  -5.321464e-02  -5.729820e-02  -6.304401e-02  -7.105968e-02  -8.210534e-02  -9.706541e-02  -1.168361e-01  -1.420689e-01  -1.727121e-01  -2.073843e-01  -2.428820e-01  -2.744998e-01  -2.978532e-01  -3.115932e-01  -3.184114e-01  -3.226178e-01  -3.271783e-01  -3.334458e-01  -3.422965e-01  -3.547528e-01  -3.721336e-01  -3.960867e-01  -4.285126e-01  -4.713201e-01  -5.258441e-01  -5.918556e-01  -6.662331e-01  -7.419271e-01  -8.086422e-01  -8.567143e-01  -8.830817e-01
   28  -4.267709e-02  -4.268694e-02  -4.269123e-02  -4.269739e-02  -4.270623e-02  -4.271893e-02  -4.273720e-02  -4.276336e-02  -4.280096e-02  -4.285483e-02  -4.293226e-02  -4.304385e-02  -4.320321e-02  -4.343269e-02  -4.376081e-02  -4.423190e-02  -4.490677e-02  -4.587235e-02  -4.725264e-02  -4.922093e-02  -5.201980e-02  -5.598284e-02  -6.156101e-02  -6.934535e-02  -8.007915e-02  -9.462908e-02  -1.138805e-01  -1.384920e-01  -1.684526e-01  -2.024660e-01  -2.374520e-01  -2.688142e-01  -2.921686e-01  -3.060287e-01  -3.129175e-01  -3.170944e-01  -3.215633e-01  -3.276979e-01  -3.363606e-01  -3.485576e-01  -3.655855e-01  -3.890693e-01  -4.208960e-01  -4.629775e-01  -5.166966e-01  -5.819383e-01  -6.557729e-01  -7.313782e-01  -7.985766e-01  -8.475347e-01  -8.747304e-01
   29  -4.178911e-02  -4.179865e-02  -4.180282e-02  -4.180879e-02  -4.181737e-02  -4.182970e-02  -4.184739e-02  -4.187280e-02  -4.190927e-02  -4.196161e-02  -4.203676e-02  -4.214476e-02  -4.229971e-02  -4.252208e-02  -4.284073e-02  -4.329773e-02  -4.395232e-02  -4.488942e-02  -4.622842e-02  -4.813865e-02  -5.085518e-02  -5.470238e-02  -6.011854e-02  -6.768013e-02  -7.811271e-02  -9.226514e-02  -1.110119e-01  -1.350157e-01  -1.643010e-01  -1.976516e-01  -2.321048e-01  -2.631720e-01  -2.864836e-01  -3.004294e-01  -3.073736e-01  -3.115186e-01  -3.158973e-01  -3.218976e-01  -3.303741e-01  -3.423117e-01  -3.589870e-01  -3.820004e-01  -4.132223e-01  -4.545644e-01  -5.074500e-01  -5.718690e-01  -6.450746e-01  -7.204668e-01  -7.880057e-01  -8.377242e-01  -8.656834e-01
   30  -4.092086e-02  -4.093012e-02  -4.093416e-02  -4.093996e-02  -4.094829e-02  -4.096025e-02  -4.097742e-02  -4.100207e-02  -4.103747e-02  -4.108833e-02  -4.116144e-02  -4.126598e-02  -4.141637e-02  -4.163196e-02  -4.194124e-02  -4.238470e-02  -4.302016e-02  -4.392968e-02  -4.522915e-02  -4.708353e-02  -4.972064e-02  -5.345596e-02  -5.871670e-02  -6.606359e-02  -7.620483e-02  -8.997280e-02  -1.082291e-01  -1.316389e-01  -1.602580e-01  -1.929433e-01  -2.268447e-01  -2.575819e-01  -2.808081e-01  -2.948074e-01  -3.017913e-01  -3.059015e-01  -3.101888e-01  -3.160575e-01  -3.243483e-01  -3.360277e-01  -3.523512e-01  -3.748926e-01  -4.055050e-01  -4.460958e-01  -4.981219e-01  -5.616684e-01  -6.341610e-01  -7.092183e-01  -7.769487e-01  -8.272978e-01  -8.559437e-01
   31  -4.007281e-02  -4.008172e-02  -4.008573e-02  -4.009131e-02  -4.009940e-02  -4.011099e-02  -4.012771e-02  -4.015164e-02  -4.018589e-02  -4.023538e-02  -4.030615e-02  -4.040753e-02  -4.055395e-02  -4.076290e-02  -4.106331e-02  -4.149369e-02  -4.211073e-02  -4.299353e-02  -4.425546e-02  -4.605589e-02  -4.861677e-02  -5.224467e-02  -5.735530e-02  -6.449534e-02  -7.435558e-02  -8.775154e-02  -1.055309e-01  -1.283605e-01  -1.563226e-01  -1.883431e-01  -2.216768e-01  -2.520521e-01  -2.751534e-01  -2.891744e-01  -2.961838e-01  -3.002546e-01  -3.044519e-01  -3.101885e-01  -3.182947e-01  -3.297176e-01  -3.456888e-01  -3.677592e-01  -3.977585e-01  -4.375876e-01  -4.887301e-01  -5.513560e-01  -6.230538e-01  -6.976565e-01  -7.654323e-01  -8.162726e-01  -8.455197e-01
   32  -3.924535e-02  -3.925408e-02  -3.925789e-02  -3.926336e-02  -3.927121e-02  -3.928248e-02  -3.929866e-02  -3.932190e-02  -3.935534e-02  -3.940313e-02  -3.947192e-02  -3.957055e-02  -3.971222e-02  -3.991556e-02  -4.020729e-02  -4.062506e-02  -4.122406e-02  -4.208145e-02  -4.330704e-02  -4.505564e-02  -4.754315e-02  -5.106802e-02  -5.603407e-02  -6.297455e-02  -7.256409e-02  -8.559965e-02  -1.029168e-01  -1.251801e-01  -1.524960e-01  -1.838522e-01  -2.166059e-01  -2.465897e-01  -2.695296e-01  -2.835416e-01  -2.905610e-01  -2.945900e-01  -2.986969e-01  -3.043026e-01  -3.122260e-01  -3.233936e-01  -3.390137e-01  -3.606129e-01  -3.899956e-01  -4.290529e-01  -4.792894e-01  -5.409514e-01  -6.117764e-01  -6.858047e-01  -7.534794e-01  -8.046694e-01  -8.344241e-01
   33  -3.843878e-02  -3.844726e-02  -3.845095e-02  -3.845627e-02  -3.846379e-02  -3.847484e-02  -3.849055e-02  -3.851313e-02  -3.854553e-02  -3.859205e-02  -3.865885e-02  -3.875480e-02  -3.889216e-02  -3.908976e-02  -3.937318e-02  -3.977896e-02  -4.036079e-02  -4.119382e-02  -4.238447e-02  -4.408332e-02  -4.650033e-02  -4.992553e-02  -5.475275e-02  -6.150105e-02  -7.082904e-02  -8.351618e-02  -1.003848e-01  -1.220956e-01  -1.487771e-01  -1.794723e-01  -2.116347e-01  -2.412018e-01  -2.639463e-01  -2.779206e-01  -2.849348e-01  -2.889173e-01  -2.929348e-01  -2.984111e-01  -3.061520e-01  -3.170660e-01  -3.323376e-01  -3.534656e-01  -3.822302e-01  -4.205078e-01  -4.698163e-01  -5.304713e-01  -6.003493e-01  -6.736903e-01  -7.411186e-01  -7.925121e-01  -8.226736e-01
   34  -3.765328e-02  -3.766153e-02  -3.766512e-02  -3.767028e-02  -3.767751e-02  -3.768832e-02  -3.770358e-02  -3.772553e-02  -3.775701e-02  -3.780232e-02  -3.786723e-02  -3.796033e-02  -3.809422e-02  -3.828599e-02  -3.856096e-02  -3.895565e-02  -3.952094e-02  -4.033024e-02  -4.148754e-02  -4.313836e-02  -4.548776e-02  -4.881710e-02  -5.351099e-02  -6.007393e-02  -6.914941e-02  -8.150031e-02  -9.793373e-02  -1.191069e-01  -1.451646e-01  -1.752033e-01  -2.067665e-01  -2.358944e-01  -2.584118e-01  -2.723202e-01  -2.793154e-01  -2.832479e-01  -2.871758e-01  -2.925238e-01  -3.000841e-01  -3.107462e-01  -3.256705e-01  -3.463285e-01  -3.744732e-01  -4.119641e-01  -4.603268e-01  -5.199353e-01  -5.887943e-01  -6.613382e-01  -7.283762e-01  -7.798283e-01  -8.102912e-01
   35  -3.688898e-02  -3.689699e-02  -3.690048e-02  -3.690550e-02  -3.691270e-02  -3.692304e-02  -3.693788e-02  -3.695920e-02  -3.698986e-02  -3.703380e-02  -3.709682e-02  -3.718721e-02  -3.731726e-02  -3.750375e-02  -3.777141e-02  -3.815493e-02  -3.870418e-02  -3.949129e-02  -4.061604e-02  -4.222112e-02  -4.450511e-02  -4.774323e-02  -5.230767e-02  -5.869267e-02  -6.752436e-02  -7.955025e-02  -9.556203e-02  -1.162110e-01  -1.416574e-01  -1.710452e-01  -2.020034e-01  -2.306722e-01  -2.529334e-01  -2.667506e-01  -2.737116e-01  -2.775910e-01  -2.814297e-01  -2.866507e-01  -2.940322e-01  -3.044445e-01  -3.190233e-01  -3.392127e-01  -3.667370e-01  -4.034342e-01  -4.508337e-01  -5.093588e-01  -5.771322e-01  -6.487731e-01  -7.152829e-01  -7.666483e-01  -7.973017e-01
   36  -3.614587e-02  -3.615366e-02  -3.615706e-02  -3.616193e-02  -3.616890e-02  -3.617898e-02  -3.619342e-02  -3.621414e-02  -3.624393e-02  -3.628660e-02  -3.634795e-02  -3.643599e-02  -3.656249e-02  -3.674368e-02  -3.700376e-02  -3.737686e-02  -3.791096e-02  -3.867619e-02  -3.977021e-02  -4.133083e-02  -4.355239e-02  -4.670180e-02  -5.114242e-02  -5.735595e-02  -6.595292e-02  -7.766448e-02  -9.326714e-02  -1.134066e-01  -1.382539e-01  -1.669972e-01  -1.973463e-01  -2.255390e-01  -2.475184e-01  -2.612199e-01  -2.681335e-01  -2.719559e-01  -2.757058e-01  -2.808011e-01  -2.880059e-01  -2.981698e-01  -3.124055e-01  -3.321281e-01  -3.590312e-01  -3.949296e-01  -4.413514e-01  -4.987589e-01  -5.653839e-01  -6.360216e-01  -7.018685e-01  -7.530039e-01  -7.837383e-01
   37  -3.542388e-02  -3.543145e-02  -3.543475e-02  -3.543950e-02  -3.544631e-02  -3.545608e-02  -3.547012e-02  -3.549028e-02  -3.551922e-02  -3.556077e-02  -3.562055e-02  -3.570612e-02  -3.582896e-02  -3.600532e-02  -3.625839e-02  -3.662123e-02  -3.714080e-02  -3.788515e-02  -3.894886e-02  -4.046755e-02  -4.262885e-02  -4.569317e-02  -5.001494e-02  -5.606261e-02  -6.443359e-02  -7.584113e-02  -9.104776e-02  -1.106910e-01  -1.349518e-01  -1.630582e-01  -1.927959e-01  -2.204980e-01  -2.421722e-01  -2.557359e-01  -2.625889e-01  -2.663508e-01  -2.700130e-01  -2.749830e-01  -2.820128e-01  -2.919300e-01  -3.058251e-01  -3.250830e-01  -3.513661e-01  -3.864619e-01  -4.318914e-01  -4.881513e-01  -5.535689e-01  -6.231086e-01  -6.881655e-01  -7.389316e-01  -7.696344e-01
   38  -3.472283e-02  -3.473021e-02  -3.473342e-02  -3.473803e-02  -3.474486e-02  -3.475417e-02  -3.476779e-02  -3.478744e-02  -3.481560e-02  -3.485602e-02  -3.491408e-02  -3.499728e-02  -3.511681e-02  -3.528844e-02  -3.553486e-02  -3.588774e-02  -3.639356e-02  -3.711747e-02  -3.815286e-02  -3.963071e-02  -4.173416e-02  -4.471681e-02  -4.892384e-02  -5.481181e-02  -6.296447e-02  -7.407863e-02  -8.890155e-02  -1.080627e-01  -1.317501e-01  -1.592279e-01  -1.883538e-01  -2.155524e-01  -2.369001e-01  -2.503040e-01  -2.570850e-01  -2.607825e-01  -2.643572e-01  -2.692035e-01  -2.760597e-01  -2.857339e-01  -2.992913e-01  -3.180859e-01  -3.437495e-01  -3.780400e-01  -4.224657e-01  -4.775505e-01  -5.417072e-01  -6.100607e-01  -6.742051e-01  -7.244675e-01  -7.550299e-01
   39  -3.404251e-02  -3.404969e-02  -3.405281e-02  -3.405730e-02  -3.406375e-02  -3.407301e-02  -3.408630e-02  -3.410540e-02  -3.413280e-02  -3.417219e-02  -3.422876e-02  -3.430974e-02  -3.442607e-02  -3.459351e-02  -3.483265e-02  -3.517640e-02  -3.566851e-02  -3.637339e-02  -3.738132e-02  -3.881970e-02  -4.086767e-02  -4.377142e-02  -4.786801e-02  -5.360265e-02  -6.154465e-02  -7.237517e-02  -8.682677e-02  -1.055184e-01  -1.286444e-01  -1.555032e-01  -1.840170e-01  -2.107028e-01  -2.317052e-01  -2.449314e-01  -2.516283e-01  -2.552591e-01  -2.587464e-01  -2.634717e-01  -2.701548e-01  -2.795882e-01  -2.928094e-01  -3.111449e-01  -3.361902e-01  -3.696728e-01  -4.130867e-01  -4.669706e-01  -5.298174e-01  -5.969033e-01  -6.600213e-01  -7.096517e-01  -7.399658e-01
   40  -3.338261e-02  -3.338959e-02  -3.339264e-02  -3.339701e-02  -3.340329e-02  -3.341231e-02  -3.342525e-02  -3.344384e-02  -3.347044e-02  -3.350884e-02  -3.356386e-02  -3.364280e-02  -3.375606e-02  -3.391891e-02  -3.415205e-02  -3.448683e-02  -3.496601e-02  -3.565243e-02  -3.663377e-02  -3.803429e-02  -4.002860e-02  -4.285672e-02  -4.684712e-02  -5.243371e-02  -6.017231e-02  -7.072897e-02  -8.482027e-02  -1.030557e-01  -1.256337e-01  -1.518817e-01  -1.797869e-01  -2.059514e-01  -2.265926e-01  -2.396232e-01  -2.462255e-01  -2.497857e-01  -2.531866e-01  -2.577907e-01  -2.643047e-01  -2.734995e-01  -2.863881e-01  -3.042667e-01  -3.286954e-01  -3.613705e-01  -4.037634e-01  -4.564246e-01  -5.179180e-01  -5.836612e-01  -6.456464e-01  -6.945246e-01  -7.244859e-01
   41  -3.274278e-02  -3.274960e-02  -3.275255e-02  -3.275681e-02  -3.276292e-02  -3.277170e-02  -3.278431e-02  -3.280241e-02  -3.282840e-02  -3.286572e-02  -3.291930e-02  -3.299620e-02  -3.310652e-02  -3.326493e-02  -3.349218e-02  -3.381819e-02  -3.428484e-02  -3.495340e-02  -3.590928e-02  -3.727394e-02  -3.921656e-02  -4.197186e-02  -4.585975e-02  -5.130373e-02  -5.884643e-02  -6.913800e-02  -8.288021e-02  -1.006723e-01  -1.227150e-01  -1.483628e-01  -1.756617e-01  -2.012983e-01  -2.215637e-01  -2.343830e-01  -2.408810e-01  -2.443684e-01  -2.476829e-01  -2.521684e-01  -2.585140e-01  -2.674721e-01  -2.800320e-01  -2.974574e-01  -3.212734e-01  -3.531403e-01  -3.945048e-01  -4.459262e-01  -5.060267e-01  -5.703599e-01  -6.311144e-01  -6.791272e-01  -7.086409e-01
   42  -3.212263e-02  -3.212925e-02  -3.213214e-02  -3.213629e-02  -3.214225e-02  -3.215080e-02  -3.216309e-02  -3.218081e-02  -3.220605e-02  -3.224240e-02  -3.229458e-02  -3.236962e-02  -3.247707e-02  -3.263126e-02  -3.285279e-02  -3.317023e-02  -3.362500e-02  -3.427664e-02  -3.520783e-02  -3.653750e-02  -3.843050e-02  -4.111563e-02  -4.490467e-02  -5.021119e-02  -5.756451e-02  -6.760034e-02  -8.100437e-02  -9.836551e-02  -1.198852e-01  -1.449425e-01  -1.716389e-01  -1.967440e-01  -2.166211e-01  -2.292152e-01  -2.356002e-01  -2.390115e-01  -2.422407e-01  -2.466088e-01  -2.527890e-01  -2.615132e-01  -2.737468e-01  -2.907216e-01  -3.139283e-01  -3.449880e-01  -3.853215e-01  -4.354872e-01  -4.941603e-01  -5.570227e-01  -6.164587e-01  -6.635028e-01  -6.924759e-01
   43  -3.152171e-02  -3.152817e-02  -3.153099e-02  -3.153503e-02  -3.154084e-02  -3.154917e-02  -3.156115e-02  -3.157834e-02  -3.160310e-02  -3.163845e-02  -3.168932e-02  -3.176235e-02  -3.186716e-02  -3.201757e-02  -3.223331e-02  -3.254293e-02  -3.298613e-02  -3.362098e-02  -3.452921e-02  -3.582465e-02  -3.767012e-02  -4.028757e-02  -4.398117e-02  -4.915546e-02  -5.632570e-02  -6.611338e-02  -7.918990e-02  -9.613207e-02  -1.171415e-01  -1.416190e-01  -1.677184e-01  -1.922876e-01  -2.117663e-01  -2.241233e-01  -2.303864e-01  -2.337206e-01  -2.368649e-01  -2.411165e-01  -2.471327e-01  -2.556263e-01  -2.675370e-01  -2.840665e-01  -3.066668e-01  -3.369214e-01  -3.762221e-01  -4.251197e-01  -4.823363e-01  -5.436748e-01  -6.017126e-01  -6.476927e-01  -6.760421e-01
   44  -3.093957e-02  -3.094587e-02  -3.094862e-02  -3.095256e-02  -3.095822e-02  -3.096635e-02  -3.097802e-02  -3.099478e-02  -3.101884e-02  -3.105339e-02  -3.110288e-02  -3.117418e-02  -3.127637e-02  -3.142320e-02  -3.163360e-02  -3.193496e-02  -3.236743e-02  -3.298637e-02  -3.387156e-02  -3.513465e-02  -3.693408e-02  -3.948662e-02  -4.308861e-02  -4.813451e-02  -5.512794e-02  -6.467633e-02  -7.743551e-02  -9.396969e-02  -1.144814e-01  -1.383897e-01  -1.638975e-01  -1.879298e-01  -2.070009e-01  -2.191095e-01  -2.252445e-01  -2.284980e-01  -2.315585e-01  -2.356957e-01  -2.415498e-01  -2.498155e-01  -2.614070e-01  -2.774948e-01  -2.994933e-01  -3.289478e-01  -3.672137e-01  -4.148345e-01  -4.705711e-01  -5.303384e-01  -5.869083e-01  -6.317416e-01  -6.593902e-01
   45  -3.037573e-02  -3.038187e-02  -3.038455e-02  -3.038839e-02  -3.039391e-02  -3.040184e-02  -3.041322e-02  -3.042957e-02  -3.045291e-02  -3.048672e-02  -3.053509e-02  -3.060452e-02  -3.070402e-02  -3.084714e-02  -3.105228e-02  -3.134644e-02  -3.176836e-02  -3.237158e-02  -3.323499e-02  -3.446723e-02  -3.622238e-02  -3.871167e-02  -4.222519e-02  -4.714729e-02  -5.397047e-02  -6.328694e-02  -7.573788e-02  -9.187648e-02  -1.119021e-01  -1.352506e-01  -1.601742e-01  -1.836690e-01  -2.023254e-01  -2.141757e-01  -2.201760e-01  -2.233487e-01  -2.263253e-01  -2.303494e-01  -2.360445e-01  -2.440849e-01  -2.553612e-01  -2.710117e-01  -2.924137e-01  -3.210715e-01  -3.583034e-01  -4.046413e-01  -4.588786e-01  -5.170366e-01  -5.720779e-01  -6.156901e-01  -6.425725e-01
   46  -2.982967e-02  -2.983566e-02  -2.983827e-02  -2.984202e-02  -2.984741e-02  -2.985514e-02  -2.986625e-02  -2.988219e-02  -2.990508e-02  -2.993795e-02  -2.998513e-02  -3.005287e-02  -3.015020e-02  -3.028958e-02  -3.048984e-02  -3.077671e-02  -3.118774e-02  -3.177693e-02  -3.261899e-02  -3.382122e-02  -3.553343e-02  -3.796195e-02  -4.139041e-02  -4.619315e-02  -5.285079e-02  -6.194300e-02  -7.409541e-02  -8.984904e-02  -1.094003e-01  -1.322010e-01  -1.565457e-01  -1.795039e-01  -1.977405e-01  -2.093247e-01  -2.151845e-01  -2.182740e-01  -2.211683e-01  -2.250814e-01  -2.306186e-01  -2.384367e-01  -2.494016e-01  -2.646196e-01  -2.854313e-01  -3.132967e-01  -3.494998e-01  -3.945516e-01  -4.472749e-01  -5.037922e-01  -5.572537e-01  -5.995787e-01  -6.256362e-01
   47  -2.930088e-02  -2.930673e-02  -2.930928e-02  -2.931294e-02  -2.931819e-02  -2.932574e-02  -2.933657e-02  -2.935213e-02  -2.937447e-02  -2.940654e-02  -2.945261e-02  -2.951868e-02  -2.961362e-02  -2.974964e-02  -2.994491e-02  -3.022546e-02  -3.062635e-02  -3.120101e-02  -3.202281e-02  -3.319608e-02  -3.486671e-02  -3.723697e-02  -4.058300e-02  -4.527013e-02  -5.176859e-02  -6.064285e-02  -7.250586e-02  -8.788525e-02  -1.069734e-01  -1.292366e-01  -1.530108e-01  -1.754330e-01  -1.932457e-01  -2.045573e-01  -2.102720e-01  -2.132774e-01  -2.160900e-01  -2.198936e-01  -2.252756e-01  -2.328750e-01  -2.435321e-01  -2.583231e-01  -2.785496e-01  -3.056300e-01  -3.408074e-01  -3.845737e-01  -4.357728e-01  -4.906253e-01  -5.424644e-01  -5.834524e-01  -6.086334e-01
   48  -2.878884e-02  -2.879455e-02  -2.879704e-02  -2.880061e-02  -2.880574e-02  -2.881310e-02  -2.882368e-02  -2.883887e-02  -2.886067e-02  -2.889197e-02  -2.893696e-02  -2.900143e-02  -2.909402e-02  -2.922690e-02  -2.941752e-02  -2.969110e-02  -3.008245e-02  -3.064362e-02  -3.144542e-02  -3.259073e-02  -3.422203e-02  -3.653546e-02  -3.980147e-02  -4.437739e-02  -5.072130e-02  -5.938553e-02  -7.096697e-02  -8.598208e-02  -1.046185e-01  -1.263548e-01  -1.495667e-01  -1.714565e-01  -1.888417e-01  -1.998748e-01  -2.054405e-01  -2.083608e-01  -2.110927e-01  -2.147880e-01  -2.200177e-01  -2.274013e-01  -2.377559e-01  -2.521256e-01  -2.717727e-01  -2.980745e-01  -3.322328e-01  -3.747163e-01  -4.243862e-01  -4.775556e-01  -5.277404e-01  -5.673458e-01  -5.916107e-01
   49  -2.829303e-02  -2.829860e-02  -2.830103e-02  -2.830452e-02  -2.830952e-02  -2.831671e-02  -2.832713e-02  -2.834187e-02  -2.836315e-02  -2.839377e-02  -2.843759e-02  -2.850058e-02  -2.859122e-02  -2.872054e-02  -2.890684e-02  -2.917380e-02  -2.955605e-02  -3.010384e-02  -3.088699e-02  -3.200528e-02  -3.359739e-02  -3.585653e-02  -3.904539e-02  -4.351359e-02  -4.970794e-02  -5.816813e-02  -6.947669e-02  -8.413842e-02  -1.023341e-01  -1.235545e-01  -1.462108e-01  -1.675716e-01  -1.845275e-01  -1.952780e-01  -2.006914e-01  -2.035259e-01  -2.061784e-01  -2.097675e-01  -2.148469e-01  -2.220180e-01  -2.320734e-01  -2.460273e-01  -2.651041e-01  -2.906353e-01  -3.237825e-01  -3.649881e-01  -4.131281e-01  -4.646024e-01  -5.131085e-01  -5.512984e-01  -5.746161e-01
   50  -2.781291e-02  -2.781835e-02  -2.782072e-02  -2.782413e-02  -2.782902e-02  -2.783604e-02  -2.784613e-02  -2.786040e-02  -2.788140e-02  -2.791126e-02  -2.795410e-02  -2.801562e-02  -2.810393e-02  -2.823072e-02  -2.841234e-02  -2.867290e-02  -2.904640e-02  -2.958124e-02  -3.034623e-02  -3.143827e-02  -3.299356e-02  -3.519958e-02  -3.831411e-02  -4.267780e-02  -4.872785e-02  -5.698982e-02  -6.803371e-02  -8.235085e-02  -1.001162e-01  -1.208313e-01  -1.429414e-01  -1.637765e-01  -1.803033e-01  -1.907671e-01  -1.960257e-01  -1.987749e-01  -2.013484e-01  -2.048334e-01  -2.097645e-01  -2.167260e-01  -2.264885e-01  -2.400319e-01  -2.585450e-01  -2.833151e-01  -3.154600e-01  -3.553956e-01  -4.020095e-01  -4.517834e-01  -4.985952e-01  -5.353460e-01  -5.576930e-01
   51  -2.734797e-02  -2.735328e-02  -2.735560e-02  -2.735893e-02  -2.736370e-02  -2.737057e-02  -2.738042e-02  -2.739456e-02  -2.741487e-02  -2.744403e-02  -2.748603e-02  -2.754625e-02  -2.763221e-02  -2.775598e-02  -2.793363e-02  -2.818773e-02  -2.855304e-02  -2.907551e-02  -2.982254e-02  -3.088957e-02  -3.240831e-02  -3.456377e-02  -3.760609e-02  -4.186880e-02  -4.777835e-02  -5.584866e-02  -6.663536e-02  -8.061716e-02  -9.796324e-02  -1.181834e-01  -1.397556e-01  -1.600704e-01  -1.761673e-01  -1.863429e-01  -1.914452e-01  -1.941081e-01  -1.966045e-01  -1.999865e-01  -2.047725e-01  -2.115287e-01  -2.210009e-01  -2.341416e-01  -2.520984e-01  -2.761172e-01  -3.072717e-01  -3.459470e-01  -3.910411e-01  -4.391163e-01  -4.842259e-01  -5.195224e-01  -5.408823e-01
   52  -2.689768e-02  -2.690288e-02  -2.690514e-02  -2.690839e-02  -2.691306e-02  -2.691976e-02  -2.692939e-02  -2.694321e-02  -2.696305e-02  -2.699154e-02  -2.703244e-02  -2.709116e-02  -2.717543e-02  -2.729637e-02  -2.747004e-02  -2.771864e-02  -2.807493e-02  -2.858558e-02  -2.931602e-02  -3.035786e-02  -3.184233e-02  -3.394797e-02  -3.692043e-02  -4.108533e-02  -4.685898e-02  -5.474332e-02  -6.528025e-02  -7.893566e-02  -9.587301e-02  -1.156082e-01  -1.366509e-01  -1.564506e-01  -1.721194e-01  -1.820056e-01  -1.869495e-01  -1.895271e-01  -1.919473e-01  -1.952284e-01  -1.998715e-01  -2.064260e-01  -2.156134e-01  -2.283574e-01  -2.457669e-01  -2.690438e-01  -2.992194e-01  -3.366480e-01  -3.802334e-01  -4.266157e-01  -4.700224e-01  -5.038591e-01  -5.242254e-01
   53  -2.646155e-02  -2.646663e-02  -2.646884e-02  -2.647202e-02  -2.647658e-02  -2.648319e-02  -2.649241e-02  -2.650605e-02  -2.652547e-02  -2.655324e-02  -2.659326e-02  -2.665065e-02  -2.673299e-02  -2.685127e-02  -2.702068e-02  -2.726401e-02  -2.761190e-02  -2.811111e-02  -2.882462e-02  -2.984344e-02  -3.129348e-02  -3.335183e-02  -3.625704e-02  -4.032676e-02  -4.596864e-02  -5.367264e-02  -6.396664e-02  -7.730449e-02  -9.384217e-02  -1.131029e-01  -1.336256e-01  -1.529161e-01  -1.681590e-01  -1.777550e-01  -1.825405e-01  -1.850321e-01  -1.873777e-01  -1.905596e-01  -1.950630e-01  -2.014186e-01  -2.103267e-01  -2.226805e-01  -2.395518e-01  -2.620990e-01  -2.913088e-01  -3.275046e-01  -3.695957e-01  -4.142972e-01  -4.560076e-01  -4.883858e-01  -5.077576e-01
   54  -2.603907e-02  -2.604404e-02  -2.604620e-02  -2.604930e-02  -2.605376e-02  -2.606017e-02  -2.606936e-02  -2.608257e-02  -2.610153e-02  -2.612874e-02  -2.616782e-02  -2.622386e-02  -2.630451e-02  -2.641985e-02  -2.658562e-02  -2.682321e-02  -2.716392e-02  -2.765155e-02  -2.834919e-02  -2.934493e-02  -3.076289e-02  -3.277436e-02  -3.561383e-02  -3.959194e-02  -4.510606e-02  -5.263441e-02  -6.269240e-02  -7.572108e-02  -9.186955e-02  -1.106658e-01  -1.306772e-01  -1.494648e-01  -1.642839e-01  -1.735906e-01  -1.782171e-01  -1.806241e-01  -1.828961e-01  -1.859812e-01  -1.903468e-01  -1.965081e-01  -2.051415e-01  -2.171117e-01  -2.334542e-01  -2.552832e-01  -2.835424e-01  -3.185225e-01  -3.591370e-01  -4.021722e-01  -4.421996e-01  -4.731283e-01  -4.915124e-01
   55  -2.562976e-02  -2.563461e-02  -2.563673e-02  -2.563976e-02  -2.564418e-02  -2.565038e-02  -2.565937e-02  -2.567229e-02  -2.569082e-02  -2.571743e-02  -2.575564e-02  -2.581042e-02  -2.588917e-02  -2.600207e-02  -2.616437e-02  -2.639666e-02  -2.672962e-02  -2.720647e-02  -2.788803e-02  -2.886218e-02  -3.024796e-02  -3.221501e-02  -3.499115e-02  -3.887987e-02  -4.427009e-02  -5.162813e-02  -6.145677e-02  -7.418392e-02  -8.995208e-02  -1.082940e-01  -1.278033e-01  -1.460951e-01  -1.604943e-01  -1.695118e-01  -1.739803e-01  -1.763033e-01  -1.785030e-01  -1.814930e-01  -1.857244e-01  -1.916943e-01  -2.000591e-01  -2.116531e-01  -2.274758e-01  -2.485992e-01  -2.759221e-01  -3.097053e-01  -3.488635e-01  -3.902551e-01  -4.286183e-01  -4.581127e-01  -4.755201e-01
   56  -2.523313e-02  -2.523788e-02  -2.523994e-02  -2.524291e-02  -2.524718e-02  -2.525330e-02  -2.526210e-02  -2.527472e-02  -2.529285e-02  -2.531887e-02  -2.535593e-02  -2.541000e-02  -2.548685e-02  -2.559718e-02  -2.575580e-02  -2.598292e-02  -2.630893e-02  -2.677474e-02  -2.744211e-02  -2.839405e-02  -2.974974e-02  -3.167296e-02  -3.438719e-02  -3.818959e-02  -4.345936e-02  -5.065204e-02  -6.025748e-02  -7.269163e-02  -8.808886e-02  -1.059859e-01  -1.250025e-01  -1.428046e-01  -1.567879e-01  -1.655190e-01  -1.698297e-01  -1.720704e-01  -1.741990e-01  -1.770961e-01  -1.811951e-01  -1.869779e-01  -1.950791e-01  -2.063045e-01  -2.216171e-01  -2.420483e-01  -2.684529e-01  -3.010583e-01  -3.387828e-01  -3.785554e-01  -4.152784e-01  -4.433604e-01  -4.598082e-01
   57  -2.484873e-02  -2.485337e-02  -2.485539e-02  -2.485829e-02  -2.486247e-02  -2.486846e-02  -2.487706e-02  -2.488941e-02  -2.490714e-02  -2.493268e-02  -2.496914e-02  -2.502148e-02  -2.509691e-02  -2.520495e-02  -2.536002e-02  -2.558235e-02  -2.590085e-02  -2.635696e-02  -2.700904e-02  -2.794059e-02  -2.926636e-02  -3.114735e-02  -3.380205e-02  -3.752042e-02  -4.267321e-02  -4.970515e-02  -5.909301e-02  -7.124213e-02  -8.627675e-02  -1.037388e-01  -1.222718e-01  -1.395921e-01  -1.531649e-01  -1.616108e-01  -1.657652e-01  -1.679244e-01  -1.699840e-01  -1.727894e-01  -1.767593e-01  -1.823588e-01  -1.902021e-01  -2.010659e-01  -2.158798e-01  -2.356318e-01  -2.611344e-01  -2.925851e-01  -3.289018e-01  -3.670821e-01  -4.021941e-01  -4.288909e-01  -4.444005e-01
   58  -2.447610e-02  -2.448064e-02  -2.448262e-02  -2.448546e-02  -2.448954e-02  -2.449540e-02  -2.450382e-02  -2.451590e-02  -2.453320e-02  -2.455803e-02  -2.459391e-02  -2.464512e-02  -2.471876e-02  -2.482456e-02  -2.497624e-02  -2.519381e-02  -2.550535e-02  -2.595169e-02  -2.658973e-02  -2.750075e-02  -2.879784e-02  -3.063781e-02  -3.323461e-02  -3.687150e-02  -4.191085e-02  -4.878635e-02  -5.796297e-02  -6.983303e-02  -8.451468e-02  -1.015512e-01  -1.196098e-01  -1.364555e-01  -1.496227e-01  -1.577869e-01  -1.617868e-01  -1.638656e-01  -1.658574e-01  -1.685738e-01  -1.724175e-01  -1.778377e-01  -1.854280e-01  -1.959380e-01  -2.102634e-01  -2.293501e-01  -2.539700e-01  -2.842880e-01  -3.192241e-01  -3.558446e-01  -3.893786e-01  -4.147215e-01  -4.293189e-01
   59  -2.411481e-02  -2.411925e-02  -2.412119e-02  -2.412397e-02  -2.412796e-02  -2.413369e-02  -2.414193e-02  -2.415375e-02  -2.417073e-02  -2.419510e-02  -2.423008e-02  -2.428019e-02  -2.435239e-02  -2.445575e-02  -2.460429e-02  -2.481698e-02  -2.512192e-02  -2.555882e-02  -2.618324e-02  -2.707453e-02  -2.834332e-02  -3.014374e-02  -3.268400e-02  -3.624194e-02  -4.117076e-02  -4.789393e-02  -5.686522e-02  -6.846397e-02  -8.280067e-02  -9.942083e-02  -1.170141e-01  -1.333939e-01  -1.461603e-01  -1.540463e-01  -1.578936e-01  -1.598940e-01  -1.618194e-01  -1.644491e-01  -1.681680e-01  -1.734139e-01  -1.807569e-01  -1.909212e-01  -2.047679e-01  -2.232044e-01  -2.469600e-01  -2.761689e-01  -3.097554e-01  -3.448496e-01  -3.768429e-01  -4.008681e-01  -4.145810e-01
   60  -2.376443e-02  -2.376878e-02  -2.377067e-02  -2.377339e-02  -2.377730e-02  -2.378291e-02  -2.379097e-02  -2.380231e-02  -2.381916e-02  -2.384301e-02  -2.387725e-02  -2.392643e-02  -2.399693e-02  -2.409819e-02  -2.424345e-02  -2.445171e-02  -2.475033e-02  -2.517727e-02  -2.578876e-02  -2.666102e-02  -2.790266e-02  -2.966435e-02  -3.215001e-02  -3.563074e-02  -4.045206e-02  -4.702781e-02  -5.579846e-02  -6.713270e-02  -8.113267e-02  -9.734551e-02  -1.144827e-01  -1.304044e-01  -1.427767e-01  -1.503880e-01  -1.540857e-01  -1.560087e-01  -1.578700e-01  -1.604138e-01  -1.640125e-01  -1.690867e-01  -1.761888e-01  -1.860152e-01  -1.993946e-01  -2.171952e-01  -2.401063e-01  -2.682318e-01  -3.004983e-01  -3.341032e-01  -3.645958e-01  -3.873407e-01  -4.002015e-01
   61  -2.342456e-02  -2.342881e-02  -2.343067e-02  -2.343333e-02  -2.343716e-02  -2.344265e-02  -2.345054e-02  -2.346186e-02  -2.347813e-02  -2.350147e-02  -2.353499e-02  -2.358311e-02  -2.365216e-02  -2.375126e-02  -2.389313e-02  -2.409721e-02  -2.438943e-02  -2.480753e-02  -2.540567e-02  -2.625967e-02  -2.747487e-02  -2.919940e-02  -3.163205e-02  -3.503788e-02  -3.975477e-02  -4.618621e-02  -5.476209e-02  -6.583868e-02  -7.950900e-02  -9.532438e-02  -1.120145e-01  -1.274861e-01  -1.394707e-01  -1.468116e-01  -1.503614e-01  -1.522096e-01  -1.540078e-01  -1.564685e-01  -1.599491e-01  -1.648561e-01  -1.717228e-01  -1.812194e-01  -1.941422e-01  -2.113216e-01  -2.334088e-01  -2.604773e-01  -2.914573e-01  -3.236115e-01  -3.526448e-01  -3.741520e-01  -3.861935e-01
   62  -2.309480e-02  -2.309896e-02  -2.310078e-02  -2.310339e-02  -2.310713e-02  -2.311251e-02  -2.312023e-02  -2.313132e-02  -2.314724e-02  -2.317010e-02  -2.320291e-02  -2.325000e-02  -2.331761e-02  -2.341446e-02  -2.355402e-02  -2.375339e-02  -2.403967e-02  -2.444907e-02  -2.503439e-02  -2.587030e-02  -2.706007e-02  -2.874761e-02  -3.112854e-02  -3.446163e-02  -3.907740e-02  -4.536855e-02  -5.375442e-02  -6.457921e-02  -7.792902e-02  -9.335504e-02  -1.096070e-01  -1.246369e-01  -1.362403e-01  -1.433159e-01  -1.467219e-01  -1.484960e-01  -1.502322e-01  -1.526124e-01  -1.559783e-01  -1.607217e-01  -1.673582e-01  -1.765331e-01  -1.890116e-01  -2.055852e-01  -2.268676e-01  -2.529056e-01  -2.826325e-01  -3.133762e-01  -3.409959e-01  -3.613085e-01  -3.725662e-01
   63  -2.277476e-02  -2.277884e-02  -2.278083e-02  -2.278318e-02  -2.278684e-02  -2.279211e-02  -2.279967e-02  -2.281053e-02  -2.282612e-02  -2.284850e-02  -2.288063e-02  -2.292661e-02  -2.299280e-02  -2.308796e-02  -2.322427e-02  -2.341988e-02  -2.369974e-02  -2.410055e-02  -2.467362e-02  -2.549209e-02  -2.665727e-02  -2.830923e-02  -3.064000e-02  -3.390250e-02  -3.841913e-02  -4.457372e-02  -5.277449e-02  -6.335401e-02  -7.639009e-02  -9.143559e-02  -1.072584e-01  -1.218553e-01  -1.330846e-01  -1.399000e-01  -1.431642e-01  -1.448671e-01  -1.465436e-01  -1.488447e-01  -1.520977e-01  -1.566826e-01  -1.630947e-01  -1.719560e-01  -1.840003e-01  -1.999839e-01  -2.204840e-01  -2.455188e-01  -2.740265e-01  -3.034022e-01  -3.296539e-01  -3.488174e-01  -3.593272e-01
   64  -2.246410e-02  -2.246809e-02  -2.246972e-02  -2.247234e-02  -2.247593e-02  -2.248108e-02  -2.248853e-02  -2.249912e-02  -2.251439e-02  -2.253631e-02  -2.256762e-02  -2.261293e-02  -2.267774e-02  -2.277080e-02  -2.290417e-02  -2.309550e-02  -2.336992e-02  -2.376225e-02  -2.432384e-02  -2.512505e-02  -2.626602e-02  -2.788337e-02  -3.016527e-02  -3.335884e-02  -3.777929e-02  -4.380094e-02  -5.182136e-02  -6.216208e-02  -7.489199e-02  -8.956494e-02  -1.049679e-01  -1.191401e-01  -1.300027e-01  -1.365623e-01  -1.396884e-01  -1.413220e-01  -1.429404e-01  -1.451643e-01  -1.483080e-01  -1.527382e-01  -1.589318e-01  -1.674875e-01  -1.791093e-01  -1.945182e-01  -2.142556e-01  -2.383158e-01  -2.656403e-01  -2.936910e-01  -3.186228e-01  -3.366828e-01  -3.464810e-01
   65  -2.216244e-02  -2.216635e-02  -2.216806e-02  -2.217051e-02  -2.217403e-02  -2.217899e-02  -2.218633e-02  -2.219675e-02  -2.221170e-02  -2.223317e-02  -2.226399e-02  -2.230809e-02  -2.237155e-02  -2.246268e-02  -2.259344e-02  -2.278102e-02  -2.304952e-02  -2.343417e-02  -2.398386e-02  -2.476872e-02  -2.588589e-02  -2.747006e-02  -2.970398e-02  -3.283025e-02  -3.715704e-02  -4.304985e-02  -5.089369e-02  -6.100069e-02  -7.343203e-02  -8.774113e-02  -1.027334e-01  -1.164892e-01  -1.269925e-01  -1.333023e-01  -1.362934e-01  -1.378595e-01  -1.394215e-01  -1.415703e-01  -1.446079e-01  -1.488873e-01  -1.548680e-01  -1.631267e-01  -1.743368e-01  -1.891877e-01  -2.081835e-01  -2.312966e-01  -2.574744e-01  -2.842422e-01  -3.079031e-01  -3.249076e-01  -3.340304e-01
   66  -2.186945e-02  -2.187329e-02  -2.187496e-02  -2.187736e-02  -2.188080e-02  -2.188575e-02  -2.189286e-02  -2.190299e-02  -2.191771e-02  -2.193874e-02  -2.196908e-02  -2.201217e-02  -2.207467e-02  -2.216381e-02  -2.229170e-02  -2.247531e-02  -2.273859e-02  -2.311537e-02  -2.365381e-02  -2.442220e-02  -2.551642e-02  -2.706797e-02  -2.925580e-02  -3.231689e-02  -3.655229e-02  -4.231855e-02  -4.999094e-02  -5.987047e-02  -7.200946e-02  -8.596300e-02  -1.005533e-01  -1.139016e-01  -1.240527e-01  -1.301184e-01  -1.329794e-01  -1.344794e-01  -1.359863e-01  -1.380621e-01  -1.409962e-01  -1.451289e-01  -1.509028e-01  -1.588718e-01  -1.696828e-01  -1.839901e-01  -2.022670e-01  -2.244606e-01  -2.495277e-01  -2.750580e-01  -2.974959e-01  -3.134916e-01  -3.219767e-01
   67  -2.158481e-02  -2.158857e-02  -2.159021e-02  -2.159256e-02  -2.159593e-02  -2.160078e-02  -2.160778e-02  -2.161774e-02  -2.163205e-02  -2.165265e-02  -2.168227e-02  -2.172484e-02  -2.178555e-02  -2.187312e-02  -2.199860e-02  -2.217833e-02  -2.243639e-02  -2.280529e-02  -2.333273e-02  -2.408560e-02  -2.515728e-02  -2.667713e-02  -2.881991e-02  -3.181740e-02  -3.596384e-02  -4.160744e-02  -4.911217e-02  -5.876948e-02  -7.062327e-02  -8.422904e-02  -9.842575e-02  -1.113757e-01  -1.211827e-01  -1.270097e-01  -1.297431e-01  -1.311800e-01  -1.326335e-01  -1.346384e-01  -1.374718e-01  -1.414619e-01  -1.470350e-01  -1.547232e-01  -1.651450e-01  -1.789253e-01  -1.965031e-01  -2.178074e-01  -2.418000e-01  -2.661363e-01  -2.874013e-01  -3.024357e-01  -3.103183e-01
   68  -2.130820e-02  -2.131188e-02  -2.131348e-02  -2.131578e-02  -2.131910e-02  -2.132385e-02  -2.133067e-02  -2.134046e-02  -2.135452e-02  -2.137471e-02  -2.140369e-02  -2.144530e-02  -2.150492e-02  -2.159076e-02  -2.171351e-02  -2.188993e-02  -2.214230e-02  -2.250393e-02  -2.302077e-02  -2.375879e-02  -2.480861e-02  -2.629721e-02  -2.839576e-02  -3.133167e-02  -3.539102e-02  -4.091444e-02  -4.825629e-02  -5.769670e-02  -6.927183e-02  -8.253751e-02  -9.634990e-02  -1.089101e-01  -1.183802e-01  -1.239754e-01  -1.265856e-01  -1.279610e-01  -1.293629e-01  -1.312985e-01  -1.340341e-01  -1.378857e-01  -1.432631e-01  -1.506777e-01  -1.607229e-01  -1.739912e-01  -1.908928e-01  -2.113346e-01  -2.342897e-01  -2.574767e-01  -2.776173e-01  -2.917371e-01  -2.990530e-01
   69  -2.103932e-02  -2.104292e-02  -2.104450e-02  -2.104675e-02  -2.105000e-02  -2.105465e-02  -2.106133e-02  -2.107093e-02  -2.108471e-02  -2.110450e-02  -2.113290e-02  -2.117357e-02  -2.123218e-02  -2.131615e-02  -2.143672e-02  -2.160929e-02  -2.185662e-02  -2.221122e-02  -2.271778e-02  -2.344070e-02  -2.446927e-02  -2.592759e-02  -2.798352e-02  -3.085900e-02  -3.483405e-02  -4.024012e-02  -4.742289e-02  -5.665111e-02  -6.795434e-02  -8.088829e-02  -9.432405e-02  -1.065032e-01  -1.156446e-01  -1.210139e-01  -1.235040e-01  -1.248204e-01  -1.261723e-01  -1.280407e-01  -1.306814e-01  -1.343985e-01  -1.395865e-01  -1.467356e-01  -1.564147e-01  -1.691867e-01  -1.854328e-01  -2.050412e-01  -2.269955e-01  -2.490770e-01  -2.681417e-01  -2.813940e-01  -2.881770e-01
   70  -2.077787e-02  -2.078141e-02  -2.078295e-02  -2.078516e-02  -2.078834e-02  -2.079290e-02  -2.079945e-02  -2.080890e-02  -2.082236e-02  -2.084175e-02  -2.086959e-02  -2.090959e-02  -2.096690e-02  -2.104919e-02  -2.116734e-02  -2.133647e-02  -2.157915e-02  -2.192629e-02  -2.242257e-02  -2.313113e-02  -2.413893e-02  -2.556805e-02  -2.758223e-02  -3.039849e-02  -3.429112e-02  -3.958348e-02  -4.661100e-02  -5.563239e-02  -6.666990e-02  -7.927875e-02  -9.234716e-02  -1.041533e-01  -1.129745e-01  -1.181235e-01  -1.204981e-01  -1.217576e-01  -1.230609e-01  -1.248644e-01  -1.274125e-01  -1.309992e-01  -1.360024e-01  -1.428951e-01  -1.522194e-01  -1.645107e-01  -1.801222e-01  -1.989258e-01  -2.199141e-01  -2.409342e-01  -2.589713e-01  -2.714007e-01  -2.776853e-01
   71  -2.052359e-02  -2.052705e-02  -2.052857e-02  -2.053073e-02  -2.053385e-02  -2.053829e-02  -2.054474e-02  -2.055396e-02  -2.056720e-02  -2.058621e-02  -2.061349e-02  -2.065266e-02  -2.070885e-02  -2.078958e-02  -2.090522e-02  -2.107116e-02  -2.130899e-02  -2.164942e-02  -2.213562e-02  -2.283019e-02  -2.381791e-02  -2.521816e-02  -2.719159e-02  -2.995018e-02  -3.376276e-02  -3.894373e-02  -4.581942e-02  -5.463866e-02  -6.541656e-02  -7.770839e-02  -9.041726e-02  -1.018598e-01  -1.103683e-01  -1.153040e-01  -1.175668e-01  -1.187714e-01  -1.200274e-01  -1.217673e-01  -1.242266e-01  -1.276862e-01  -1.325107e-01  -1.391544e-01  -1.481350e-01  -1.599608e-01  -1.749591e-01  -1.929842e-01  -2.130438e-01  -2.330457e-01  -2.501025e-01  -2.617531e-01  -2.675712e-01
   72  -2.027620e-02  -2.027960e-02  -2.028108e-02  -2.028321e-02  -2.028626e-02  -2.029064e-02  -2.029694e-02  -2.030598e-02  -2.031895e-02  -2.033759e-02  -2.036433e-02  -2.040273e-02  -2.045773e-02  -2.053691e-02  -2.065035e-02  -2.081292e-02  -2.104607e-02  -2.137963e-02  -2.185649e-02  -2.253698e-02  -2.350556e-02  -2.487717e-02  -2.681106e-02  -2.951416e-02  -3.324794e-02  -3.831998e-02  -4.504781e-02  -5.367032e-02  -6.419424e-02  -7.617605e-02  -8.853389e-02  -9.962090e-02  -1.078248e-01  -1.125533e-01  -1.147083e-01  -1.158601e-01  -1.170704e-01  -1.187497e-01  -1.211217e-01  -1.244584e-01  -1.291102e-01  -1.355117e-01  -1.441599e-01  -1.555351e-01  -1.699408e-01  -1.872158e-01  -2.063815e-01  -2.254071e-01  -2.415305e-01  -2.524453e-01  -2.578282e-01
   73  -2.003545e-02  -2.003878e-02  -2.004024e-02  -2.004232e-02  -2.004531e-02  -2.004961e-02  -2.005578e-02  -2.006465e-02  -2.007737e-02  -2.009564e-02  -2.012186e-02  -2.015944e-02  -2.021353e-02  -2.029099e-02  -2.040225e-02  -2.056160e-02  -2.078986e-02  -2.111718e-02  -2.158477e-02  -2.225185e-02  -2.320085e-02  -2.454567e-02  -2.644082e-02  -2.908886e-02  -3.274628e-02  -3.771236e-02  -4.429557e-02  -5.272519e-02  -6.300184e-02  -7.468057e-02  -8.669524e-02  -9.743578e-02  -1.053430e-01  -1.098707e-01  -1.119218e-01  -1.130226e-01  -1.141891e-01  -1.158086e-01  -1.180969e-01  -1.213145e-01  -1.257982e-01  -1.319669e-01  -1.402920e-01  -1.512321e-01  -1.650648e-01  -1.816175e-01  -1.999241e-01  -2.180158e-01  -2.332498e-01  -2.434711e-01  -2.484474e-01
   74  -1.980110e-02  -1.980437e-02  -1.980579e-02  -1.980783e-02  -1.981077e-02  -1.981498e-02  -1.982103e-02  -1.982972e-02  -1.984213e-02  -1.986020e-02  -1.988582e-02  -1.992275e-02  -1.997559e-02  -2.005152e-02  -2.016083e-02  -2.031736e-02  -2.054128e-02  -2.086179e-02  -2.132013e-02  -2.197400e-02  -2.290441e-02  -2.422280e-02  -2.607984e-02  -2.867493e-02  -3.225743e-02  -3.712023e-02  -4.356178e-02  -5.180360e-02  -6.183777e-02  -7.322074e-02  -8.490052e-02  -9.530293e-02  -1.029214e-01  -1.072547e-01  -1.092056e-01  -1.102579e-01  -1.113814e-01  -1.129441e-01  -1.151504e-01  -1.182520e-01  -1.225746e-01  -1.285158e-01  -1.365300e-01  -1.470495e-01  -1.603299e-01  -1.761864e-01  -1.936672e-01  -2.108660e-01  -2.252557e-01  -2.348223e-01  -2.394219e-01
   75  -1.957291e-02  -1.957611e-02  -1.957750e-02  -1.957951e-02  -1.958239e-02  -1.958652e-02  -1.959245e-02  -1.960097e-02  -1.961321e-02  -1.963080e-02  -1.965614e-02  -1.969221e-02  -1.974414e-02  -1.981868e-02  -1.992570e-02  -2.007885e-02  -2.029832e-02  -2.061275e-02  -2.106221e-02  -2.170342e-02  -2.261558e-02  -2.390802e-02  -2.572832e-02  -2.827099e-02  -3.178064e-02  -3.654228e-02  -4.284590e-02  -5.090416e-02  -6.070176e-02  -7.179558e-02  -8.314806e-02  -9.322092e-02  -1.005592e-01  -1.047035e-01  -1.065587e-01  -1.075643e-01  -1.086469e-01  -1.101536e-01  -1.122813e-01  -1.152716e-01  -1.194364e-01  -1.251591e-01  -1.328718e-01  -1.429847e-01  -1.557327e-01  -1.709192e-01  -1.876092e-01  -2.039541e-01  -2.175414e-01  -2.264920e-01  -2.307404e-01
   76  -1.935065e-02  -1.935379e-02  -1.935515e-02  -1.935712e-02  -1.935994e-02  -1.936400e-02  -1.936982e-02  -1.937815e-02  -1.939017e-02  -1.940743e-02  -1.943199e-02  -1.946762e-02  -1.951856e-02  -1.959153e-02  -1.969639e-02  -1.984654e-02  -2.006246e-02  -2.037008e-02  -2.081142e-02  -2.143995e-02  -2.233410e-02  -2.360141e-02  -2.538566e-02  -2.787771e-02  -3.131581e-02  -3.597877e-02  -4.214770e-02  -5.002647e-02  -5.959307e-02  -7.040429e-02  -8.143739e-02  -9.118880e-02  -9.825433e-02  -1.022169e-01  -1.039799e-01  -1.049405e-01  -1.059832e-01  -1.074362e-01  -1.094875e-01  -1.123698e-01  -1.163826e-01  -1.218938e-01  -1.293155e-01  -1.390367e-01  -1.512707e-01  -1.658130e-01  -1.817435e-01  -1.972742e-01  -2.101003e-01  -2.184727e-01  -2.223947e-01
   77  -1.913410e-02  -1.913718e-02  -1.913853e-02  -1.914045e-02  -1.914322e-02  -1.914720e-02  -1.915291e-02  -1.916109e-02  -1.917287e-02  -1.918976e-02  -1.921401e-02  -1.924883e-02  -1.929879e-02  -1.937048e-02  -1.947343e-02  -1.962074e-02  -1.983193e-02  -2.013446e-02  -2.056678e-02  -2.118280e-02  -2.205986e-02  -2.330231e-02  -2.505133e-02  -2.749351e-02  -3.086226e-02  -3.542896e-02  -4.146616e-02  -4.916947e-02  -5.851048e-02  -6.904592e-02  -7.976732e-02  -8.920570e-02  -9.600662e-02  -9.979346e-02  -1.014673e-01  -1.023852e-01  -1.033896e-01  -1.047905e-01  -1.067678e-01  -1.095456e-01  -1.134119e-01  -1.187181e-01  -1.258590e-01  -1.352018e-01  -1.469415e-01  -1.608646e-01  -1.760674e-01  -1.908212e-01  -2.029264e-01  -2.107551e-01  -2.143751e-01
   78  -1.892307e-02  -1.892609e-02  -1.892741e-02  -1.892930e-02  -1.893202e-02  -1.893592e-02  -1.894152e-02  -1.894955e-02  -1.896109e-02  -1.897766e-02  -1.900149e-02  -1.903560e-02  -1.908462e-02  -1.915489e-02  -1.925567e-02  -1.940052e-02  -1.960757e-02  -1.990411e-02  -2.032806e-02  -2.093251e-02  -2.179250e-02  -2.301035e-02  -2.472534e-02  -2.711909e-02  -3.042005e-02  -3.489214e-02  -4.080109e-02  -4.833296e-02  -5.745313e-02  -6.771918e-02  -7.813679e-02  -8.726998e-02  -9.381399e-02  -9.743113e-02  -9.902057e-02  -9.989720e-02  -1.008649e-01  -1.022151e-01  -1.041209e-01  -1.067978e-01  -1.105219e-01  -1.156312e-01  -1.225004e-01  -1.314785e-01  -1.427422e-01  -1.560708e-01  -1.705770e-01  -1.845901e-01  -1.960118e-01  -2.033309e-01  -2.066714e-01
   79  -1.871735e-02  -1.872032e-02  -1.872161e-02  -1.872347e-02  -1.872613e-02  -1.872995e-02  -1.873545e-02  -1.874333e-02  -1.875465e-02  -1.877091e-02  -1.879422e-02  -1.882770e-02  -1.887579e-02  -1.894479e-02  -1.904372e-02  -1.918548e-02  -1.938890e-02  -1.967997e-02  -2.009534e-02  -2.068834e-02  -2.153184e-02  -2.272598e-02  -2.440743e-02  -2.675381e-02  -2.998809e-02  -3.436842e-02  -4.015168e-02  -4.751592e-02  -5.642069e-02  -6.642377e-02  -7.654468e-02  -8.538119e-02  -9.167556e-02  -9.512908e-02  -9.663764e-02  -9.747493e-02  -9.840682e-02  -9.970834e-02  -1.015450e-01  -1.041245e-01  -1.077115e-01  -1.126292e-01  -1.192375e-01  -1.278642e-01  -1.386699e-01  -1.514271e-01  -1.652673e-01  -1.785748e-01  -1.893506e-01  -1.961918e-01  -1.992730e-01
   80  -1.851676e-02  -1.851967e-02  -1.852093e-02  -1.852275e-02  -1.852537e-02  -1.852912e-02  -1.853459e-02  -1.854224e-02  -1.855335e-02  -1.856917e-02  -1.859219e-02  -1.862499e-02  -1.867229e-02  -1.873991e-02  -1.883694e-02  -1.897622e-02  -1.917544e-02  -1.946080e-02  -1.986858e-02  -2.045020e-02  -2.127734e-02  -2.244855e-02  -2.409724e-02  -2.639702e-02  -2.956666e-02  -3.385677e-02  -3.951731e-02  -4.671814e-02  -5.541246e-02  -6.515851e-02  -7.498987e-02  -8.353756e-02  -8.959073e-02  -9.288625e-02  -9.431703e-02  -9.511678e-02  -9.601427e-02  -9.726871e-02  -9.903883e-02  -1.015242e-01  -1.049788e-01  -1.097125e-01  -1.160680e-01  -1.243565e-01  -1.347215e-01  -1.469308e-01  -1.601336e-01  -1.727698e-01  -1.829346e-01  -1.893279e-01  -1.921703e-01
   81  -1.832110e-02  -1.832396e-02  -1.832520e-02  -1.832698e-02  -1.832955e-02  -1.833323e-02  -1.833852e-02  -1.834613e-02  -1.835700e-02  -1.837265e-02  -1.839511e-02  -1.842734e-02  -1.847357e-02  -1.854000e-02  -1.863549e-02  -1.877178e-02  -1.896748e-02  -1.924719e-02  -1.964704e-02  -2.021796e-02  -2.102911e-02  -2.217773e-02  -2.379410e-02  -2.604920e-02  -2.915518e-02  -3.335746e-02  -3.889806e-02  -4.593876e-02  -5.442705e-02  -6.392239e-02  -7.347169e-02  -8.173811e-02  -8.755734e-02  -9.070124e-02  -9.205792e-02  -9.282193e-02  -9.368654e-02  -9.489511e-02  -9.660080e-02  -9.899509e-02  -1.023217e-01  -1.068778e-01  -1.129906e-01  -1.209526e-01  -1.308944e-01  -1.425787e-01  -1.551724e-01  -1.671695e-01  -1.767567e-01  -1.827312e-01  -1.853529e-01
   82  -1.813021e-02  -1.813301e-02  -1.813423e-02  -1.813598e-02  -1.813849e-02  -1.814211e-02  -1.814730e-02  -1.815474e-02  -1.816544e-02  -1.818079e-02  -1.820282e-02  -1.823438e-02  -1.827985e-02  -1.834501e-02  -1.843839e-02  -1.857245e-02  -1.876436e-02  -1.903918e-02  -1.943123e-02  -1.999105e-02  -2.078663e-02  -2.191334e-02  -2.349865e-02  -2.570922e-02  -2.875331e-02  -3.286984e-02  -3.829291e-02  -4.517719e-02  -5.346489e-02  -6.271483e-02  -7.198879e-02  -7.998213e-02  -8.557486e-02  -8.857265e-02  -8.985856e-02  -9.058867e-02  -9.142082e-02  -9.258571e-02  -9.422966e-02  -9.653562e-02  -9.973885e-02  -1.041239e-01  -1.100024e-01  -1.176508e-01  -1.271857e-01  -1.383665e-01  -1.503777e-01  -1.617672e-01  -1.708100e-01  -1.763925e-01  -1.788103e-01
   83  -1.794392e-02  -1.794667e-02  -1.794786e-02  -1.794958e-02  -1.795205e-02  -1.795560e-02  -1.796069e-02  -1.796799e-02  -1.797848e-02  -1.799355e-02  -1.801515e-02  -1.804619e-02  -1.809075e-02  -1.815461e-02  -1.824644e-02  -1.837772e-02  -1.856611e-02  -1.883559e-02  -1.922066e-02  -1.976951e-02  -2.055011e-02  -2.165547e-02  -2.321001e-02  -2.537724e-02  -2.836079e-02  -3.239301e-02  -3.770165e-02  -4.443318e-02  -5.252419e-02  -6.153535e-02  -7.054119e-02  -7.826882e-02  -8.364204e-02  -8.649947e-02  -8.771830e-02  -8.841538e-02  -8.921664e-02  -9.033910e-02  -9.192277e-02  -9.414404e-02  -9.722887e-02  -1.014484e-01  -1.071014e-01  -1.144479e-01  -1.235925e-01  -1.342902e-01  -1.457460e-01  -1.565586e-01  -1.650867e-01  -1.703024e-01  -1.725323e-01
   84  -1.776207e-02  -1.776476e-02  -1.776594e-02  -1.776762e-02  -1.777004e-02  -1.777352e-02  -1.777852e-02  -1.778569e-02  -1.779598e-02  -1.781076e-02  -1.783198e-02  -1.786244e-02  -1.790615e-02  -1.796883e-02  -1.805874e-02  -1.818767e-02  -1.837250e-02  -1.863688e-02  -1.901480e-02  -1.955348e-02  -2.031929e-02  -2.140339e-02  -2.292783e-02  -2.505300e-02  -2.797721e-02  -3.192749e-02  -3.712393e-02  -4.370620e-02  -5.160522e-02  -6.038289e-02  -6.912730e-02  -7.659663e-02  -8.175789e-02  -8.448061e-02  -8.563474e-02  -8.630064e-02  -8.707264e-02  -8.815423e-02  -8.967978e-02  -9.181964e-02  -9.478977e-02  -9.885030e-02  -1.042855e-01  -1.113418e-01  -1.201110e-01  -1.303467e-01  -1.412724e-01  -1.515365e-01  -1.595791e-01  -1.644528e-01  -1.665094e-01
   85  -1.758449e-02  -1.758714e-02  -1.758829e-02  -1.758995e-02  -1.759232e-02  -1.759574e-02  -1.760064e-02  -1.760768e-02  -1.761778e-02  -1.763234e-02  -1.765311e-02  -1.768300e-02  -1.772592e-02  -1.778745e-02  -1.787575e-02  -1.800217e-02  -1.818367e-02  -1.844288e-02  -1.881371e-02  -1.934260e-02  -2.009369e-02  -2.115705e-02  -2.265247e-02  -2.473619e-02  -2.760257e-02  -3.147215e-02  -3.655905e-02  -4.299496e-02  -5.070703e-02  -5.925651e-02  -6.774660e-02  -7.496476e-02  -7.992094e-02  -8.251444e-02  -8.360730e-02  -8.424384e-02  -8.498697e-02  -8.602931e-02  -8.749897e-02  -8.955959e-02  -9.241918e-02  -9.632707e-02  -1.015527e-01  -1.083301e-01  -1.167392e-01  -1.265323e-01  -1.369516e-01  -1.466956e-01  -1.542809e-01  -1.588344e-01  -1.607312e-01
   86  -1.741106e-02  -1.741365e-02  -1.741479e-02  -1.741641e-02  -1.741874e-02  -1.742209e-02  -1.742690e-02  -1.743381e-02  -1.744373e-02  -1.745796e-02  -1.747845e-02  -1.750772e-02  -1.754984e-02  -1.761014e-02  -1.769687e-02  -1.782108e-02  -1.799883e-02  -1.825381e-02  -1.861748e-02  -1.913595e-02  -1.987330e-02  -2.091630e-02  -2.238308e-02  -2.442650e-02  -2.723624e-02  -3.102730e-02  -3.600701e-02  -4.230053e-02  -4.982891e-02  -5.815624e-02  -6.639796e-02  -7.337302e-02  -7.813084e-02  -8.060011e-02  -8.163468e-02  -8.224288e-02  -8.295863e-02  -8.396278e-02  -8.537850e-02  -8.736305e-02  -9.011608e-02  -9.387572e-02  -9.890065e-02  -1.054102e-01  -1.134735e-01  -1.228433e-01  -1.327801e-01  -1.420300e-01  -1.491834e-01  -1.534392e-01  -1.551887e-01
   87  -1.724162e-02  -1.724416e-02  -1.724523e-02  -1.724687e-02  -1.724917e-02  -1.725245e-02  -1.725717e-02  -1.726395e-02  -1.727368e-02  -1.728765e-02  -1.730771e-02  -1.733650e-02  -1.737770e-02  -1.743717e-02  -1.752234e-02  -1.764402e-02  -1.781841e-02  -1.806861e-02  -1.842578e-02  -1.893458e-02  -1.965788e-02  -2.068122e-02  -2.212002e-02  -2.412391e-02  -2.687797e-02  -3.059238e-02  -3.546696e-02  -4.162089e-02  -4.897024e-02  -5.708074e-02  -6.508084e-02  -7.181910e-02  -7.638563e-02  -7.873618e-02  -7.971564e-02  -8.029671e-02  -8.098575e-02  -8.195350e-02  -8.331692e-02  -8.522858e-02  -8.787873e-02  -9.149641e-02  -9.632785e-02  -1.025792e-01  -1.103116e-01  -1.192761e-01  -1.287528e-01  -1.375340e-01  -1.442814e-01  -1.482579e-01  -1.498725e-01
   88  -1.707603e-02  -1.707853e-02  -1.707962e-02  -1.708119e-02  -1.708344e-02  -1.708666e-02  -1.709130e-02  -1.709795e-02  -1.710750e-02  -1.712122e-02  -1.714091e-02  -1.716917e-02  -1.720973e-02  -1.726788e-02  -1.735134e-02  -1.747095e-02  -1.764224e-02  -1.788776e-02  -1.823789e-02  -1.873752e-02  -1.944735e-02  -2.045134e-02  -2.186283e-02  -2.382793e-02  -2.652812e-02  -3.016705e-02  -3.493917e-02  -4.095664e-02  -4.813124e-02  -5.602997e-02  -6.379469e-02  -7.030348e-02  -7.468493e-02  -7.692132e-02  -7.784829e-02  -7.840385e-02  -7.906737e-02  -7.999946e-02  -8.131336e-02  -8.315416e-02  -8.570530e-02  -8.918668e-02  -9.383151e-02  -9.983586e-02  -1.072501e-01  -1.158273e-01  -1.248652e-01  -1.332020e-01  -1.395663e-01  -1.432833e-01  -1.447729e-01
   89  -1.691418e-02  -1.691663e-02  -1.691770e-02  -1.691924e-02  -1.692144e-02  -1.692461e-02  -1.692916e-02  -1.693569e-02  -1.694507e-02  -1.695853e-02  -1.697791e-02  -1.700560e-02  -1.704544e-02  -1.710261e-02  -1.718439e-02  -1.730199e-02  -1.747017e-02  -1.771084e-02  -1.805465e-02  -1.854494e-02  -1.924160e-02  -2.022661e-02  -2.161114e-02  -2.353844e-02  -2.618513e-02  -2.975093e-02  -3.442264e-02  -4.030679e-02  -4.731080e-02  -5.500261e-02  -6.253846e-02  -6.882403e-02  -7.302752e-02  -7.515485e-02  -7.603194e-02  -7.656259e-02  -7.720197e-02  -7.810022e-02  -7.936565e-02  -8.113839e-02  -8.359477e-02  -8.694418e-02  -9.141020e-02  -9.717641e-02  -1.042865e-01  -1.124929e-01  -1.211127e-01  -1.290280e-01  -1.350319e-01  -1.385069e-01  -1.398816e-01
   90  -1.675592e-02  -1.675833e-02  -1.675938e-02  -1.676089e-02  -1.676306e-02  -1.676617e-02  -1.677063e-02  -1.677705e-02  -1.678625e-02  -1.679947e-02  -1.681850e-02  -1.684567e-02  -1.688476e-02  -1.694083e-02  -1.702121e-02  -1.713633e-02  -1.730167e-02  -1.753794e-02  -1.787544e-02  -1.835660e-02  -1.904020e-02  -2.000680e-02  -2.136524e-02  -2.325536e-02  -2.585011e-02  -2.934362e-02  -3.391740e-02  -3.967136e-02  -4.650826e-02  -5.399876e-02  -6.131134e-02  -6.738146e-02  -7.141245e-02  -7.343571e-02  -7.426471e-02  -7.477275e-02  -7.538840e-02  -7.625349e-02  -7.747240e-02  -7.917976e-02  -8.154468e-02  -8.476739e-02  -8.906123e-02  -9.459975e-02  -1.014175e-01  -1.092696e-01  -1.174911e-01  -1.250067e-01  -1.306712e-01  -1.339203e-01  -1.351897e-01
   91  -1.660115e-02  -1.660352e-02  -1.660455e-02  -1.660603e-02  -1.660816e-02  -1.661121e-02  -1.661560e-02  -1.662189e-02  -1.663093e-02  -1.664390e-02  -1.666243e-02  -1.668926e-02  -1.672768e-02  -1.678267e-02  -1.686153e-02  -1.697489e-02  -1.713685e-02  -1.736875e-02  -1.770032e-02  -1.817234e-02  -1.884311e-02  -1.979185e-02  -2.112443e-02  -2.297828e-02  -2.552222e-02  -2.894538e-02  -3.342331e-02  -3.904951e-02  -4.572356e-02  -5.301713e-02  -6.011278e-02  -6.597303e-02  -6.983865e-02  -7.176172e-02  -7.254659e-02  -7.303204e-02  -7.362471e-02  -7.445846e-02  -7.563266e-02  -7.727685e-02  -7.955320e-02  -8.265438e-02  -8.678303e-02  -9.210210e-02  -9.864042e-02  -1.061538e-01  -1.139964e-01  -1.211332e-01  -1.264784e-01  -1.295170e-01  -1.306891e-01
   92  -1.644975e-02  -1.645208e-02  -1.645309e-02  -1.645455e-02  -1.645663e-02  -1.645963e-02  -1.646400e-02  -1.647004e-02  -1.647898e-02  -1.649172e-02  -1.651001e-02  -1.653625e-02  -1.657392e-02  -1.662796e-02  -1.670547e-02  -1.681652e-02  -1.697566e-02  -1.720332e-02  -1.752859e-02  -1.799200e-02  -1.865038e-02  -1.958149e-02  -2.088866e-02  -2.270726e-02  -2.520164e-02  -2.855578e-02  -3.293972e-02  -3.844121e-02  -4.495611e-02  -5.205800e-02  -5.894210e-02  -6.459938e-02  -6.830509e-02  -7.013255e-02  -7.087492e-02  -7.133956e-02  -7.191048e-02  -7.271334e-02  -7.384497e-02  -7.542824e-02  -7.761995e-02  -8.060378e-02  -8.457330e-02  -8.968223e-02  -9.595249e-02  -1.031427e-01  -1.106238e-01  -1.174020e-01  -1.224464e-01  -1.252888e-01  -1.263714e-01
   93  -1.630161e-02  -1.630389e-02  -1.630488e-02  -1.630646e-02  -1.630836e-02  -1.631130e-02  -1.631553e-02  -1.632160e-02  -1.633031e-02  -1.634293e-02  -1.636077e-02  -1.638644e-02  -1.642353e-02  -1.647666e-02  -1.655267e-02  -1.666145e-02  -1.681808e-02  -1.704148e-02  -1.736096e-02  -1.781569e-02  -1.846198e-02  -1.937567e-02  -2.065844e-02  -2.244170e-02  -2.488767e-02  -2.817429e-02  -3.246621e-02  -3.784589e-02  -4.420536e-02  -5.111987e-02  -5.779855e-02  -6.325920e-02  -6.681071e-02  -6.854734e-02  -6.924931e-02  -6.969374e-02  -7.024364e-02  -7.101706e-02  -7.210716e-02  -7.363225e-02  -7.574240e-02  -7.861345e-02  -8.243018e-02  -8.733770e-02  -9.335135e-02  -1.002322e-01  -1.073697e-01  -1.138077e-01  -1.185690e-01  -1.212286e-01  -1.222291e-01
   94  -1.615662e-02  -1.615886e-02  -1.615983e-02  -1.616123e-02  -1.616325e-02  -1.616613e-02  -1.617028e-02  -1.617624e-02  -1.618479e-02  -1.619707e-02  -1.621470e-02  -1.623979e-02  -1.627631e-02  -1.632850e-02  -1.640316e-02  -1.651039e-02  -1.666346e-02  -1.688300e-02  -1.719650e-02  -1.764291e-02  -1.827762e-02  -1.917385e-02  -2.043273e-02  -2.218228e-02  -2.458011e-02  -2.780080e-02  -3.200270e-02  -3.726361e-02  -4.347056e-02  -5.020289e-02  -5.668207e-02  -6.195165e-02  -6.535523e-02  -6.700430e-02  -6.766807e-02  -6.809364e-02  -6.862323e-02  -6.936893e-02  -7.041876e-02  -7.188757e-02  -7.391893e-02  -7.668187e-02  -8.035222e-02  -8.506585e-02  -9.083386e-02  -9.741909e-02  -1.042293e-01  -1.103456e-01  -1.148408e-01  -1.173296e-01  -1.182546e-01
   95  -1.601467e-02  -1.601687e-02  -1.601783e-02  -1.601921e-02  -1.602118e-02  -1.602402e-02  -1.602808e-02  -1.603394e-02  -1.604234e-02  -1.605440e-02  -1.607165e-02  -1.609655e-02  -1.613220e-02  -1.618335e-02  -1.625679e-02  -1.636185e-02  -1.651248e-02  -1.672780e-02  -1.703550e-02  -1.747401e-02  -1.809679e-02  -1.897660e-02  -2.021182e-02  -2.192800e-02  -2.427923e-02  -2.743524e-02  -3.154959e-02  -3.669334e-02  -4.275218e-02  -4.930633e-02  -5.559076e-02  -6.067597e-02  -6.393657e-02  -6.550282e-02  -6.613071e-02  -6.653804e-02  -6.704824e-02  -6.776627e-02  -6.877764e-02  -7.019243e-02  -7.214869e-02  -7.480727e-02  -7.833658e-02  -8.286499e-02  -8.839767e-02  -9.470054e-02  -1.011990e-01  -1.070102e-01  -1.112552e-01  -1.135851e-01  -1.144404e-01
   96  -1.587568e-02  -1.587784e-02  -1.587878e-02  -1.588013e-02  -1.588207e-02  -1.588486e-02  -1.588886e-02  -1.589460e-02  -1.590285e-02  -1.591474e-02  -1.593168e-02  -1.595608e-02  -1.599109e-02  -1.604131e-02  -1.611337e-02  -1.621637e-02  -1.636433e-02  -1.657600e-02  -1.687804e-02  -1.730856e-02  -1.791967e-02  -1.878348e-02  -1.999515e-02  -2.167880e-02  -2.398454e-02  -2.707703e-02  -3.110540e-02  -3.613556e-02  -4.204920e-02  -4.842990e-02  -5.452533e-02  -5.943154e-02  -6.255505e-02  -6.404200e-02  -6.463554e-02  -6.502576e-02  -6.551715e-02  -6.620904e-02  -6.718366e-02  -6.854649e-02  -7.042929e-02  -7.298819e-02  -7.638272e-02  -8.073286e-02  -8.604001e-02  -9.207368e-02  -9.827581e-02  -1.037977e-01  -1.078073e-01  -1.099888e-01  -1.107804e-01
   97  -1.573955e-02  -1.574167e-02  -1.574259e-02  -1.574396e-02  -1.574582e-02  -1.574856e-02  -1.575249e-02  -1.575813e-02  -1.576623e-02  -1.577785e-02  -1.579454e-02  -1.581838e-02  -1.585287e-02  -1.590199e-02  -1.597292e-02  -1.607420e-02  -1.621960e-02  -1.642715e-02  -1.672372e-02  -1.714621e-02  -1.774618e-02  -1.859395e-02  -1.978321e-02  -2.143510e-02  -2.369567e-02  -2.672643e-02  -3.067055e-02  -3.558948e-02  -4.136123e-02  -4.757257e-02  -5.348419e-02  -5.821772e-02  -6.120894e-02  -6.262053e-02  -6.318178e-02  -6.355540e-02  -6.402872e-02  -6.469561e-02  -6.563482e-02  -6.694707e-02  -6.876040e-02  -7.122304e-02  -7.448757e-02  -7.866682e-02  -8.375851e-02  -8.953499e-02  -9.545452e-02  -1.007030e-01  -1.044908e-01  -1.065348e-01  -1.072669e-01
   98  -1.560618e-02  -1.560826e-02  -1.560916e-02  -1.561047e-02  -1.561235e-02  -1.561503e-02  -1.561889e-02  -1.562437e-02  -1.563238e-02  -1.564380e-02  -1.566019e-02  -1.568371e-02  -1.571747e-02  -1.576598e-02  -1.583531e-02  -1.593509e-02  -1.607751e-02  -1.628138e-02  -1.657268e-02  -1.698742e-02  -1.757644e-02  -1.840847e-02  -1.957562e-02  -2.119585e-02  -2.341288e-02  -2.638307e-02  -3.024480e-02  -3.505459e-02  -4.068796e-02  -4.673482e-02  -5.246765e-02  -5.703322e-02  -5.989754e-02  -6.123728e-02  -6.176789e-02  -6.212604e-02  -6.258214e-02  -6.322475e-02  -6.412927e-02  -6.539352e-02  -6.713996e-02  -6.951013e-02  -7.265001e-02  -7.666561e-02  -8.155047e-02  -8.708142e-02  -9.273244e-02  -9.772140e-02  -1.013009e-01  -1.032160e-01  -1.038943e-01
   99  -1.547550e-02  -1.547754e-02  -1.547843e-02  -1.547971e-02  -1.548155e-02  -1.548419e-02  -1.548798e-02  -1.549341e-02  -1.550122e-02  -1.551244e-02  -1.552853e-02  -1.555165e-02  -1.558478e-02  -1.563237e-02  -1.570049e-02  -1.579823e-02  -1.593826e-02  -1.613849e-02  -1.642453e-02  -1.683178e-02  -1.741027e-02  -1.822656e-02  -1.937215e-02  -2.096165e-02  -2.313557e-02  -2.604664e-02  -2.982773e-02  -3.453079e-02  -4.002957e-02  -4.591487e-02  -5.147417e-02  -5.587800e-02  -5.862009e-02  -5.989139e-02  -6.039313e-02  -6.073598e-02  -6.117601e-02  -6.179506e-02  -6.266661e-02  -6.388494e-02  -6.556630e-02  -6.784785e-02  -7.086779e-02  -7.472699e-02  -7.941430e-02  -8.471003e-02  -9.010548e-02  -9.484966e-02  -9.823243e-02  -1.000276e-01  -1.006561e-01
  100  -1.534741e-02  -1.534942e-02  -1.535029e-02  -1.535155e-02  -1.535335e-02  -1.535594e-02  -1.535966e-02  -1.536501e-02  -1.537268e-02  -1.538369e-02  -1.539948e-02  -1.542205e-02  -1.545474e-02  -1.550146e-02  -1.556842e-02  -1.566435e-02  -1.580196e-02  -1.599850e-02  -1.627941e-02  -1.667925e-02  -1.724706e-02  -1.804874e-02  -1.917261e-02  -2.073249e-02  -2.286416e-02  -2.571691e-02  -2.941912e-02  -3.401823e-02  -3.938453e-02  -4.511368e-02  -5.050360e-02  -5.475075e-02  -5.737582e-02  -5.858166e-02  -5.905653e-02  -5.938503e-02  -5.980871e-02  -6.040558e-02  -6.124543e-02  -6.241911e-02  -6.403837e-02  -6.623508e-02  -6.913996e-02  -7.284834e-02  -7.734670e-02  -8.241833e-02  -8.757091e-02  -9.208197e-02  -9.528064e-02  -9.696401e-02  -9.754636e-02
