# l loading Love number for a Heaviside load
# Computed by ISSM on 19-Mar-2026 11:28:55
#
#   n         l_n(t)
    1  -8.911701e-01  -8.911904e-01  -8.911993e-01  -8.912120e-01  -8.912303e-01  -8.912566e-01  -8.912943e-01  -8.913485e-01  -8.914263e-01  -8.915379e-01  -8.916976e-01  -8.919278e-01  -8.922583e-01  -8.927320e-01  -8.934113e-01  -8.943849e-01  -8.957783e-01  -8.977735e-01  -9.006255e-01  -9.046876e-01  -9.104563e-01  -9.186106e-01  -9.300512e-01  -9.459288e-01  -9.676196e-01  -9.965557e-01  -1.033825e+00  -1.079387e+00  -1.131027e+00  -1.183548e+00  -1.229474e+00  -1.262227e+00  -1.280402e+00  -1.288693e+00  -1.293566e+00  -1.298940e+00  -1.306375e+00  -1.316859e+00  -1.331574e+00  -1.352024e+00  -1.380039e+00  -1.417626e+00  -1.466601e+00  -1.527756e+00  -1.599596e+00  -1.676855e+00  -1.749890e+00  -1.806735e+00  -1.838664e+00  -1.845790e+00  -1.835865e+00
    2   1.185581e-02   1.182740e-02   1.181502e-02   1.179724e-02   1.177171e-02   1.173506e-02   1.168251e-02   1.160712e-02   1.149846e-02   1.134275e-02   1.111978e-02   1.079884e-02   1.033923e-02   9.680574e-03   8.737350e-03   7.387878e-03   5.461714e-03   2.717732e-03  -1.177043e-03  -6.677440e-03  -1.439130e-02  -2.509961e-02  -3.975462e-02  -5.941700e-02  -8.508682e-02  -1.173854e-01  -1.561042e-01  -1.997474e-01  -2.453340e-01  -2.886668e-01  -3.251336e-01  -3.511345e-01  -3.660927e-01  -3.732879e-01  -3.774660e-01  -3.817980e-01  -3.876709e-01  -3.959122e-01  -4.074391e-01  -4.233830e-01  -4.450795e-01  -4.739177e-01  -5.109938e-01  -5.564277e-01  -6.083752e-01  -6.620132e-01  -7.093605e-01  -7.411328e-01  -7.510614e-01  -7.400907e-01  -7.156026e-01
    3   6.373137e-02   6.371895e-02   6.371354e-02   6.370577e-02   6.369462e-02   6.367859e-02   6.365559e-02   6.362256e-02   6.357512e-02   6.350678e-02   6.340921e-02   6.326864e-02   6.306726e-02   6.277785e-02   6.236211e-02   6.176591e-02   6.090957e-02   5.968176e-02   5.792152e-02   5.539965e-02   5.179698e-02   4.666201e-02   3.939134e-02   2.919594e-02   1.514058e-02  -3.718080e-03  -2.800315e-02  -5.747007e-02  -9.042257e-02  -1.235080e-01  -1.524278e-01  -1.736672e-01  -1.863343e-01  -1.926059e-01  -1.959590e-01  -1.989636e-01  -2.028532e-01  -2.082883e-01  -2.158963e-01  -2.264419e-01  -2.408289e-01  -2.600229e-01  -2.848132e-01  -3.153731e-01  -3.505670e-01  -3.872265e-01  -4.199865e-01  -4.425955e-01  -4.509413e-01  -4.457227e-01  -4.312039e-01
    4   5.564616e-02   5.563829e-02   5.563486e-02   5.562994e-02   5.562287e-02   5.561272e-02   5.559814e-02   5.557720e-02   5.554713e-02   5.550396e-02   5.544190e-02   5.535280e-02   5.522456e-02   5.504075e-02   5.477589e-02   5.439561e-02   5.384802e-02   5.306019e-02   5.192399e-02   5.028436e-02   4.791753e-02   4.450167e-02   3.958325e-02   3.254676e-02   2.261547e-02   8.934593e-03  -9.184023e-03  -3.182008e-02  -5.789706e-02  -8.486492e-02  -1.091096e-01  -1.273702e-01  -1.384784e-01  -1.439323e-01  -1.465598e-01  -1.486133e-01  -1.511888e-01  -1.547854e-01  -1.598276e-01  -1.668259e-01  -1.764005e-01  -1.892152e-01  -2.058464e-01  -2.264816e-01  -2.504555e-01  -2.757245e-01  -2.986769e-01  -3.149309e-01  -3.213690e-01  -3.180026e-01  -3.071100e-01
    5   4.335422e-02   4.334773e-02   4.334490e-02   4.334083e-02   4.333500e-02   4.332662e-02   4.331458e-02   4.329730e-02   4.327247e-02   4.323682e-02   4.318560e-02   4.311197e-02   4.300629e-02   4.285431e-02   4.263592e-02   4.232157e-02   4.186864e-02   4.121630e-02   4.027532e-02   3.891522e-02   3.694915e-02   3.410415e-02   2.999573e-02   2.409537e-02   1.572884e-02   4.141900e-03  -1.129639e-02  -3.071393e-02  -5.325024e-02  -7.673943e-02  -9.801155e-02  -1.140895e-01  -1.237925e-01  -1.283604e-01  -1.303186e-01  -1.316929e-01  -1.334092e-01  -1.358135e-01  -1.391830e-01  -1.438584e-01  -1.502498e-01  -1.587985e-01  -1.698768e-01  -1.835979e-01  -1.994964e-01  -2.161827e-01  -2.312105e-01  -2.415922e-01  -2.451343e-01  -2.416870e-01  -2.326406e-01
    6   3.510801e-02   3.510233e-02   3.509985e-02   3.509629e-02   3.509117e-02   3.508383e-02   3.507329e-02   3.505809e-02   3.503640e-02   3.500516e-02   3.496049e-02   3.489557e-02   3.480310e-02   3.467012e-02   3.447860e-02   3.420323e-02   3.380623e-02   3.323503e-02   3.241013e-02   3.121812e-02   2.949427e-02   2.699915e-02   2.339333e-02   1.820973e-02   1.084946e-02   6.346431e-04  -1.301281e-02  -3.023814e-02  -5.031104e-02  -7.131961e-02  -9.039130e-02  -1.047533e-01  -1.132460e-01  -1.170108e-01  -1.184188e-01  -1.193172e-01  -1.204606e-01  -1.220753e-01  -1.243357e-01  -1.274649e-01  -1.317308e-01  -1.374105e-01  -1.447237e-01  -1.536967e-01  -1.639443e-01  -1.744545e-01  -1.835237e-01  -1.891467e-01  -1.899129e-01  -1.857871e-01  -1.776991e-01
    7   3.004019e-02   3.003522e-02   3.003306e-02   3.002995e-02   3.002549e-02   3.001908e-02   3.000988e-02   2.999665e-02   2.997767e-02   2.995039e-02   2.991124e-02   2.985499e-02   2.977399e-02   2.965789e-02   2.949086e-02   2.925013e-02   2.890380e-02   2.840430e-02   2.768368e-02   2.664196e-02   2.513455e-02   2.295091e-02   1.979213e-02   1.524575e-02   8.777376e-03  -2.214182e-04  -1.228128e-02  -2.756039e-02  -4.544016e-02  -6.422954e-02  -8.132950e-02  -9.416111e-02  -1.015950e-01  -1.046834e-01  -1.056625e-01  -1.062151e-01  -1.069508e-01  -1.080001e-01  -1.094655e-01  -1.114930e-01  -1.142395e-01  -1.178717e-01  -1.224970e-01  -1.280793e-01  -1.342835e-01  -1.403531e-01  -1.450808e-01  -1.471524e-01  -1.457137e-01  -1.408618e-01  -1.332239e-01
    8   2.686256e-02   2.685828e-02   2.685642e-02   2.685374e-02   2.684990e-02   2.684438e-02   2.683646e-02   2.682507e-02   2.680873e-02   2.678524e-02   2.675151e-02   2.670305e-02   2.663341e-02   2.653329e-02   2.638930e-02   2.618207e-02   2.588441e-02   2.545319e-02   2.483216e-02   2.393344e-02   2.263056e-02   2.074180e-02   1.800404e-02   1.405855e-02   8.427320e-03   5.680892e-04  -1.000405e-02  -2.345036e-02  -3.925592e-02  -5.593371e-02  -7.115210e-02  -8.254586e-02  -8.903352e-02  -9.156466e-02  -9.221420e-02  -9.250979e-02  -9.293665e-02  -9.355813e-02  -9.442236e-02  -9.561176e-02  -9.721228e-02  -9.930290e-02  -1.019107e-01  -1.049636e-01  -1.081703e-01  -1.109713e-01  -1.125457e-01  -1.120502e-01  -1.090475e-01  -1.037055e-01  -9.640862e-02
    9   2.480117e-02   2.479754e-02   2.479596e-02   2.479369e-02   2.479044e-02   2.478576e-02   2.477904e-02   2.476940e-02   2.475554e-02   2.473563e-02   2.470704e-02   2.466484e-02   2.460690e-02   2.452200e-02   2.439988e-02   2.422407e-02   2.397075e-02   2.360565e-02   2.307731e-02   2.231204e-02   2.120347e-02   1.959025e-02   1.724991e-02   1.386189e-02   9.011842e-03   2.216037e-03  -6.964456e-03  -1.869547e-02  -3.254320e-02  -4.721429e-02  -6.064133e-02  -7.068369e-02  -7.631725e-02  -7.838855e-02  -7.879158e-02  -7.889228e-02  -7.907847e-02  -7.936340e-02  -7.975934e-02  -8.029615e-02  -8.100322e-02  -8.189397e-02  -8.294740e-02  -8.405720e-02  -8.498576e-02  -8.533697e-02  -8.458548e-02  -8.227497e-02  -7.825313e-02  -7.272072e-02  -6.586459e-02
   10   2.343658e-02   2.343356e-02   2.343225e-02   2.343036e-02   2.342764e-02   2.342375e-02   2.341816e-02   2.341012e-02   2.339858e-02   2.338201e-02   2.335819e-02   2.332397e-02   2.327478e-02   2.320404e-02   2.310145e-02   2.295583e-02   2.274431e-02   2.243873e-02   2.199743e-02   2.135709e-02   2.042552e-02   1.907021e-02   1.709479e-02   1.422438e-02   1.009658e-02   4.283995e-03  -3.610315e-03  -1.375023e-02  -2.577297e-02  -3.856261e-02  -5.030587e-02  -5.908311e-02  -6.395388e-02  -6.564534e-02  -6.586067e-02  -6.580915e-02  -6.580398e-02  -6.582456e-02  -6.584795e-02  -6.586931e-02  -6.587108e-02  -6.581976e-02  -6.564940e-02  -6.524280e-02  -6.441154e-02  -6.289571e-02  -6.042530e-02  -5.683540e-02  -5.219850e-02  -4.671956e-02  -4.042747e-02
   11   2.253177e-02   2.252932e-02   2.252824e-02   2.252670e-02   2.252449e-02   2.252132e-02   2.251676e-02   2.251021e-02   2.250081e-02   2.248730e-02   2.246789e-02   2.244000e-02   2.239988e-02   2.234220e-02   2.225914e-02   2.213946e-02   2.196677e-02   2.171712e-02   2.135534e-02   2.082963e-02   2.006283e-02   1.894250e-02   1.730190e-02   1.490546e-02   1.143945e-02   6.527099e-03  -1.870670e-04  -8.859712e-03  -1.919719e-02  -3.024427e-02  -4.041825e-02  -4.802708e-02  -5.221015e-02  -5.358569e-02  -5.365427e-02  -5.348616e-02  -5.333244e-02  -5.313902e-02  -5.286491e-02  -5.247414e-02  -5.191464e-02  -5.111567e-02  -4.997774e-02  -4.837876e-02  -4.617107e-02  -4.321944e-02  -3.945559e-02  -3.496413e-02  -2.998071e-02  -2.471246e-02  -1.904992e-02
   12   2.194020e-02   2.193825e-02   2.193740e-02   2.193618e-02   2.193443e-02   2.193192e-02   2.192831e-02   2.192312e-02   2.191567e-02   2.190497e-02   2.188958e-02   2.186747e-02   2.183567e-02   2.178990e-02   2.172398e-02   2.162891e-02   2.149156e-02   2.129266e-02   2.100378e-02   2.058257e-02   1.996551e-02   1.906016e-02   1.772458e-02   1.576250e-02   1.289666e-02   8.805811e-03   3.167541e-03  -4.163258e-03  -1.295819e-02  -2.239751e-02  -3.112329e-02  -3.765611e-02  -4.121809e-02  -4.232298e-02  -4.227874e-02  -4.201849e-02  -4.174365e-02  -4.137947e-02  -4.086765e-02  -4.014800e-02  -3.913867e-02  -3.774003e-02  -3.583212e-02  -3.328640e-02  -2.999601e-02  -2.592394e-02  -2.117605e-02  -1.603429e-02  -1.086690e-02  -5.878150e-03  -8.508302e-04
   13   2.156322e-02   2.156174e-02   2.156110e-02   2.156017e-02   2.155883e-02   2.155692e-02   2.155417e-02   2.155022e-02   2.154454e-02   2.153638e-02   2.152466e-02   2.150780e-02   2.148354e-02   2.144861e-02   2.139824e-02   2.132646e-02   2.122059e-02   2.106660e-02   2.084469e-02   2.051816e-02   2.003909e-02   1.932653e-02   1.826957e-02   1.669726e-02   1.437827e-02   1.103058e-02   6.371378e-03   2.573569e-04  -7.126664e-03  -1.509361e-02  -2.248684e-02  -2.802914e-02  -3.102613e-02  -3.189625e-02  -3.176083e-02  -3.142897e-02  -3.105556e-02  -3.055502e-02  -2.985241e-02  -2.886721e-02  -2.749660e-02  -2.561730e-02  -2.309169e-02  -1.978892e-02  -1.563530e-02  -1.067844e-02  -5.161389e-03   4.703788e-04   5.738958e-03   1.044167e-02   1.488130e-02
   14   2.133075e-02   2.132968e-02   2.132922e-02   2.132855e-02   2.132759e-02   2.132622e-02   2.132424e-02   2.132141e-02   2.131733e-02   2.131147e-02   2.130304e-02   2.129092e-02   2.127347e-02   2.124830e-02   2.121196e-02   2.115937e-02   2.108302e-02   2.097172e-02   2.080932e-02   2.056843e-02   2.021005e-02   1.967410e-02   1.886639e-02   1.764599e-02   1.582154e-02   1.314364e-02   9.367537e-03   4.356716e-03  -1.744873e-03  -8.367651e-03  -1.453670e-02  -1.916630e-02  -2.164382e-02  -2.230228e-02  -2.209372e-02  -2.170184e-02  -2.124985e-02  -2.063878e-02  -1.978110e-02  -1.858145e-02  -1.691945e-02  -1.465370e-02  -1.163028e-02  -7.717433e-03  -2.867343e-03   2.803671e-03   8.941264e-03   1.496862e-02   2.031386e-02   2.476980e-02   2.869829e-02
   15   2.119165e-02   2.119096e-02   2.119066e-02   2.119022e-02   2.118960e-02   2.118871e-02   2.118743e-02   2.118559e-02   2.118295e-02   2.117915e-02   2.117367e-02   2.116579e-02   2.115443e-02   2.113841e-02   2.111423e-02   2.107968e-02   2.102923e-02   2.095520e-02   2.084538e-02   2.068089e-02   2.043320e-02   2.005410e-02   1.947010e-02   1.856741e-02   1.718252e-02   1.510772e-02   1.212592e-02   8.110983e-03   3.171924e-03  -2.226754e-03  -7.273848e-03  -1.105912e-02  -1.305411e-02  -1.351777e-02  -1.324300e-02  -1.280501e-02  -1.228895e-02  -1.158899e-02  -1.060610e-02  -9.233110e-03  -7.334848e-03  -4.755344e-03  -1.326340e-03   3.082903e-03   8.504528e-03   1.476514e-02   2.142404e-02   2.780053e-02   3.323644e-02   3.750983e-02   4.101570e-02
   16   2.110846e-02   2.110810e-02   2.110795e-02   2.110772e-02   2.110740e-02   2.110694e-02   2.110628e-02   2.110533e-02   2.110396e-02   2.110198e-02   2.109914e-02   2.109503e-02   2.108909e-02   2.108045e-02   2.106785e-02   2.104934e-02   2.102193e-02   2.098091e-02   2.091871e-02   2.082231e-02   2.067270e-02   2.043329e-02   2.004838e-02   1.942766e-02   1.843646e-02   1.690052e-02   1.463093e-02   1.151330e-02   7.622149e-03   3.337665e-03  -6.802205e-04  -3.681829e-03  -5.223427e-03  -5.502854e-03  -5.170639e-03  -4.692952e-03  -4.124960e-03  -3.352614e-03  -2.268114e-03  -7.539013e-04   1.335489e-03   4.172563e-03   7.933400e-03   1.275373e-02   1.864985e-02   2.541244e-02   3.253096e-02   3.923951e-02   4.480605e-02   4.897130e-02   5.215046e-02
   17   2.105394e-02   2.105388e-02   2.105385e-02   2.105381e-02   2.105376e-02   2.105367e-02   2.105356e-02   2.105339e-02   2.105315e-02   2.105279e-02   2.105227e-02   2.105149e-02   2.105033e-02   2.104857e-02   2.104584e-02   2.104152e-02   2.103447e-02   2.102270e-02   2.100246e-02   2.096683e-02   2.090298e-02   2.078738e-02   2.057933e-02   2.020798e-02   1.956881e-02   1.851134e-02   1.687801e-02   1.456291e-02   1.161888e-02   8.345871e-03   5.273390e-03   3.000734e-03   1.889360e-03   1.786238e-03   2.174352e-03   2.684319e-03   3.295045e-03   4.126244e-03   5.293608e-03   6.922441e-03   9.170311e-03   1.221848e-02   1.625282e-02   2.141600e-02   2.771678e-02   3.491921e-02   4.246141e-02   4.950812e-02   5.525515e-02   5.939380e-02   6.233955e-02
   18   2.100862e-02   2.100881e-02   2.100890e-02   2.100902e-02   2.100920e-02   2.100945e-02   2.100982e-02   2.101034e-02   2.101108e-02   2.101214e-02   2.101366e-02   2.101581e-02   2.101886e-02   2.102313e-02   2.102907e-02   2.103720e-02   2.104804e-02   2.106196e-02   2.107862e-02   2.109565e-02   2.110811e-02   2.110194e-02   2.104913e-02   2.089877e-02   2.056854e-02   1.993699e-02   1.887026e-02   1.727335e-02   1.518200e-02   1.282813e-02   1.062334e-02   9.030286e-03   8.328136e-03   8.399519e-03   8.841825e-03   9.378587e-03   1.002424e-02   1.090392e-02   1.213936e-02   1.386273e-02   1.623983e-02   1.946324e-02   2.372858e-02   2.918330e-02   3.583531e-02   4.343323e-02   5.137941e-02   5.878112e-02   6.476490e-02   6.896106e-02   7.175619e-02
   19   2.095896e-02   2.095938e-02   2.095956e-02   2.095983e-02   2.096021e-02   2.096075e-02   2.096153e-02   2.096265e-02   2.096426e-02   2.096656e-02   2.096985e-02   2.097456e-02   2.098127e-02   2.099082e-02   2.100432e-02   2.102349e-02   2.104977e-02   2.108612e-02   2.113502e-02   2.119871e-02   2.127746e-02   2.136645e-02   2.145027e-02   2.149459e-02   2.143638e-02   2.118129e-02   2.061719e-02   1.966234e-02   1.833651e-02   1.681646e-02   1.540789e-02   1.445186e-02   1.414294e-02   1.438649e-02   1.488260e-02   1.544393e-02   1.611742e-02   1.703656e-02   1.832751e-02   2.012882e-02   2.261399e-02   2.598434e-02   3.044444e-02   3.615158e-02   4.311584e-02   5.107976e-02   5.942102e-02   6.720264e-02   7.348124e-02   7.780928e-02   8.053486e-02
   20   2.089593e-02   2.089655e-02   2.089682e-02   2.089720e-02   2.089776e-02   2.089856e-02   2.089970e-02   2.090134e-02   2.090369e-02   2.090707e-02   2.091190e-02   2.091883e-02   2.092872e-02   2.094283e-02   2.096290e-02   2.099132e-02   2.103152e-02   2.108725e-02   2.116405e-02   2.126799e-02   2.140462e-02   2.157680e-02   2.177930e-02   2.199408e-02   2.217472e-02   2.225094e-02   2.213236e-02   2.174963e-02   2.111157e-02   2.034706e-02   1.967140e-02   1.931154e-02   1.938195e-02   1.979617e-02   2.034647e-02   2.092962e-02   2.162667e-02   2.257831e-02   2.391546e-02   2.578184e-02   2.835743e-02   3.185136e-02   3.647945e-02   4.240740e-02   4.965481e-02   5.796358e-02   6.669935e-02   7.488683e-02   8.151422e-02   8.604534e-02   8.877168e-02
   21   2.081390e-02   2.081469e-02   2.081503e-02   2.081552e-02   2.081623e-02   2.081725e-02   2.081870e-02   2.082079e-02   2.082379e-02   2.082809e-02   2.083425e-02   2.084308e-02   2.085572e-02   2.087376e-02   2.089949e-02   2.093605e-02   2.098775e-02   2.106038e-02   2.116146e-02   2.130021e-02   2.148693e-02   2.173116e-02   2.203691e-02   2.239992e-02   2.279039e-02   2.315724e-02   2.343216e-02   2.355814e-02   2.353787e-02   2.345783e-02   2.345626e-02   2.365553e-02   2.408864e-02   2.467525e-02   2.528121e-02   2.588466e-02   2.660141e-02   2.757946e-02   2.895441e-02   3.087602e-02   3.352737e-02   3.712785e-02   4.190208e-02   4.802818e-02   5.553525e-02   6.417464e-02   7.330608e-02   8.192601e-02   8.895218e-02   9.374957e-02   9.653778e-02
   22   2.070978e-02   2.071071e-02   2.071111e-02   2.071150e-02   2.071238e-02   2.071373e-02   2.071546e-02   2.071793e-02   2.072148e-02   2.072657e-02   2.073388e-02   2.074442e-02   2.075932e-02   2.078075e-02   2.081142e-02   2.085485e-02   2.091659e-02   2.100364e-02   2.112551e-02   2.129418e-02   2.152407e-02   2.183052e-02   2.222704e-02   2.271703e-02   2.329080e-02   2.391340e-02   2.453475e-02   2.511231e-02   2.564428e-02   2.618510e-02   2.680416e-02   2.752725e-02   2.831250e-02   2.906843e-02   2.973161e-02   3.035375e-02   3.108659e-02   3.208846e-02   3.349532e-02   3.546174e-02   3.817885e-02   4.187125e-02   4.677476e-02   5.307984e-02   6.082973e-02   6.978928e-02   7.931998e-02   8.839468e-02   9.586142e-02   1.009801e-01   1.038884e-01
   23   2.058230e-02   2.058335e-02   2.058381e-02   2.058447e-02   2.058542e-02   2.058678e-02   2.058873e-02   2.059153e-02   2.059555e-02   2.060132e-02   2.060959e-02   2.062145e-02   2.063844e-02   2.066274e-02   2.069740e-02   2.074693e-02   2.081722e-02   2.091647e-02   2.105584e-02   2.125042e-02   2.151763e-02   2.187708e-02   2.235035e-02   2.295136e-02   2.368407e-02   2.453068e-02   2.545815e-02   2.643581e-02   2.746341e-02   2.856717e-02   2.975578e-02   3.096963e-02   3.209242e-02   3.301938e-02   3.374003e-02   3.438042e-02   3.512681e-02   3.614752e-02   3.758219e-02   3.958769e-02   4.236080e-02   4.613359e-02   5.115248e-02   5.762079e-02   6.560021e-02   7.487256e-02   8.480641e-02   9.435412e-02   1.022977e-01   1.077838e-01   1.108598e-01
   24   2.043154e-02   2.043270e-02   2.043321e-02   2.043392e-02   2.043497e-02   2.043647e-02   2.043861e-02   2.044169e-02   2.044611e-02   2.045245e-02   2.046155e-02   2.047459e-02   2.049327e-02   2.052001e-02   2.055823e-02   2.061306e-02   2.069021e-02   2.080028e-02   2.095505e-02   2.117097e-02   2.146940e-02   2.187525e-02   2.241489e-02   2.311204e-02   2.398201e-02   2.502315e-02   2.621943e-02   2.755323e-02   2.902458e-02   3.063742e-02   3.234957e-02   3.402336e-02   3.547004e-02   3.656436e-02   3.734563e-02   3.800272e-02   3.876126e-02   3.979841e-02   4.125616e-02   4.329514e-02   4.611735e-02   4.996170e-02   5.508437e-02   6.170465e-02   6.990240e-02   7.947905e-02   8.981661e-02   9.985260e-02   1.083011e-01   1.141948e-01   1.174799e-01
   25   2.025851e-02   2.025976e-02   2.026030e-02   2.026108e-02   2.026220e-02   2.026381e-02   2.026612e-02   2.026943e-02   2.027418e-02   2.028101e-02   2.029079e-02   2.030483e-02   2.032494e-02   2.035374e-02   2.039491e-02   2.045369e-02   2.053736e-02   2.065607e-02   2.082361e-02   2.105813e-02   2.138343e-02   2.182802e-02   2.242434e-02   2.320412e-02   2.419387e-02   2.540494e-02   2.683711e-02   2.848635e-02   3.035374e-02   3.242880e-02   3.462154e-02   3.672498e-02   3.848165e-02   3.974125e-02   4.058342e-02   4.125759e-02   4.202708e-02   4.307734e-02   4.455413e-02   4.662352e-02   4.948878e-02   5.339713e-02   5.861539e-02   6.537644e-02   7.378205e-02   8.365609e-02   9.439762e-02   1.049294e-01   1.139050e-01   1.202392e-01   1.237693e-01
   26   2.006481e-02   2.006613e-02   2.006670e-02   2.006753e-02   2.006871e-02   2.007041e-02   2.007286e-02   2.007637e-02   2.008140e-02   2.008863e-02   2.009900e-02   2.011387e-02   2.013517e-02   2.016569e-02   2.020908e-02   2.027169e-02   2.036051e-02   2.048664e-02   2.066517e-02   2.091504e-02   2.126250e-02   2.174079e-02   2.238548e-02   2.323604e-02   2.432866e-02   2.568767e-02   2.732709e-02   2.925630e-02   3.147948e-02   3.397166e-02   3.660524e-02   3.910923e-02   4.116167e-02   4.258343e-02   4.348638e-02   4.417790e-02   4.495632e-02   4.601820e-02   4.751356e-02   4.960762e-02   5.251086e-02   5.647698e-02   6.178256e-02   6.867648e-02   7.728089e-02   8.744502e-02   9.858547e-02   1.096192e-01   1.191355e-01   1.259337e-01   1.297394e-01
   27   1.985240e-02   1.985379e-02   1.985439e-02   1.985525e-02   1.985649e-02   1.985827e-02   1.986083e-02   1.986450e-02   1.986977e-02   1.987733e-02   1.988818e-02   1.990374e-02   1.992615e-02   1.995800e-02   2.000372e-02   2.006902e-02   2.016195e-02   2.029413e-02   2.048205e-02   2.074458e-02   2.111197e-02   2.161773e-02   2.230382e-02   2.321488e-02   2.439606e-02   2.588435e-02   2.770592e-02   2.988175e-02   3.242297e-02   3.529329e-02   3.833067e-02   4.120840e-02   4.354036e-02   4.512144e-02   4.608541e-02   4.679358e-02   4.757946e-02   4.865205e-02   5.016109e-02   5.227924e-02   5.521685e-02   5.923570e-02   6.462143e-02   7.163960e-02   8.043361e-02   9.087911e-02   1.024141e-01   1.139478e-01   1.240126e-01   1.312930e-01   1.353996e-01
   28   1.962348e-02   1.962492e-02   1.962554e-02   1.962644e-02   1.962772e-02   1.962957e-02   1.963222e-02   1.963602e-02   1.964158e-02   1.964933e-02   1.966058e-02   1.967671e-02   1.969984e-02   1.973305e-02   1.978036e-02   1.984819e-02   1.994475e-02   2.008233e-02   2.027696e-02   2.055128e-02   2.093415e-02   2.146348e-02   2.218451e-02   2.314729e-02   2.440508e-02   2.600486e-02   2.798660e-02   3.038196e-02   3.320754e-02   3.641890e-02   3.982549e-02   4.304993e-02   4.564768e-02   4.738253e-02   4.840696e-02   4.913156e-02   4.992516e-02   5.100659e-02   5.253016e-02   5.466697e-02   5.763543e-02   6.170135e-02   6.716180e-02   7.429691e-02   8.327231e-02   9.398981e-02   1.059097e-01   1.179387e-01   1.285535e-01   1.363267e-01   1.407530e-01
   29   1.938029e-02   1.938177e-02   1.938241e-02   1.938333e-02   1.938465e-02   1.938655e-02   1.938928e-02   1.939320e-02   1.939882e-02   1.940689e-02   1.941843e-02   1.943507e-02   1.945888e-02   1.949299e-02   1.954183e-02   1.961164e-02   1.971118e-02   1.985300e-02   2.005379e-02   2.033735e-02   2.073347e-02   2.128280e-02   2.203287e-02   2.304013e-02   2.436346e-02   2.606087e-02   2.818259e-02   3.077213e-02   3.385196e-02   3.737187e-02   4.111603e-02   4.466090e-02   4.750898e-02   4.939130e-02   5.047601e-02   5.121713e-02   5.201717e-02   5.310665e-02   5.464193e-02   5.679645e-02   5.979234e-02   6.390173e-02   6.943162e-02   7.667586e-02   8.582392e-02   9.680256e-02   1.090960e-01   1.216101e-01   1.327705e-01   1.410432e-01   1.458032e-01
   30   1.912506e-02   1.912657e-02   1.912722e-02   1.912817e-02   1.912952e-02   1.913146e-02   1.913425e-02   1.913826e-02   1.914401e-02   1.915226e-02   1.916411e-02   1.918110e-02   1.920557e-02   1.924037e-02   1.929035e-02   1.936182e-02   1.946358e-02   1.960919e-02   1.981485e-02   2.010578e-02   2.051351e-02   2.107910e-02   2.185433e-02   2.289890e-02   2.427877e-02   2.606010e-02   2.830522e-02   3.106691e-02   3.437388e-02   3.817146e-02   4.222365e-02   4.606495e-02   4.914735e-02   5.117154e-02   5.231513e-02   5.307248e-02   5.387841e-02   5.497509e-02   5.651984e-02   5.869051e-02   6.171157e-02   6.586065e-02   7.145400e-02   7.880120e-02   8.811151e-02   9.933975e-02   1.119934e-01   1.249794e-01   1.366763e-01   1.454467e-01   1.505497e-01
   31   1.885993e-02   1.886146e-02   1.886213e-02   1.886309e-02   1.886447e-02   1.886644e-02   1.886929e-02   1.887336e-02   1.887922e-02   1.888762e-02   1.889968e-02   1.891698e-02   1.894178e-02   1.897734e-02   1.902830e-02   1.910106e-02   1.920505e-02   1.935310e-02   1.956309e-02   1.986000e-02   2.027699e-02   2.085665e-02   2.165198e-02   2.272866e-02   2.415753e-02   2.601232e-02   2.836473e-02   3.127829e-02   3.478857e-02   3.883713e-02   4.316856e-02   4.728250e-02   5.058490e-02   5.274364e-02   5.394466e-02   5.471778e-02   5.552889e-02   5.663125e-02   5.818569e-02   6.037042e-02   6.341375e-02   6.759864e-02   7.325069e-02   8.069345e-02   9.015641e-02   1.016219e-01   1.146192e-01   1.280596e-01   1.402784e-01   1.495407e-01   1.549922e-01
   32   1.858691e-02   1.858846e-02   1.858914e-02   1.859012e-02   1.859151e-02   1.859352e-02   1.859640e-02   1.860054e-02   1.860647e-02   1.861500e-02   1.862723e-02   1.864477e-02   1.866993e-02   1.870600e-02   1.875765e-02   1.883171e-02   1.893700e-02   1.908743e-02   1.930102e-02   1.960295e-02   2.002706e-02   2.061811e-02   2.143119e-02   2.253491e-02   2.400555e-02   2.592327e-02   2.836998e-02   3.141874e-02   3.511026e-02   3.938422e-02   4.397011e-02   4.833401e-02   5.184029e-02   5.412602e-02   5.538294e-02   5.617097e-02   5.698679e-02   5.809469e-02   5.965701e-02   6.185405e-02   6.491740e-02   6.913555e-02   7.484124e-02   8.237166e-02   9.197745e-02   1.036653e-01   1.169890e-01   1.308629e-01   1.435859e-01   1.533292e-01   1.591293e-01
   33   1.830788e-02   1.830945e-02   1.831013e-02   1.831112e-02   1.831253e-02   1.831456e-02   1.831747e-02   1.832165e-02   1.832766e-02   1.833627e-02   1.834863e-02   1.836639e-02   1.839175e-02   1.842846e-02   1.848053e-02   1.855511e-02   1.866220e-02   1.881447e-02   1.903046e-02   1.933633e-02   1.976657e-02   2.036642e-02   2.119464e-02   2.232141e-02   2.382707e-02   2.579994e-02   2.833021e-02   3.149792e-02   3.535092e-02   3.982752e-02   4.464307e-02   4.923570e-02   5.293072e-02   5.533701e-02   5.664616e-02   5.744928e-02   5.826898e-02   5.938145e-02   6.095067e-02   6.315854e-02   6.623974e-02   7.048645e-02   7.624083e-02   8.385249e-02   9.359050e-02   1.054859e-01   1.191163e-01   1.334015e-01   1.466053e-01   1.568144e-01   1.629589e-01
   34   1.802453e-02   1.802611e-02   1.802681e-02   1.802780e-02   1.802922e-02   1.803127e-02   1.803421e-02   1.803842e-02   1.804447e-02   1.805316e-02   1.806563e-02   1.808361e-02   1.810918e-02   1.814596e-02   1.819843e-02   1.827406e-02   1.838183e-02   1.853542e-02   1.875407e-02   1.906286e-02   1.949847e-02   2.010582e-02   2.094609e-02   2.209189e-02   2.362795e-02   2.564860e-02   2.825092e-02   3.152434e-02   3.552113e-02   4.017877e-02   4.520283e-02   5.000266e-02   5.387178e-02   5.639005e-02   5.774988e-02   5.856719e-02   5.939067e-02   6.050669e-02   6.208178e-02   6.429897e-02   6.739576e-02   7.166827e-02   7.746609e-02   8.515083e-02   9.500973e-02   1.070976e-01   1.210134e-01   1.356840e-01   1.493428e-01   1.599993e-01   1.664793e-01
   35   1.773840e-02   1.774000e-02   1.774069e-02   1.774169e-02   1.774313e-02   1.774518e-02   1.774814e-02   1.775238e-02   1.775847e-02   1.776721e-02   1.777974e-02   1.779780e-02   1.782359e-02   1.786056e-02   1.791364e-02   1.798954e-02   1.809831e-02   1.825293e-02   1.847302e-02   1.878461e-02   1.922359e-02   1.983813e-02   2.068752e-02   2.184966e-02   2.341160e-02   2.547310e-02   2.813883e-02   3.150528e-02   3.563005e-02   4.045063e-02   4.566045e-02   5.064948e-02   5.467793e-02   5.730000e-02   5.870735e-02   5.953777e-02   6.036462e-02   6.148378e-02   6.306344e-02   6.528859e-02   6.839827e-02   7.269344e-02   7.852980e-02   8.628052e-02   9.624900e-02   1.085124e-01   1.226912e-01   1.377200e-01   1.518053e-01   1.628843e-01   1.696889e-01
   36   1.745087e-02   1.745247e-02   1.745317e-02   1.745417e-02   1.745561e-02   1.745768e-02   1.746051e-02   1.746491e-02   1.747102e-02   1.747978e-02   1.749241e-02   1.751049e-02   1.753642e-02   1.757372e-02   1.762691e-02   1.770326e-02   1.781231e-02   1.796781e-02   1.818928e-02   1.850280e-02   1.894503e-02   1.956414e-02   2.042226e-02   2.159730e-02   2.318145e-02   2.527853e-02   2.799945e-02   3.144752e-02   3.568623e-02   4.065120e-02   4.602862e-02   5.118754e-02   5.536094e-02   5.807959e-02   5.953058e-02   6.037379e-02   6.120327e-02   6.232489e-02   6.390815e-02   6.613979e-02   6.926016e-02   7.357432e-02   7.944403e-02   8.725239e-02   9.731913e-02   1.097411e-01   1.241594e-01   1.395172e-01   1.539979e-01   1.654740e-01   1.725875e-01
   37   1.716312e-02   1.716473e-02   1.716543e-02   1.716644e-02   1.716788e-02   1.716995e-02   1.717293e-02   1.717721e-02   1.718334e-02   1.719215e-02   1.720479e-02   1.722293e-02   1.724888e-02   1.728626e-02   1.733972e-02   1.741628e-02   1.752543e-02   1.768185e-02   1.790399e-02   1.821916e-02   1.866369e-02   1.928701e-02   2.015135e-02   2.133749e-02   2.294010e-02   2.506811e-02   2.783691e-02   3.135739e-02   3.569581e-02   4.078983e-02   4.631613e-02   5.162833e-02   5.593299e-02   5.873909e-02   6.023135e-02   6.108616e-02   6.191774e-02   6.304053e-02   6.462694e-02   6.686347e-02   6.999263e-02   7.432240e-02   8.021995e-02   8.807847e-02   9.823089e-02   1.107940e-01   1.254282e-01   1.410839e-01   1.559267e-01   1.677701e-01   1.751746e-01
   38   1.687624e-02   1.687785e-02   1.687855e-02   1.687956e-02   1.688100e-02   1.688308e-02   1.688606e-02   1.689034e-02   1.689649e-02   1.690531e-02   1.691798e-02   1.693615e-02   1.696222e-02   1.699964e-02   1.705300e-02   1.712987e-02   1.723961e-02   1.739606e-02   1.761889e-02   1.793511e-02   1.838178e-02   1.900732e-02   1.987736e-02   2.107230e-02   2.269110e-02   2.484473e-02   2.765551e-02   3.123888e-02   3.566598e-02   4.087351e-02   4.653233e-02   5.198114e-02   5.640360e-02   5.928981e-02   6.081921e-02   6.168417e-02   6.251745e-02   6.364128e-02   6.522976e-02   6.746931e-02   7.060501e-02   7.494662e-02   8.086720e-02   8.876754e-02   9.899412e-02   1.116803e-01   1.265052e-01   1.424278e-01   1.575977e-01   1.697770e-01   1.774504e-01
   39   1.659112e-02   1.659273e-02   1.659343e-02   1.659444e-02   1.659589e-02   1.659797e-02   1.660095e-02   1.660524e-02   1.661139e-02   1.662022e-02   1.663289e-02   1.665108e-02   1.667708e-02   1.671459e-02   1.676821e-02   1.684500e-02   1.695487e-02   1.711174e-02   1.733480e-02   1.765146e-02   1.809905e-02   1.872772e-02   1.960151e-02   2.080409e-02   2.243527e-02   2.461157e-02   2.745848e-02   3.109685e-02   3.560128e-02   4.090920e-02   4.668510e-02   5.225463e-02   5.678216e-02   5.973985e-02   6.130354e-02   6.217777e-02   6.301220e-02   6.413615e-02   6.572528e-02   6.796653e-02   7.110609e-02   7.545653e-02   8.139443e-02   8.932885e-02   9.961707e-02   1.124085e-01   1.273988e-01   1.435559e-01   1.590162e-01   1.714977e-01   1.794165e-01
   40   1.630856e-02   1.631017e-02   1.631087e-02   1.631188e-02   1.631332e-02   1.631540e-02   1.631839e-02   1.632267e-02   1.632882e-02   1.633766e-02   1.635033e-02   1.636852e-02   1.639461e-02   1.643209e-02   1.648566e-02   1.656246e-02   1.667225e-02   1.682914e-02   1.705242e-02   1.736998e-02   1.781827e-02   1.844801e-02   1.932528e-02   2.053350e-02   2.217543e-02   2.437037e-02   2.724825e-02   3.093466e-02   3.550641e-02   4.090227e-02   4.678044e-02   5.245585e-02   5.707710e-02   6.009877e-02   6.169236e-02   6.257471e-02   6.340963e-02   6.453314e-02   6.612161e-02   6.836320e-02   7.150457e-02   7.586022e-02   8.181046e-02   8.977027e-02   1.001080e-01   1.129867e-01   1.281168e-01   1.444757e-01   1.601897e-01   1.729377e-01   1.810764e-01
   41   1.602922e-02   1.603083e-02   1.603153e-02   1.603254e-02   1.603399e-02   1.603606e-02   1.603905e-02   1.604333e-02   1.604947e-02   1.605830e-02   1.607095e-02   1.608915e-02   1.611522e-02   1.615261e-02   1.620621e-02   1.628297e-02   1.639291e-02   1.654976e-02   1.677313e-02   1.709035e-02   1.753924e-02   1.817024e-02   1.904915e-02   2.026201e-02   2.191284e-02   2.412377e-02   2.702812e-02   3.075555e-02   3.538620e-02   4.085727e-02   4.682502e-02   5.259305e-02   5.729509e-02   6.037286e-02   6.199355e-02   6.288264e-02   6.371721e-02   6.483957e-02   6.642686e-02   6.866710e-02   7.180774e-02   7.616504e-02   8.212225e-02   9.009935e-02   1.004739e-01   1.134216e-01   1.286667e-01   1.451947e-01   1.611239e-01   1.741023e-01   1.824335e-01
   42   1.575368e-02   1.575529e-02   1.575599e-02   1.575699e-02   1.575844e-02   1.576051e-02   1.576349e-02   1.576777e-02   1.577390e-02   1.578272e-02   1.579536e-02   1.581352e-02   1.583956e-02   1.587687e-02   1.593037e-02   1.600713e-02   1.611679e-02   1.627358e-02   1.649695e-02   1.681421e-02   1.726300e-02   1.789432e-02   1.877516e-02   1.999116e-02   2.164893e-02   2.387227e-02   2.679947e-02   3.056175e-02   3.524289e-02   4.077925e-02   4.682386e-02   5.267116e-02   5.744381e-02   6.056980e-02   6.221359e-02   6.310843e-02   6.394228e-02   6.506270e-02   6.664726e-02   6.888474e-02   7.202217e-02   7.637783e-02   8.233597e-02   9.032249e-02   1.007224e-01   1.137209e-01   1.290551e-01   1.457190e-01   1.618263e-01   1.749967e-01   1.834921e-01
   43   1.548240e-02   1.548400e-02   1.548470e-02   1.548571e-02   1.548715e-02   1.548922e-02   1.549219e-02   1.549646e-02   1.550258e-02   1.551138e-02   1.552401e-02   1.554212e-02   1.556813e-02   1.560548e-02   1.565898e-02   1.573551e-02   1.584491e-02   1.600150e-02   1.622439e-02   1.654146e-02   1.698999e-02   1.762148e-02   1.850303e-02   1.972163e-02   2.138442e-02   2.361896e-02   2.656381e-02   3.035634e-02   3.508013e-02   4.067213e-02   4.678148e-02   5.269633e-02   5.752849e-02   6.069564e-02   6.235899e-02   6.325809e-02   6.409045e-02   6.520821e-02   6.678949e-02   6.902198e-02   7.215434e-02   7.650427e-02   8.245903e-02   9.044683e-02   1.008593e-01   1.138905e-01   1.292896e-01   1.460567e-01   1.623035e-01   1.756289e-01   1.842582e-01
   44   1.521576e-02   1.521737e-02   1.521806e-02   1.521916e-02   1.522050e-02   1.522257e-02   1.522553e-02   1.522979e-02   1.523590e-02   1.524468e-02   1.525728e-02   1.527535e-02   1.530129e-02   1.533840e-02   1.539179e-02   1.546823e-02   1.557769e-02   1.573367e-02   1.595634e-02   1.627334e-02   1.672115e-02   1.735215e-02   1.823359e-02   1.945384e-02   2.112048e-02   2.336311e-02   2.632391e-02   3.014060e-02   3.490015e-02   4.053875e-02   4.670209e-02   5.267301e-02   5.755473e-02   6.075662e-02   6.243514e-02   6.333708e-02   6.416774e-02   6.528229e-02   6.685876e-02   6.908524e-02   7.221020e-02   7.655110e-02   8.249675e-02   9.047757e-02   1.008903e-01   1.139375e-01   1.293761e-01   1.462146e-01   1.625628e-01   1.760055e-01   1.847389e-01
   45   1.495409e-02   1.495569e-02   1.495638e-02   1.495738e-02   1.495881e-02   1.496087e-02   1.496383e-02   1.496808e-02   1.497417e-02   1.498293e-02   1.499549e-02   1.501352e-02   1.503938e-02   1.507648e-02   1.512963e-02   1.520571e-02   1.531487e-02   1.547059e-02   1.569284e-02   1.600891e-02   1.645640e-02   1.708683e-02   1.796810e-02   1.918874e-02   2.085820e-02   2.310663e-02   2.607950e-02   2.991663e-02   3.470547e-02   4.038206e-02   4.658953e-02   5.260609e-02   5.752745e-02   6.075689e-02   6.244813e-02   6.335170e-02   6.417947e-02   6.528959e-02   6.686042e-02   6.907975e-02   7.219413e-02   7.652291e-02   8.245379e-02   9.042058e-02   1.008222e-01   1.138676e-01   1.293218e-01   1.461998e-01   1.626126e-01   1.761352e-01   1.849426e-01
   46   1.469762e-02   1.469921e-02   1.469990e-02   1.470090e-02   1.470233e-02   1.470438e-02   1.470733e-02   1.471152e-02   1.471764e-02   1.472632e-02   1.473889e-02   1.475686e-02   1.478265e-02   1.481964e-02   1.487267e-02   1.494861e-02   1.505744e-02   1.521272e-02   1.543454e-02   1.574961e-02   1.619639e-02   1.682579e-02   1.770637e-02   1.892653e-02   2.059760e-02   2.285035e-02   2.583271e-02   2.968547e-02   3.449794e-02   4.020488e-02   4.644712e-02   5.249892e-02   5.745161e-02   6.070182e-02   6.240204e-02   6.330562e-02   6.413050e-02   6.523590e-02   6.679974e-02   6.900974e-02   7.211203e-02   7.642469e-02   8.233619e-02   9.028060e-02   1.006596e-01   1.136869e-01   1.291328e-01   1.460198e-01   1.624604e-01   1.760256e-01   1.848771e-01
   47   1.444654e-02   1.444813e-02   1.444882e-02   1.444981e-02   1.445123e-02   1.445328e-02   1.445622e-02   1.446044e-02   1.446650e-02   1.447519e-02   1.448767e-02   1.450559e-02   1.453129e-02   1.456828e-02   1.462107e-02   1.469676e-02   1.480498e-02   1.496007e-02   1.518093e-02   1.549549e-02   1.594098e-02   1.656936e-02   1.744868e-02   1.866824e-02   2.033948e-02   2.259501e-02   2.558389e-02   2.944870e-02   3.427907e-02   4.000924e-02   4.627743e-02   5.235571e-02   5.733051e-02   6.059566e-02   6.230145e-02   6.320416e-02   6.402462e-02   6.512438e-02   6.668118e-02   6.888004e-02   7.196789e-02   7.626135e-02   8.214858e-02   9.006303e-02   1.004084e-01   1.134009e-01   1.288162e-01   1.456818e-01   1.621150e-01   1.756873e-01   1.845535e-01
   48   1.420099e-02   1.420257e-02   1.420326e-02   1.420425e-02   1.420567e-02   1.420771e-02   1.421064e-02   1.421484e-02   1.422087e-02   1.422954e-02   1.424197e-02   1.425982e-02   1.428543e-02   1.432217e-02   1.437484e-02   1.445031e-02   1.455848e-02   1.471264e-02   1.493310e-02   1.524642e-02   1.569091e-02   1.631752e-02   1.719523e-02   1.841349e-02   2.008415e-02   2.234083e-02   2.533393e-02   2.920741e-02   3.405087e-02   3.979714e-02   4.608334e-02   5.217897e-02   5.716816e-02   6.044209e-02   6.215011e-02   6.305079e-02   6.386675e-02   6.496024e-02   6.650802e-02   6.869473e-02   7.176618e-02   7.603708e-02   8.189464e-02   8.977220e-02   1.000726e-01   1.130149e-01   1.283776e-01   1.451933e-01   1.615851e-01   1.751292e-01   1.839808e-01
   49   1.396107e-02   1.396264e-02   1.396333e-02   1.396431e-02   1.396573e-02   1.396776e-02   1.397067e-02   1.397486e-02   1.398088e-02   1.398950e-02   1.400189e-02   1.401967e-02   1.404518e-02   1.408178e-02   1.413430e-02   1.420931e-02   1.431720e-02   1.447081e-02   1.469039e-02   1.500304e-02   1.544586e-02   1.607096e-02   1.694670e-02   1.816286e-02   1.983172e-02   2.208869e-02   2.508354e-02   2.896224e-02   3.381392e-02   3.957050e-02   4.586709e-02   5.197174e-02   5.696779e-02   6.024528e-02   6.195247e-02   6.284969e-02   6.366067e-02   6.474711e-02   6.628521e-02   6.845831e-02   7.151081e-02   7.575601e-02   8.157954e-02   8.941268e-02   9.965806e-02   1.125345e-01   1.278235e-01   1.445614e-01   1.608795e-01   1.743617e-01   1.831719e-01
   50   1.372682e-02   1.372839e-02   1.372907e-02   1.373006e-02   1.373146e-02   1.373349e-02   1.373639e-02   1.374056e-02   1.374655e-02   1.375518e-02   1.376748e-02   1.378519e-02   1.381062e-02   1.384709e-02   1.389930e-02   1.397417e-02   1.408137e-02   1.423469e-02   1.445346e-02   1.476472e-02   1.520626e-02   1.582937e-02   1.670282e-02   1.791643e-02   1.958303e-02   2.183811e-02   2.483320e-02   2.871397e-02   3.356962e-02   3.933084e-02   4.563076e-02   5.173717e-02   5.673284e-02   6.000810e-02   6.171207e-02   6.260417e-02   6.340968e-02   6.448849e-02   6.601550e-02   6.817358e-02   7.120507e-02   7.542126e-02   8.120628e-02   8.898851e-02   9.916866e-02   1.119650e-01   1.271600e-01   1.437942e-01   1.600069e-01   1.733958e-01   1.821378e-01
   51   1.349829e-02   1.349985e-02   1.350053e-02   1.350150e-02   1.350291e-02   1.350492e-02   1.350781e-02   1.351196e-02   1.351792e-02   1.352648e-02   1.353876e-02   1.355643e-02   1.358169e-02   1.361802e-02   1.366994e-02   1.374455e-02   1.385124e-02   1.400396e-02   1.422174e-02   1.453196e-02   1.497196e-02   1.559294e-02   1.646380e-02   1.767462e-02   1.933791e-02   2.159015e-02   2.458328e-02   2.846336e-02   3.331910e-02   3.907954e-02   4.537648e-02   5.147700e-02   5.646590e-02   5.973403e-02   6.143161e-02   6.231796e-02   6.311691e-02   6.418733e-02   6.570266e-02   6.784430e-02   7.085276e-02   7.503760e-02   8.077909e-02   8.850396e-02   9.860928e-02   1.113116e-01   1.263933e-01   1.428986e-01   1.589765e-01   1.722420e-01   1.808909e-01
   52   1.327545e-02   1.327700e-02   1.327768e-02   1.327865e-02   1.328005e-02   1.328205e-02   1.328493e-02   1.328906e-02   1.329500e-02   1.330352e-02   1.331574e-02   1.333316e-02   1.335848e-02   1.339464e-02   1.344647e-02   1.352054e-02   1.362696e-02   1.377878e-02   1.399578e-02   1.430464e-02   1.474285e-02   1.536154e-02   1.622980e-02   1.743679e-02   1.909643e-02   2.134475e-02   2.433438e-02   2.821085e-02   3.306288e-02   3.881748e-02   4.510530e-02   5.119370e-02   5.616920e-02   5.942579e-02   6.111411e-02   6.199366e-02   6.278578e-02   6.384730e-02   6.534995e-02   6.747391e-02   7.045711e-02   7.460742e-02   8.030169e-02   8.796246e-02   9.798420e-02   1.105795e-01   1.255297e-01   1.418825e-01   1.577978e-01   1.709114e-01   1.794444e-01
   53   1.305829e-02   1.305983e-02   1.306051e-02   1.306148e-02   1.306286e-02   1.306486e-02   1.306772e-02   1.307184e-02   1.307774e-02   1.308622e-02   1.309839e-02   1.311586e-02   1.314087e-02   1.317680e-02   1.322834e-02   1.330231e-02   1.340819e-02   1.355942e-02   1.377545e-02   1.408293e-02   1.451930e-02   1.513574e-02   1.600073e-02   1.720388e-02   1.885895e-02   2.110235e-02   2.408630e-02   2.795726e-02   3.280195e-02   3.854607e-02   4.481930e-02   5.088935e-02   5.584559e-02   5.908581e-02   6.076272e-02   6.163445e-02   6.241914e-02   6.347118e-02   6.496026e-02   6.706494e-02   7.002164e-02   7.413436e-02   7.977693e-02   8.736806e-02   9.729722e-02   1.097731e-01   1.245749e-01   1.407531e-01   1.564804e-01   1.694159e-01   1.778115e-01
   54   1.284675e-02   1.284829e-02   1.284896e-02   1.284992e-02   1.285131e-02   1.285329e-02   1.285614e-02   1.286027e-02   1.286611e-02   1.287452e-02   1.288665e-02   1.290402e-02   1.292898e-02   1.296461e-02   1.301607e-02   1.308957e-02   1.319481e-02   1.334537e-02   1.356045e-02   1.386643e-02   1.430099e-02   1.491469e-02   1.577629e-02   1.697533e-02   1.862524e-02   2.086248e-02   2.383979e-02   2.770266e-02   3.253696e-02   3.826644e-02   4.451960e-02   5.056539e-02   5.549715e-02   5.871694e-02   6.038013e-02   6.124266e-02   6.201948e-02   6.306133e-02   6.453612e-02   6.662046e-02   6.954858e-02   7.362125e-02   7.920889e-02   8.672437e-02   9.655281e-02   1.088976e-01   1.235349e-01   1.395182e-01   1.550326e-01   1.677664e-01   1.760053e-01
   55   1.264078e-02   1.264231e-02   1.264298e-02   1.264394e-02   1.264531e-02   1.264729e-02   1.265012e-02   1.265419e-02   1.266004e-02   1.266843e-02   1.268048e-02   1.269777e-02   1.272263e-02   1.275814e-02   1.280920e-02   1.288230e-02   1.298703e-02   1.313693e-02   1.335074e-02   1.365549e-02   1.408798e-02   1.469917e-02   1.555693e-02   1.675128e-02   1.839543e-02   2.062580e-02   2.359494e-02   2.744761e-02   3.226815e-02   3.797908e-02   4.420762e-02   5.022389e-02   5.512573e-02   5.832126e-02   5.996837e-02   6.082123e-02   6.158969e-02   6.262067e-02   6.408034e-02   6.614335e-02   6.904083e-02   7.307124e-02   7.859982e-02   8.603476e-02   9.575489e-02   1.079574e-01   1.224154e-01   1.381848e-01   1.534649e-01   1.659742e-01   1.740392e-01
   56   1.244029e-02   1.244181e-02   1.244248e-02   1.244343e-02   1.244480e-02   1.244676e-02   1.244958e-02   1.245363e-02   1.245945e-02   1.246779e-02   1.247978e-02   1.249698e-02   1.252166e-02   1.255709e-02   1.260791e-02   1.268056e-02   1.278479e-02   1.293383e-02   1.314656e-02   1.344972e-02   1.388011e-02   1.448833e-02   1.534260e-02   1.653191e-02   1.816956e-02   2.039239e-02   2.335175e-02   2.719219e-02   3.199647e-02   3.768517e-02   4.388413e-02   4.986587e-02   5.473354e-02   5.790099e-02   5.952999e-02   6.037220e-02   6.113162e-02   6.215150e-02   6.359517e-02   6.563572e-02   6.850131e-02   7.248684e-02   7.795289e-02   8.530258e-02   9.490711e-02   1.069573e-01   1.212225e-01   1.367600e-01   1.517862e-01   1.640519e-01   1.719267e-01
   57   1.224520e-02   1.224671e-02   1.224737e-02   1.224832e-02   1.224968e-02   1.225163e-02   1.225444e-02   1.225847e-02   1.226420e-02   1.227255e-02   1.228447e-02   1.230157e-02   1.232611e-02   1.236133e-02   1.241180e-02   1.248412e-02   1.258788e-02   1.273598e-02   1.294774e-02   1.324918e-02   1.367746e-02   1.428279e-02   1.513284e-02   1.631696e-02   1.794788e-02   2.016200e-02   2.311043e-02   2.693690e-02   3.172233e-02   3.738503e-02   4.355069e-02   4.949327e-02   5.432186e-02   5.745822e-02   5.906717e-02   5.989785e-02   6.064820e-02   6.165625e-02   6.308331e-02   6.510008e-02   6.793225e-02   7.187106e-02   7.727164e-02   8.453094e-02   9.401286e-02   1.059020e-01   1.199615e-01   1.352518e-01   1.500055e-01   1.620096e-01   1.696811e-01
   58   1.205540e-02   1.205690e-02   1.205756e-02   1.205850e-02   1.205986e-02   1.206180e-02   1.206459e-02   1.206859e-02   1.207434e-02   1.208260e-02   1.209444e-02   1.211149e-02   1.213587e-02   1.217086e-02   1.222114e-02   1.229308e-02   1.239612e-02   1.254359e-02   1.275394e-02   1.305389e-02   1.347982e-02   1.408190e-02   1.492789e-02   1.610625e-02   1.773013e-02   1.993476e-02   2.287117e-02   2.668189e-02   3.144596e-02   3.707981e-02   4.320780e-02   4.910701e-02   5.389268e-02   5.699455e-02   5.858182e-02   5.940041e-02   6.014103e-02   6.113681e-02   6.254659e-02   6.453885e-02   6.733624e-02   7.122587e-02   7.655795e-02   8.372260e-02   9.307649e-02   1.047956e-01   1.186378e-01   1.336664e-01   1.481313e-01   1.598588e-01   1.673159e-01
   59   1.187079e-02   1.187228e-02   1.187294e-02   1.187387e-02   1.187522e-02   1.187715e-02   1.187992e-02   1.188390e-02   1.188963e-02   1.189782e-02   1.190960e-02   1.192655e-02   1.195077e-02   1.198563e-02   1.203550e-02   1.210700e-02   1.220942e-02   1.235611e-02   1.256538e-02   1.286368e-02   1.328726e-02   1.388613e-02   1.472758e-02   1.590024e-02   1.751627e-02   1.971070e-02   2.263396e-02   2.642726e-02   3.116774e-02   3.676961e-02   4.285655e-02   4.870821e-02   5.344734e-02   5.651203e-02   5.807580e-02   5.888145e-02   5.961213e-02   6.059539e-02   6.198720e-02   6.395393e-02   6.671542e-02   7.055392e-02   7.581499e-02   8.288089e-02   9.210081e-02   1.036421e-01   1.172570e-01   1.320111e-01   1.461736e-01   1.576107e-01   1.648430e-01
   60   1.169125e-02   1.169274e-02   1.169338e-02   1.169432e-02   1.169565e-02   1.169757e-02   1.170033e-02   1.170429e-02   1.170997e-02   1.171812e-02   1.172982e-02   1.174664e-02   1.177078e-02   1.180532e-02   1.185496e-02   1.192596e-02   1.202789e-02   1.217374e-02   1.238179e-02   1.267822e-02   1.309941e-02   1.369499e-02   1.453188e-02   1.569816e-02   1.730598e-02   1.948984e-02   2.239904e-02   2.617331e-02   3.088791e-02   3.645517e-02   4.249781e-02   4.829828e-02   5.298703e-02   5.601198e-02   5.755110e-02   5.834343e-02   5.906383e-02   6.003391e-02   6.140718e-02   6.334773e-02   6.607164e-02   6.985762e-02   7.504468e-02   8.200893e-02   9.108962e-02   1.024462e-01   1.158243e-01   1.302922e-01   1.441396e-01   1.552759e-01   1.622760e-01
   61   1.151667e-02   1.151815e-02   1.151879e-02   1.151972e-02   1.152105e-02   1.152296e-02   1.152569e-02   1.152963e-02   1.153527e-02   1.154338e-02   1.155502e-02   1.157169e-02   1.159565e-02   1.163010e-02   1.167928e-02   1.175012e-02   1.185127e-02   1.199613e-02   1.220293e-02   1.249768e-02   1.291624e-02   1.350842e-02   1.434053e-02   1.550055e-02   1.709964e-02   1.927209e-02   2.216611e-02   2.592003e-02   3.060720e-02   3.613708e-02   4.213200e-02   4.787810e-02   5.251359e-02   5.549621e-02   5.700940e-02   5.778763e-02   5.849726e-02   5.945395e-02   6.080830e-02   6.272173e-02   6.540729e-02   6.913907e-02   7.424988e-02   8.110887e-02   9.004588e-02   1.012112e-01   1.143447e-01   1.285168e-01   1.420388e-01   1.528646e-01   1.596265e-01
   62   1.134693e-02   1.134840e-02   1.134904e-02   1.134999e-02   1.135128e-02   1.135317e-02   1.135589e-02   1.135980e-02   1.136541e-02   1.137347e-02   1.138503e-02   1.140162e-02   1.142545e-02   1.145954e-02   1.150864e-02   1.157893e-02   1.167943e-02   1.182328e-02   1.202891e-02   1.232181e-02   1.273789e-02   1.332633e-02   1.415362e-02   1.530694e-02   1.689719e-02   1.905754e-02   2.193549e-02   2.566764e-02   3.032526e-02   3.581549e-02   4.176028e-02   4.744888e-02   5.202785e-02   5.496586e-02   5.645200e-02   5.721590e-02   5.791459e-02   5.885757e-02   6.019221e-02   6.207787e-02   6.472418e-02   6.839981e-02   7.343322e-02   8.018350e-02   8.897296e-02   9.994154e-02   1.128230e-01   1.266912e-01   1.398788e-01   1.503870e-01   1.569067e-01
   63   1.118190e-02   1.118336e-02   1.118399e-02   1.118491e-02   1.118622e-02   1.118810e-02   1.119081e-02   1.119469e-02   1.120026e-02   1.120826e-02   1.121975e-02   1.123624e-02   1.125990e-02   1.129383e-02   1.134254e-02   1.141237e-02   1.151233e-02   1.165516e-02   1.185942e-02   1.215053e-02   1.256393e-02   1.314894e-02   1.397097e-02   1.511741e-02   1.669828e-02   1.884618e-02   2.170720e-02   2.541653e-02   3.004275e-02   3.549126e-02   4.138265e-02   4.701071e-02   5.153105e-02   5.442279e-02   5.588068e-02   5.662973e-02   5.731720e-02   5.824605e-02   5.956097e-02   6.141823e-02   6.402376e-02   6.764281e-02   7.259598e-02   7.923563e-02   8.787358e-02   9.864058e-02   1.112639e-01   1.248208e-01   1.376674e-01   1.478526e-01   1.541267e-01
   64   1.102146e-02   1.102291e-02   1.102354e-02   1.102445e-02   1.102575e-02   1.102762e-02   1.103030e-02   1.103413e-02   1.103970e-02   1.104765e-02   1.105905e-02   1.107543e-02   1.109894e-02   1.113265e-02   1.118102e-02   1.125040e-02   1.134948e-02   1.149162e-02   1.169455e-02   1.198368e-02   1.239444e-02   1.297567e-02   1.379267e-02   1.493184e-02   1.650304e-02   1.863757e-02   2.148112e-02   2.516634e-02   2.975987e-02   3.516437e-02   4.100044e-02   4.656522e-02   5.102435e-02   5.386811e-02   5.529671e-02   5.603061e-02   5.670660e-02   5.762123e-02   5.891578e-02   6.074385e-02   6.330875e-02   6.686956e-02   7.174119e-02   7.826740e-02   8.675084e-02   9.731236e-02   1.096722e-01   1.229124e-01   1.354119e-01   1.452703e-01   1.512985e-01
   65   1.086548e-02   1.086692e-02   1.086755e-02   1.086845e-02   1.086974e-02   1.087159e-02   1.087427e-02   1.087810e-02   1.088359e-02   1.089149e-02   1.090282e-02   1.091908e-02   1.094245e-02   1.097592e-02   1.102407e-02   1.109278e-02   1.119142e-02   1.133251e-02   1.153398e-02   1.182116e-02   1.222935e-02   1.280657e-02   1.361811e-02   1.475021e-02   1.631128e-02   1.843233e-02   2.125726e-02   2.491752e-02   2.947654e-02   3.483530e-02   4.061369e-02   4.611310e-02   5.050870e-02   5.330257e-02   5.470132e-02   5.541989e-02   5.608435e-02   5.698432e-02   5.825819e-02   6.005684e-02   6.257960e-02   6.608138e-02   7.087008e-02   7.728109e-02   8.560738e-02   9.595987e-02   1.080522e-01   1.209708e-01   1.331202e-01   1.426496e-01   1.484313e-01
   66   1.071384e-02   1.071527e-02   1.071589e-02   1.071678e-02   1.071807e-02   1.071991e-02   1.072256e-02   1.072637e-02   1.073183e-02   1.073966e-02   1.075101e-02   1.076697e-02   1.079022e-02   1.082361e-02   1.087124e-02   1.093958e-02   1.103747e-02   1.117770e-02   1.137772e-02   1.166291e-02   1.206812e-02   1.264147e-02   1.344767e-02   1.457209e-02   1.612287e-02   1.822999e-02   2.103577e-02   2.466974e-02   2.919341e-02   3.450437e-02   4.022324e-02   4.565509e-02   4.998491e-02   5.272787e-02   5.409599e-02   5.479861e-02   5.545189e-02   5.633704e-02   5.758972e-02   5.935847e-02   6.183879e-02   6.528058e-02   6.998482e-02   7.627931e-02   8.444619e-02   9.458641e-02   1.064082e-01   1.190020e-01   1.307984e-01   1.399983e-01   1.455350e-01
   67   1.056641e-02   1.056783e-02   1.056845e-02   1.056934e-02   1.057061e-02   1.057244e-02   1.057507e-02   1.057885e-02   1.058427e-02   1.059205e-02   1.060322e-02   1.061926e-02   1.064215e-02   1.067529e-02   1.072263e-02   1.079053e-02   1.088774e-02   1.102682e-02   1.122550e-02   1.150872e-02   1.191112e-02   1.248053e-02   1.328120e-02   1.439790e-02   1.593803e-02   1.803060e-02   2.081666e-02   2.442343e-02   2.891015e-02   3.417198e-02   3.982905e-02   4.519117e-02   4.945417e-02   5.214493e-02   5.348185e-02   5.416872e-02   5.481003e-02   5.568014e-02   5.691194e-02   5.865036e-02   6.108774e-02   6.446852e-02   6.908758e-02   7.526402e-02   8.326953e-02   9.319530e-02   1.047438e-01   1.170108e-01   1.284530e-01   1.373243e-01   1.426187e-01
   68   1.042307e-02   1.042448e-02   1.042509e-02   1.042598e-02   1.042724e-02   1.042906e-02   1.043167e-02   1.043542e-02   1.044080e-02   1.044853e-02   1.045962e-02   1.047554e-02   1.049844e-02   1.053116e-02   1.057813e-02   1.064560e-02   1.074215e-02   1.088009e-02   1.107746e-02   1.135849e-02   1.175811e-02   1.232333e-02   1.311828e-02   1.422715e-02   1.575644e-02   1.783400e-02   2.059955e-02   2.417842e-02   2.862702e-02   3.383848e-02   3.943214e-02   4.472296e-02   4.891711e-02   5.155461e-02   5.286010e-02   5.353089e-02   5.416031e-02   5.501541e-02   5.622547e-02   5.793344e-02   6.032738e-02   6.364687e-02   6.818007e-02   7.423677e-02   8.207971e-02   9.178999e-02   1.030634e-01   1.150020e-01   1.260904e-01   1.346348e-01   1.396905e-01
   69   1.028370e-02   1.028510e-02   1.028571e-02   1.028658e-02   1.028784e-02   1.028965e-02   1.029224e-02   1.029596e-02   1.030130e-02   1.030897e-02   1.032003e-02   1.033577e-02   1.035848e-02   1.039095e-02   1.043761e-02   1.050456e-02   1.060036e-02   1.073723e-02   1.093320e-02   1.121226e-02   1.160902e-02   1.216995e-02   1.295917e-02   1.405998e-02   1.557801e-02   1.764038e-02   2.038494e-02   2.393511e-02   2.834451e-02   3.350396e-02   3.903268e-02   4.425058e-02   4.837454e-02   5.095809e-02   5.223161e-02   5.288655e-02   5.350372e-02   5.434374e-02   5.553202e-02   5.720936e-02   5.955942e-02   6.281729e-02   6.726364e-02   7.320021e-02   8.087956e-02   9.037239e-02   1.013700e-01   1.129806e-01   1.237161e-01   1.319368e-01   1.367583e-01
   70   1.014818e-02   1.014957e-02   1.015017e-02   1.015104e-02   1.015229e-02   1.015405e-02   1.015665e-02   1.016034e-02   1.016564e-02   1.017328e-02   1.018417e-02   1.019985e-02   1.022236e-02   1.025457e-02   1.030099e-02   1.036727e-02   1.046244e-02   1.059840e-02   1.079281e-02   1.106982e-02   1.146336e-02   1.202027e-02   1.280370e-02   1.389600e-02   1.540282e-02   1.744942e-02   2.017273e-02   2.369324e-02   2.806233e-02   3.316860e-02   3.863112e-02   4.377456e-02   4.782752e-02   5.035640e-02   5.159764e-02   5.223636e-02   5.284168e-02   5.366608e-02   5.483292e-02   5.647901e-02   5.878505e-02   6.198067e-02   6.634006e-02   7.215586e-02   7.967070e-02   8.894632e-02   9.966783e-02   1.109505e-01   1.213359e-01   1.292371e-01   1.338290e-01
   71   1.001638e-02   1.001776e-02   1.001836e-02   1.001922e-02   1.002046e-02   1.002224e-02   1.002479e-02   1.002845e-02   1.003371e-02   1.004126e-02   1.005210e-02   1.006766e-02   1.008996e-02   1.012206e-02   1.016794e-02   1.023374e-02   1.032810e-02   1.046323e-02   1.065606e-02   1.093079e-02   1.132146e-02   1.187403e-02   1.265126e-02   1.373541e-02   1.523074e-02   1.726130e-02   1.996239e-02   2.345276e-02   2.778085e-02   3.283278e-02   3.822771e-02   4.329558e-02   4.727625e-02   4.974990e-02   5.095893e-02   5.158146e-02   5.217466e-02   5.298374e-02   5.412870e-02   5.574361e-02   5.800567e-02   6.113886e-02   6.541058e-02   7.110546e-02   7.845552e-02   8.751349e-02   9.795916e-02   1.089161e-01   1.189546e-01   1.265410e-01   1.309092e-01
   72   9.888201e-03   9.889567e-03   9.890162e-03   9.891017e-03   9.892245e-03   9.894008e-03   9.896539e-03   9.900173e-03   9.905391e-03   9.912882e-03   9.923599e-03   9.939072e-03   9.961206e-03   9.993149e-03   1.003862e-02   1.010398e-02   1.019752e-02   1.033149e-02   1.052279e-02   1.079559e-02   1.118285e-02   1.173113e-02   1.250248e-02   1.357816e-02   1.506150e-02   1.707583e-02   1.975446e-02   2.321410e-02   2.750010e-02   3.249674e-02   3.782301e-02   4.281420e-02   4.672186e-02   4.913980e-02   5.031645e-02   5.092298e-02   5.150425e-02   5.229790e-02   5.342078e-02   5.500462e-02   5.722239e-02   6.029274e-02   6.447706e-02   7.005047e-02   7.723631e-02   8.607666e-02   9.624788e-02   1.068812e-01   1.165765e-01   1.238546e-01   1.280050e-01
   73   9.763519e-03   9.764874e-03   9.765465e-03   9.766313e-03   9.767530e-03   9.769279e-03   9.771861e-03   9.775391e-03   9.780571e-03   9.788002e-03   9.798670e-03   9.813982e-03   9.836010e-03   9.867515e-03   9.912719e-03   9.977484e-03   1.007035e-02   1.020313e-02   1.039295e-02   1.066356e-02   1.104777e-02   1.159177e-02   1.235686e-02   1.342403e-02   1.489527e-02   1.689311e-02   1.954874e-02   2.297688e-02   2.722043e-02   3.216056e-02   3.741718e-02   4.233095e-02   4.616489e-02   4.852678e-02   4.967120e-02   5.026158e-02   5.083075e-02   5.160914e-02   5.271006e-02   5.426268e-02   5.643584e-02   5.944392e-02   6.354058e-02   6.899290e-02   7.601436e-02   8.463815e-02   9.453666e-02   1.048495e-01   1.142064e-01   1.211824e-01   1.251222e-01
   74   9.642226e-03   9.643570e-03   9.644155e-03   9.644982e-03   9.646204e-03   9.647939e-03   9.650429e-03   9.654005e-03   9.659138e-03   9.666509e-03   9.677089e-03   9.692276e-03   9.714044e-03   9.745392e-03   9.790141e-03   9.854474e-03   9.946509e-03   1.007837e-02   1.026659e-02   1.053490e-02   1.091613e-02   1.145564e-02   1.221439e-02   1.327273e-02   1.473197e-02   1.671284e-02   1.934522e-02   2.274143e-02   2.694148e-02   3.182455e-02   3.701056e-02   4.184595e-02   4.560577e-02   4.791162e-02   4.902372e-02   4.959833e-02   5.015549e-02   5.091829e-02   5.199732e-02   5.351851e-02   5.564769e-02   5.859342e-02   6.260249e-02   6.793406e-02   7.479163e-02   8.320020e-02   9.282773e-02   1.028237e-01   1.118484e-01   1.185295e-01   1.222652e-01
   75   9.524213e-03   9.525546e-03   9.526108e-03   9.526961e-03   9.528159e-03   9.529879e-03   9.532348e-03   9.535894e-03   9.540985e-03   9.548294e-03   9.558787e-03   9.573847e-03   9.595462e-03   9.626451e-03   9.670919e-03   9.734729e-03   9.825945e-03   9.956591e-03   1.014327e-02   1.040932e-02   1.078763e-02   1.132262e-02   1.207498e-02   1.312440e-02   1.457130e-02   1.653494e-02   1.914386e-02   2.250760e-02   2.666364e-02   3.148876e-02   3.660345e-02   4.135990e-02   4.504522e-02   4.729494e-02   4.837498e-02   4.893378e-02   4.947890e-02   5.022632e-02   5.128355e-02   5.277371e-02   5.485882e-02   5.774159e-02   6.166375e-02   6.687523e-02   7.357002e-02   8.176474e-02   9.112435e-02   1.008072e-01   1.095059e-01   1.158997e-01   1.194390e-01
   76   9.409376e-03   9.410697e-03   9.411273e-03   9.412100e-03   9.413288e-03   9.414993e-03   9.417442e-03   9.420958e-03   9.425996e-03   9.433253e-03   9.443657e-03   9.458591e-03   9.480022e-03   9.510825e-03   9.554904e-03   9.618002e-03   9.708618e-03   9.838123e-03   1.002321e-02   1.028708e-02   1.066201e-02   1.119252e-02   1.193865e-02   1.297909e-02   1.441336e-02   1.635998e-02   1.894473e-02   2.227549e-02   2.638688e-02   3.115352e-02   3.619649e-02   4.087323e-02   4.448373e-02   4.667731e-02   4.772566e-02   4.826876e-02   4.880221e-02   4.953433e-02   5.056959e-02   5.202865e-02   5.406911e-02   5.689059e-02   6.072568e-02   6.581769e-02   7.235075e-02   8.033350e-02   8.942833e-02   9.880314e-02   1.071822e-01   1.132963e-01   1.166465e-01
   77   9.297612e-03   9.298922e-03   9.299493e-03   9.300313e-03   9.301490e-03   9.303181e-03   9.305609e-03   9.309095e-03   9.314099e-03   9.321306e-03   9.331599e-03   9.346404e-03   9.367651e-03   9.398135e-03   9.441856e-03   9.504450e-03   9.594316e-03   9.722701e-03   9.906303e-03   1.016781e-02   1.053948e-02   1.106547e-02   1.180514e-02   1.283645e-02   1.425811e-02   1.618716e-02   1.874769e-02   2.204511e-02   2.611132e-02   3.081900e-02   3.578927e-02   4.038623e-02   4.392203e-02   4.605951e-02   4.707622e-02   4.760402e-02   4.812570e-02   4.884225e-02   4.985599e-02   5.128413e-02   5.328121e-02   5.604056e-02   5.978984e-02   6.476284e-02   7.113548e-02   7.890837e-02   8.774158e-02   9.681381e-02   1.048800e-01   1.107234e-01   1.138924e-01
   78   9.188821e-03   9.190119e-03   9.190686e-03   9.191498e-03   9.192665e-03   9.194341e-03   9.196750e-03   9.200203e-03   9.205158e-03   9.212287e-03   9.222512e-03   9.237188e-03   9.258250e-03   9.288459e-03   9.331885e-03   9.393995e-03   9.482857e-03   9.610318e-03   9.792074e-03   1.005149e-02   1.041976e-02   1.094129e-02   1.167439e-02   1.269658e-02   1.410559e-02   1.601668e-02   1.855285e-02   2.181649e-02   2.583717e-02   3.048519e-02   3.538249e-02   3.989931e-02   4.336010e-02   4.544212e-02   4.642756e-02   4.694023e-02   4.745025e-02   4.815160e-02   4.914348e-02   5.054105e-02   5.249464e-02   5.519235e-02   5.885634e-02   6.371161e-02   6.992552e-02   7.749116e-02   8.606661e-02   9.484153e-02   1.026031e-01   1.081841e-01   1.111785e-01
   79   9.082906e-03   9.084194e-03   9.084755e-03   9.085560e-03   9.086717e-03   9.088379e-03   9.090764e-03   9.094189e-03   9.099106e-03   9.106165e-03   9.116300e-03   9.130846e-03   9.151688e-03   9.181664e-03   9.224624e-03   9.286262e-03   9.374349e-03   9.500593e-03   9.680906e-03   9.937909e-03   1.030307e-02   1.081975e-02   1.154634e-02   1.255945e-02   1.395558e-02   1.584877e-02   1.835993e-02   2.158963e-02   2.556438e-02   3.015235e-02   3.497634e-02   3.941293e-02   4.279881e-02   4.482557e-02   4.578027e-02   4.627792e-02   4.677627e-02   4.746261e-02   4.843326e-02   4.980012e-02   5.171033e-02   5.434783e-02   5.792641e-02   6.266515e-02   6.872210e-02   7.608319e-02   8.440480e-02   9.288872e-02   1.003531e-01   1.056801e-01   1.085088e-01
   80   8.979775e-03   8.981050e-03   8.981607e-03   8.982405e-03   8.983552e-03   8.985198e-03   8.987562e-03   8.990956e-03   8.995829e-03   9.002850e-03   9.012831e-03   9.027302e-03   9.047958e-03   9.077645e-03   9.120255e-03   9.181136e-03   9.268704e-03   9.393711e-03   9.572353e-03   9.827031e-03   1.018900e-02   1.070101e-02   1.142098e-02   1.242472e-02   1.380795e-02   1.568299e-02   1.816915e-02   2.136453e-02   2.529291e-02   2.982065e-02   3.457110e-02   3.892710e-02   4.223855e-02   4.421060e-02   4.513466e-02   4.561768e-02   4.610456e-02   4.677596e-02   4.772503e-02   4.906196e-02   5.092944e-02   5.350641e-02   5.700136e-02   6.162460e-02   6.752657e-02   7.468610e-02   8.275824e-02   9.095716e-02   9.813233e-02   1.032141e-01   1.058842e-01
   81   8.879335e-03   8.880600e-03   8.881150e-03   8.881942e-03   8.883078e-03   8.884709e-03   8.887051e-03   8.890460e-03   8.895244e-03   8.902149e-03   8.912149e-03   8.926413e-03   8.946906e-03   8.976319e-03   9.018524e-03   9.078972e-03   9.165587e-03   9.289576e-03   9.466549e-03   9.718914e-03   1.007743e-02   1.058487e-02   1.129823e-02   1.229263e-02   1.366257e-02   1.551947e-02   1.798051e-02   2.114129e-02   2.502308e-02   2.949008e-02   3.416675e-02   3.844259e-02   4.167961e-02   4.359734e-02   4.449157e-02   4.496015e-02   4.543572e-02   4.609240e-02   4.702028e-02   4.832710e-02   5.015220e-02   5.266952e-02   5.608137e-02   6.059055e-02   6.633964e-02   7.330052e-02   8.112781e-02   8.904839e-02   9.594254e-02   1.007888e-01   1.033076e-01
   82   8.781500e-03   8.782752e-03   8.783298e-03   8.784082e-03   8.785208e-03   8.786824e-03   8.789144e-03   8.792451e-03   8.797261e-03   8.804130e-03   8.813990e-03   8.828163e-03   8.848455e-03   8.877603e-03   8.919407e-03   8.979316e-03   9.065106e-03   9.187932e-03   9.363253e-03   9.613300e-03   9.968612e-03   1.047126e-02   1.117789e-02   1.216285e-02   1.351972e-02   1.535838e-02   1.779387e-02   2.091982e-02   2.475461e-02   2.916088e-02   3.376377e-02   3.795915e-02   4.112260e-02   4.298635e-02   4.385120e-02   4.430560e-02   4.477021e-02   4.541223e-02   4.631915e-02   4.759642e-02   4.937956e-02   5.183784e-02   5.516725e-02   5.956426e-02   6.516239e-02   7.192800e-02   7.951598e-02   8.716461e-02   9.378597e-02   9.840489e-02   1.007798e-01
   83   8.686182e-03   8.687423e-03   8.687964e-03   8.688740e-03   8.689856e-03   8.691457e-03   8.693756e-03   8.697057e-03   8.701786e-03   8.708601e-03   8.718370e-03   8.732361e-03   8.752502e-03   8.781371e-03   8.822756e-03   8.882146e-03   8.967140e-03   9.088740e-03   9.262496e-03   9.510257e-03   9.862104e-03   1.036005e-02   1.105997e-02   1.203550e-02   1.337903e-02   1.519929e-02   1.760939e-02   2.070014e-02   2.448792e-02   2.883310e-02   3.336203e-02   3.747752e-02   4.056750e-02   4.237832e-02   4.321414e-02   4.365483e-02   4.410840e-02   4.473569e-02   4.562221e-02   4.686992e-02   4.861145e-02   5.101160e-02   5.426036e-02   5.854614e-02   6.399620e-02   7.057000e-02   7.792308e-02   8.530661e-02   9.166393e-02   9.606421e-02   9.830250e-02
   84   8.593301e-03   8.594530e-03   8.595066e-03   8.595835e-03   8.596893e-03   8.598526e-03   8.600803e-03   8.604073e-03   8.608768e-03   8.615508e-03   8.625158e-03   8.639057e-03   8.659006e-03   8.687545e-03   8.728614e-03   8.787481e-03   8.871595e-03   8.992078e-03   9.164137e-03   9.409535e-03   9.758096e-03   1.025116e-02   1.094433e-02   1.191044e-02   1.324078e-02   1.504229e-02   1.742661e-02   2.048236e-02   2.422278e-02   2.850690e-02   3.296210e-02   3.699769e-02   4.001503e-02   4.177333e-02   4.258077e-02   4.300799e-02   4.345072e-02   4.406373e-02   4.492979e-02   4.614874e-02   4.784929e-02   5.019185e-02   5.336064e-02   5.753732e-02   6.284138e-02   6.922710e-02   7.635046e-02   8.347560e-02   8.957716e-02   9.376797e-02   9.587669e-02
   85   8.502776e-03   8.503993e-03   8.504524e-03   8.505285e-03   8.506379e-03   8.507955e-03   8.510206e-03   8.513445e-03   8.518095e-03   8.524770e-03   8.534323e-03   8.548109e-03   8.567850e-03   8.596083e-03   8.636793e-03   8.695084e-03   8.778375e-03   8.897716e-03   9.068091e-03   9.311182e-03   9.656343e-03   1.014466e-02   1.083111e-02   1.178765e-02   1.310462e-02   1.488751e-02   1.724605e-02   2.026644e-02   2.395949e-02   2.818236e-02   3.256386e-02   3.652013e-02   3.946528e-02   4.117193e-02   4.195182e-02   4.236572e-02   4.279769e-02   4.339641e-02   4.424243e-02   4.543263e-02   4.709286e-02   4.937892e-02   5.246889e-02   5.653797e-02   6.169877e-02   6.789998e-02   7.479908e-02   8.167335e-02   8.752756e-02   9.151707e-02   9.350265e-02
   86   8.414529e-03   8.415735e-03   8.416260e-03   8.417015e-03   8.418098e-03   8.419654e-03   8.421887e-03   8.425095e-03   8.429700e-03   8.436311e-03   8.445802e-03   8.459427e-03   8.478974e-03   8.506950e-03   8.547273e-03   8.604888e-03   8.687557e-03   8.805644e-03   8.974416e-03   9.215068e-03   9.556915e-03   1.004044e-02   1.072007e-02   1.166706e-02   1.297052e-02   1.473474e-02   1.706732e-02   2.005241e-02   2.369787e-02   2.785960e-02   3.216758e-02   3.604509e-02   3.891862e-02   4.057439e-02   4.132721e-02   4.172816e-02   4.214967e-02   4.273460e-02   4.356054e-02   4.472262e-02   4.634306e-02   4.857297e-02   5.158551e-02   5.554919e-02   6.056900e-02   6.659001e-02   7.326956e-02   7.989969e-02   8.551524e-02   8.931224e-02   9.118160e-02
   87   8.328487e-03   8.329681e-03   8.330201e-03   8.330948e-03   8.332021e-03   8.333562e-03   8.335774e-03   8.338949e-03   8.343509e-03   8.350055e-03   8.359453e-03   8.372943e-03   8.392337e-03   8.420049e-03   8.459881e-03   8.517002e-03   8.598707e-03   8.715761e-03   8.882882e-03   9.121112e-03   9.459541e-03   9.938371e-03   1.061111e-02   1.154852e-02   1.283852e-02   1.458396e-02   1.689060e-02   1.984012e-02   2.343823e-02   2.753861e-02   3.177321e-02   3.557232e-02   3.837535e-02   3.998112e-02   4.070737e-02   4.109595e-02   4.150701e-02   4.207799e-02   4.288437e-02   4.401879e-02   4.559985e-02   4.777487e-02   5.071142e-02   5.457112e-02   5.945299e-02   6.529697e-02   7.176314e-02   7.815605e-02   8.354114e-02   8.715407e-02   8.891325e-02
   88   8.244577e-03   8.245759e-03   8.246274e-03   8.247014e-03   8.248076e-03   8.249601e-03   8.251791e-03   8.254936e-03   8.259450e-03   8.265915e-03   8.275237e-03   8.288587e-03   8.307800e-03   8.335287e-03   8.374686e-03   8.431166e-03   8.512133e-03   8.628033e-03   8.793475e-03   9.029346e-03   9.364427e-03   9.838366e-03   1.050432e-02   1.143205e-02   1.270859e-02   1.443524e-02   1.671582e-02   1.962979e-02   2.318020e-02   2.721974e-02   3.138139e-02   3.510265e-02   3.783565e-02   3.939226e-02   4.009274e-02   4.046898e-02   4.086994e-02   4.142732e-02   4.221456e-02   4.332154e-02   4.486421e-02   4.698504e-02   4.984667e-02   5.360433e-02   5.835094e-02   6.402236e-02   7.028020e-02   7.644309e-02   8.160566e-02   8.504302e-02   8.669804e-02
   89   8.162730e-03   8.163900e-03   8.164410e-03   8.165142e-03   8.166194e-03   8.167704e-03   8.169872e-03   8.172985e-03   8.177454e-03   8.183871e-03   8.193100e-03   8.206304e-03   8.225285e-03   8.252521e-03   8.291543e-03   8.347464e-03   8.427652e-03   8.542268e-03   8.706111e-03   8.939641e-03   9.271351e-03   9.740325e-03   1.039951e-02   1.131765e-02   1.258061e-02   1.428833e-02   1.654295e-02   1.942117e-02   2.292425e-02   2.690281e-02   3.099183e-02   3.463589e-02   3.729995e-02   3.880837e-02   3.948354e-02   3.984787e-02   4.023893e-02   4.078285e-02   4.155125e-02   4.263118e-02   4.413568e-02   4.620365e-02   4.899162e-02   5.264929e-02   5.726362e-02   6.276600e-02   6.882114e-02   7.476141e-02   7.970982e-02   8.297878e-02   8.453544e-02
   90   8.082878e-03   8.084036e-03   8.084541e-03   8.085266e-03   8.086325e-03   8.087801e-03   8.089948e-03   8.093029e-03   8.097442e-03   8.103805e-03   8.112923e-03   8.125998e-03   8.144741e-03   8.171705e-03   8.210340e-03   8.265776e-03   8.345131e-03   8.458580e-03   8.620769e-03   8.851799e-03   9.180132e-03   9.644381e-03   1.029669e-02   1.120518e-02   1.245461e-02   1.414346e-02   1.637203e-02   1.921469e-02   2.267013e-02   2.658793e-02   3.060478e-02   3.417224e-02   3.676830e-02   3.822947e-02   3.888017e-02   3.923273e-02   3.961397e-02   4.014498e-02   4.089448e-02   4.194814e-02   4.341544e-02   4.543092e-02   4.814690e-02   5.170666e-02   5.619121e-02   6.152882e-02   6.738659e-02   7.311084e-02   7.785326e-02   8.096157e-02   8.242605e-02
   91   8.004956e-03   8.006102e-03   8.006602e-03   8.007320e-03   8.008350e-03   8.009829e-03   8.011954e-03   8.015003e-03   8.019382e-03   8.025669e-03   8.034694e-03   8.047648e-03   8.066216e-03   8.092962e-03   8.131145e-03   8.185979e-03   8.264536e-03   8.376859e-03   8.537317e-03   8.766061e-03   9.090961e-03   9.550403e-03   1.019586e-02   1.109465e-02   1.233039e-02   1.400042e-02   1.620282e-02   1.900988e-02   2.241798e-02   2.627526e-02   3.022044e-02   3.371208e-02   3.624097e-02   3.765572e-02   3.828266e-02   3.862385e-02   3.899570e-02   3.951375e-02   4.024482e-02   4.127248e-02   4.270315e-02   4.466741e-02   4.731252e-02   5.077635e-02   5.513438e-02   6.031135e-02   6.597699e-02   7.149235e-02   7.603651e-02   7.899187e-02   8.036884e-02
   92   7.928902e-03   7.930037e-03   7.930552e-03   7.931241e-03   7.932261e-03   7.933725e-03   7.935827e-03   7.938846e-03   7.943181e-03   7.949401e-03   7.958333e-03   7.971158e-03   7.989529e-03   8.015920e-03   8.053799e-03   8.108098e-03   8.185744e-03   8.296914e-03   8.455753e-03   8.682176e-03   9.003547e-03   9.458189e-03   1.009681e-02   1.098591e-02   1.220823e-02   1.385929e-02   1.603554e-02   1.880714e-02   2.216783e-02   2.596494e-02   2.983868e-02   3.325532e-02   3.571822e-02   3.708753e-02   3.769130e-02   3.802176e-02   3.838415e-02   3.888938e-02   3.960252e-02   4.060466e-02   4.199911e-02   4.391333e-02   4.648920e-02   4.985912e-02   5.409288e-02   5.911312e-02   6.459241e-02   6.990556e-02   7.425930e-02   7.706875e-02   7.836368e-02
   93   7.854655e-03   7.855778e-03   7.856267e-03   7.856970e-03   7.857979e-03   7.859428e-03   7.861508e-03   7.864495e-03   7.868784e-03   7.874902e-03   7.883779e-03   7.896466e-03   7.914672e-03   7.940838e-03   7.978243e-03   8.031938e-03   8.108837e-03   8.218823e-03   8.376019e-03   8.599918e-03   8.918084e-03   9.367856e-03   9.999609e-03   1.087899e-02   1.208781e-02   1.372001e-02   1.587012e-02   1.860618e-02   2.191984e-02   2.565695e-02   2.945978e-02   3.280239e-02   3.520032e-02   3.652525e-02   3.710629e-02   3.742628e-02   3.777922e-02   3.827205e-02   3.896775e-02   3.994476e-02   4.130416e-02   4.316873e-02   4.567663e-02   4.895462e-02   5.306756e-02   5.793502e-02   6.323355e-02   6.835113e-02   7.252193e-02   7.519206e-02   7.640962e-02
   94   7.782157e-03   7.783268e-03   7.783752e-03   7.784447e-03   7.785446e-03   7.786880e-03   7.788938e-03   7.791894e-03   7.796137e-03   7.802247e-03   7.810975e-03   7.823516e-03   7.841507e-03   7.867392e-03   7.904484e-03   7.957601e-03   8.033521e-03   8.142528e-03   8.297961e-03   8.519620e-03   8.834301e-03   9.279197e-03   9.904204e-03   1.077396e-02   1.196912e-02   1.358248e-02   1.570642e-02   1.840713e-02   2.167376e-02   2.535125e-02   2.908389e-02   3.235316e-02   3.468689e-02   3.596857e-02   3.652803e-02   3.683748e-02   3.718173e-02   3.766212e-02   3.834040e-02   3.929282e-02   4.061768e-02   4.243413e-02   4.487556e-02   4.806344e-02   5.205846e-02   5.677726e-02   6.189994e-02   6.682888e-02   7.082351e-02   7.336185e-02   7.450678e-02
   95   7.711352e-03   7.712451e-03   7.712930e-03   7.713618e-03   7.714605e-03   7.716024e-03   7.718060e-03   7.720984e-03   7.725183e-03   7.731210e-03   7.739862e-03   7.752282e-03   7.770105e-03   7.795675e-03   7.832419e-03   7.884826e-03   7.960014e-03   8.067864e-03   8.221706e-03   8.440948e-03   8.752128e-03   9.192189e-03   9.810445e-03   1.067069e-02   1.185229e-02   1.344663e-02   1.554477e-02   1.821004e-02   2.142987e-02   2.504799e-02   2.871120e-02   3.190778e-02   3.417881e-02   3.541817e-02   3.595625e-02   3.625590e-02   3.659122e-02   3.705945e-02   3.772110e-02   3.864956e-02   3.994017e-02   4.170930e-02   4.408570e-02   4.718597e-02   5.106554e-02   5.563987e-02   6.059187e-02   6.533850e-02   6.916454e-02   7.157715e-02   7.265356e-02
   96   7.642184e-03   7.643271e-03   7.643745e-03   7.644426e-03   7.645403e-03   7.646806e-03   7.648821e-03   7.651714e-03   7.655867e-03   7.661831e-03   7.670389e-03   7.682676e-03   7.700307e-03   7.725567e-03   7.761842e-03   7.813858e-03   7.888305e-03   7.994883e-03   8.147123e-03   8.363990e-03   8.671890e-03   9.107080e-03   9.718336e-03   1.056895e-02   1.173704e-02   1.331261e-02   1.538471e-02   1.801475e-02   2.118794e-02   2.474712e-02   2.834150e-02   3.146677e-02   3.367576e-02   3.487389e-02   3.539162e-02   3.568150e-02   3.600800e-02   3.646480e-02   3.710951e-02   3.801436e-02   3.927178e-02   4.099478e-02   4.330761e-02   4.632195e-02   5.008921e-02   5.452282e-02   5.930954e-02   6.388034e-02   6.754465e-02   6.983761e-02   7.084949e-02
   97   7.574602e-03   7.575678e-03   7.576146e-03   7.576820e-03   7.577786e-03   7.579175e-03   7.581167e-03   7.584029e-03   7.588137e-03   7.594035e-03   7.602502e-03   7.614656e-03   7.632096e-03   7.657084e-03   7.692915e-03   7.744325e-03   7.818040e-03   7.923485e-03   8.073866e-03   8.288564e-03   8.592956e-03   9.023504e-03   9.627938e-03   1.046882e-02   1.162347e-02   1.318035e-02   1.522659e-02   1.782149e-02   2.094835e-02   2.444917e-02   2.797506e-02   3.102955e-02   3.317811e-02   3.433594e-02   3.483367e-02   3.511434e-02   3.543259e-02   3.587790e-02   3.650596e-02   3.738766e-02   3.861289e-02   4.029055e-02   4.254119e-02   4.547181e-02   4.912973e-02   5.342652e-02   5.805294e-02   6.245376e-02   6.596321e-02   6.814243e-02   6.909404e-02
   98   7.508555e-03   7.509619e-03   7.510082e-03   7.510748e-03   7.511705e-03   7.513077e-03   7.515049e-03   7.517879e-03   7.521942e-03   7.527776e-03   7.536151e-03   7.548171e-03   7.565422e-03   7.590170e-03   7.625664e-03   7.676534e-03   7.749292e-03   7.853644e-03   8.002366e-03   8.214725e-03   8.515624e-03   8.941356e-03   9.539000e-03   1.037034e-02   1.151160e-02   1.304978e-02   1.507011e-02   1.763000e-02   2.071074e-02   2.415343e-02   2.761184e-02   3.059704e-02   3.268593e-02   3.380452e-02   3.428310e-02   3.455460e-02   3.486455e-02   3.529867e-02   3.591068e-02   3.676991e-02   3.796346e-02   3.959678e-02   4.178646e-02   4.463532e-02   4.818664e-02   5.235019e-02   5.682160e-02   6.105907e-02   6.441920e-02   6.649100e-02   6.738576e-02
   99   7.443994e-03   7.445046e-03   7.445505e-03   7.446164e-03   7.447109e-03   7.448467e-03   7.450416e-03   7.453166e-03   7.457234e-03   7.463004e-03   7.471287e-03   7.483205e-03   7.500235e-03   7.524711e-03   7.559845e-03   7.610128e-03   7.682175e-03   7.785197e-03   7.932423e-03   8.142296e-03   8.440115e-03   8.860921e-03   9.451900e-03   1.027368e-02   1.140124e-02   1.292075e-02   1.491544e-02   1.744051e-02   2.047564e-02   2.386031e-02   2.725200e-02   3.016866e-02   3.219920e-02   3.327973e-02   3.373964e-02   3.400231e-02   3.430433e-02   3.472731e-02   3.532374e-02   3.616094e-02   3.732319e-02   3.891339e-02   4.104358e-02   4.381274e-02   4.726039e-02   5.129454e-02   5.561604e-02   5.969556e-02   6.291413e-02   6.488262e-02   6.572415e-02
  100   7.380872e-03   7.381913e-03   7.382366e-03   7.383018e-03   7.383953e-03   7.385295e-03   7.387223e-03   7.389991e-03   7.393965e-03   7.399672e-03   7.407862e-03   7.419574e-03   7.436489e-03   7.460694e-03   7.495405e-03   7.545058e-03   7.616377e-03   7.718393e-03   7.863935e-03   8.071249e-03   8.365780e-03   8.782059e-03   9.366136e-03   1.017804e-02   1.129260e-02   1.279339e-02   1.476251e-02   1.725300e-02   2.024205e-02   2.357009e-02   2.689563e-02   2.974466e-02   3.171834e-02   3.276115e-02   3.320346e-02   3.345781e-02   3.375159e-02   3.416381e-02   3.474546e-02   3.556052e-02   3.669263e-02   3.824044e-02   4.031295e-02   4.300426e-02   4.635085e-02   5.025959e-02   5.443531e-02   5.836340e-02   6.144509e-02   6.331650e-02   6.410752e-02
