# l loading Love number for a Heaviside load
# Computed by ISSM on 19-Mar-2026 11:28:55
#
#   n         l_n(t)
    1  -1.081222e+00  -1.081249e+00  -1.081260e+00  -1.081277e+00  -1.081301e+00  -1.081335e+00  -1.081384e+00  -1.081454e+00  -1.081555e+00  -1.081700e+00  -1.081908e+00  -1.082206e+00  -1.082633e+00  -1.083249e+00  -1.084129e+00  -1.085391e+00  -1.087197e+00  -1.089778e+00  -1.093456e+00  -1.098683e+00  -1.106081e+00  -1.116480e+00  -1.130974e+00  -1.150910e+00  -1.177838e+00  -1.213274e+00  -1.258228e+00  -1.312363e+00  -1.372922e+00  -1.434014e+00  -1.487431e+00  -1.526078e+00  -1.548465e+00  -1.559610e+00  -1.566445e+00  -1.573460e+00  -1.582776e+00  -1.595836e+00  -1.614180e+00  -1.639728e+00  -1.674845e+00  -1.722227e+00  -1.784510e+00  -1.863464e+00  -1.958727e+00  -2.066456e+00  -2.179036e+00  -2.287593e+00  -2.387441e+00  -2.482007e+00  -2.578588e+00
    2  -1.282214e-01  -1.282561e-01  -1.282713e-01  -1.282933e-01  -1.283247e-01  -1.283697e-01  -1.284342e-01  -1.285271e-01  -1.286603e-01  -1.288514e-01  -1.291258e-01  -1.295193e-01  -1.300831e-01  -1.308915e-01  -1.320492e-01  -1.337049e-01  -1.360687e-01  -1.394342e-01  -1.442098e-01  -1.509506e-01  -1.603977e-01  -1.735013e-01  -1.914174e-01  -2.154329e-01  -2.467654e-01  -2.862024e-01  -3.335874e-01  -3.873166e-01  -4.440705e-01  -4.989678e-01  -5.462026e-01  -5.807542e-01  -6.013243e-01  -6.116932e-01  -6.177470e-01  -6.236721e-01  -6.315049e-01  -6.424780e-01  -6.578555e-01  -6.792047e-01  -7.084117e-01  -7.475504e-01  -7.985056e-01  -8.622144e-01  -9.375384e-01  -1.020092e+00  -1.101946e+00  -1.173459e+00  -1.227330e+00  -1.261929e+00  -1.279743e+00
    3  -6.723785e-02  -6.725725e-02  -6.726571e-02  -6.727785e-02  -6.729528e-02  -6.732031e-02  -6.735613e-02  -6.740784e-02  -6.748185e-02  -6.758815e-02  -6.774105e-02  -6.796002e-02  -6.827435e-02  -6.872528e-02  -6.937150e-02  -7.029707e-02  -7.162144e-02  -7.351341e-02  -7.621066e-02  -8.004249e-02  -8.546182e-02  -9.307638e-02  -1.036747e-01  -1.182295e-01  -1.378404e-01  -1.635636e-01  -1.960537e-01  -2.349964e-01  -2.784240e-01  -3.223146e-01  -3.611422e-01  -3.899219e-01  -4.070618e-01  -4.154347e-01  -4.198995e-01  -4.240268e-01  -4.294778e-01  -4.371267e-01  -4.478506e-01  -4.627401e-01  -4.831097e-01  -5.104020e-01  -5.458955e-01  -5.901512e-01  -6.421377e-01  -6.982991e-01  -7.522748e-01  -7.962873e-01  -8.244340e-01  -8.356427e-01  -8.329872e-01
    4  -5.549903e-02  -5.551349e-02  -5.551979e-02  -5.552885e-02  -5.554184e-02  -5.556051e-02  -5.558730e-02  -5.562602e-02  -5.568102e-02  -5.576033e-02  -5.587392e-02  -5.603724e-02  -5.627211e-02  -5.660814e-02  -5.709041e-02  -5.778080e-02  -5.876929e-02  -6.018248e-02  -6.219802e-02  -6.506505e-02  -6.912473e-02  -7.484130e-02  -8.282269e-02  -9.383051e-02  -1.087554e-01  -1.284991e-01  -1.537228e-01  -1.843981e-01  -2.191836e-01  -2.549390e-01  -2.869944e-01  -3.108638e-01  -3.248813e-01  -3.313634e-01  -3.344898e-01  -3.373002e-01  -3.410697e-01  -3.463804e-01  -3.538269e-01  -3.641656e-01  -3.783076e-01  -3.972454e-01  -4.218491e-01  -4.524513e-01  -4.882088e-01  -5.263917e-01  -5.621438e-01  -5.895366e-01  -6.041798e-01  -6.056498e-01  -5.969146e-01
    5  -5.211878e-02  -5.213103e-02  -5.213638e-02  -5.214405e-02  -5.215506e-02  -5.217088e-02  -5.219363e-02  -5.222619e-02  -5.227299e-02  -5.234021e-02  -5.243651e-02  -5.257495e-02  -5.277354e-02  -5.305879e-02  -5.346686e-02  -5.405179e-02  -5.488924e-02  -5.608571e-02  -5.779213e-02  -6.021818e-02  -6.365290e-02  -6.848524e-02  -7.522637e-02  -8.451459e-02  -9.709096e-02  -1.137048e-01  -1.349017e-01  -1.606446e-01  -1.897949e-01  -2.196904e-01  -2.463650e-01  -2.660034e-01  -2.772184e-01  -2.820616e-01  -2.841623e-01  -2.860462e-01  -2.886461e-01  -2.923238e-01  -2.974803e-01  -3.046352e-01  -3.144110e-01  -3.274813e-01  -3.444194e-01  -3.654058e-01  -3.897659e-01  -4.154712e-01  -4.389545e-01  -4.558859e-01  -4.630866e-01  -4.603629e-01  -4.500474e-01
    6  -4.940019e-02  -4.941084e-02  -4.941548e-02  -4.942216e-02  -4.943172e-02  -4.944547e-02  -4.946521e-02  -4.949355e-02  -4.953423e-02  -4.959264e-02  -4.967660e-02  -4.979674e-02  -4.996918e-02  -5.021703e-02  -5.057196e-02  -5.108052e-02  -5.180822e-02  -5.284772e-02  -5.433015e-02  -5.643726e-02  -5.941944e-02  -6.361350e-02  -6.946006e-02  -7.750948e-02  -8.839696e-02  -1.027603e-01  -1.210531e-01  -1.432164e-01  -1.682274e-01  -1.937363e-01  -2.162780e-01  -2.325746e-01  -2.415422e-01  -2.451133e-01  -2.464866e-01  -2.477438e-01  -2.495441e-01  -2.521035e-01  -2.556903e-01  -2.606614e-01  -2.674418e-01  -2.764847e-01  -2.881580e-01  -3.025405e-01  -3.190906e-01  -3.362953e-01  -3.515639e-01  -3.617855e-01  -3.647020e-01  -3.601971e-01  -3.499692e-01
    7  -4.651117e-02  -4.652044e-02  -4.652447e-02  -4.653028e-02  -4.653860e-02  -4.655056e-02  -4.656773e-02  -4.659241e-02  -4.662778e-02  -4.667852e-02  -4.675155e-02  -4.685613e-02  -4.700661e-02  -4.722159e-02  -4.753066e-02  -4.797281e-02  -4.860577e-02  -4.951014e-02  -5.079966e-02  -5.263220e-02  -5.522569e-02  -5.887226e-02  -6.395502e-02  -7.095020e-02  -8.040788e-02  -9.287756e-02  -1.087450e-01  -1.279420e-01  -1.495534e-01  -1.714965e-01  -1.907197e-01  -2.043774e-01  -2.116161e-01  -2.142577e-01  -2.151318e-01  -2.159587e-01  -2.172006e-01  -2.189752e-01  -2.214618e-01  -2.249041e-01  -2.295893e-01  -2.358193e-01  -2.438279e-01  -2.536301e-01  -2.647904e-01  -2.761819e-01  -2.859270e-01  -2.918014e-01  -2.922058e-01  -2.870730e-01  -2.776134e-01
    8  -4.353327e-02  -4.354131e-02  -4.354482e-02  -4.354985e-02  -4.355708e-02  -4.356745e-02  -4.358234e-02  -4.360373e-02  -4.363444e-02  -4.367852e-02  -4.374180e-02  -4.383260e-02  -4.396288e-02  -4.414858e-02  -4.441763e-02  -4.480137e-02  -4.535003e-02  -4.613548e-02  -4.725310e-02  -4.884285e-02  -5.109191e-02  -5.425743e-02  -5.866564e-02  -6.473282e-02  -7.293637e-02  -8.374927e-02  -9.750189e-02  -1.141274e-01  -1.328105e-01  -1.517165e-01  -1.681609e-01  -1.796785e-01  -1.855835e-01  -1.875557e-01  -1.880874e-01  -1.886108e-01  -1.894491e-01  -1.906551e-01  -1.923442e-01  -1.946792e-01  -1.978516e-01  -2.020563e-01  -2.074346e-01  -2.139682e-01  -2.213145e-01  -2.286451e-01  -2.346081e-01  -2.376281e-01  -2.365802e-01  -2.314107e-01  -2.229743e-01
    9  -4.057438e-02  -4.058133e-02  -4.058436e-02  -4.058871e-02  -4.059496e-02  -4.060393e-02  -4.061681e-02  -4.063531e-02  -4.066186e-02  -4.069967e-02  -4.075470e-02  -4.083323e-02  -4.094614e-02  -4.110749e-02  -4.133916e-02  -4.167100e-02  -4.214651e-02  -4.282481e-02  -4.379161e-02  -4.516723e-02  -4.711264e-02  -4.984822e-02  -5.366320e-02  -5.891110e-02  -6.600526e-02  -7.535733e-02  -8.724868e-02  -1.016139e-01  -1.177329e-01  -1.339980e-01  -1.480711e-01  -1.578079e-01  -1.626623e-01  -1.641490e-01  -1.644447e-01  -1.647481e-01  -1.652852e-01  -1.660665e-01  -1.671602e-01  -1.686710e-01  -1.707172e-01  -1.734189e-01  -1.768538e-01  -1.809859e-01  -1.855543e-01  -1.899655e-01  -1.932732e-01  -1.943851e-01  -1.925163e-01  -1.876095e-01  -1.802497e-01
   10  -3.769635e-02  -3.770234e-02  -3.770496e-02  -3.770871e-02  -3.771409e-02  -3.772175e-02  -3.773292e-02  -3.774886e-02  -3.777173e-02  -3.780458e-02  -3.785172e-02  -3.791938e-02  -3.801646e-02  -3.815570e-02  -3.835547e-02  -3.864124e-02  -3.905015e-02  -3.963484e-02  -4.046817e-02  -4.165372e-02  -4.333046e-02  -4.568770e-02  -4.897600e-02  -5.349921e-02  -5.961370e-02  -6.767360e-02  -7.791763e-02  -9.028752e-02  -1.041479e-01  -1.180988e-01  -1.301150e-01  -1.383494e-01  -1.423592e-01  -1.434879e-01  -1.436195e-01  -1.437584e-01  -1.440644e-01  -1.445224e-01  -1.451619e-01  -1.460435e-01  -1.472327e-01  -1.487924e-01  -1.507553e-01  -1.530773e-01  -1.555672e-01  -1.578212e-01  -1.592108e-01  -1.590115e-01  -1.566912e-01  -1.521792e-01  -1.458422e-01
   11  -3.493349e-02  -3.493862e-02  -3.494086e-02  -3.494408e-02  -3.494870e-02  -3.495533e-02  -3.496485e-02  -3.497852e-02  -3.499814e-02  -3.502631e-02  -3.506675e-02  -3.512479e-02  -3.520805e-02  -3.532749e-02  -3.549827e-02  -3.574417e-02  -3.609501e-02  -3.659712e-02  -3.731136e-02  -3.832707e-02  -3.976563e-02  -4.178963e-02  -4.460912e-02  -4.849058e-02  -5.373768e-02  -6.065328e-02  -6.944036e-02  -8.003898e-02  -9.190561e-02  -1.038173e-01  -1.140370e-01  -1.209841e-01  -1.243024e-01  -1.251574e-01  -1.251700e-01  -1.251838e-01  -1.253118e-01  -1.255175e-01  -1.258045e-01  -1.261971e-01  -1.267211e-01  -1.273965e-01  -1.282222e-01  -1.291503e-01  -1.300489e-01  -1.306657e-01  -1.306242e-01  -1.294892e-01  -1.269218e-01  -1.228329e-01  -1.174133e-01
   12  -3.230629e-02  -3.231067e-02  -3.231258e-02  -3.231532e-02  -3.231926e-02  -3.232492e-02  -3.233303e-02  -3.234469e-02  -3.236143e-02  -3.238546e-02  -3.241995e-02  -3.246954e-02  -3.254047e-02  -3.264277e-02  -3.278871e-02  -3.299759e-02  -3.329693e-02  -3.372429e-02  -3.433509e-02  -3.520221e-02  -3.642901e-02  -3.815526e-02  -4.056191e-02  -4.387259e-02  -4.834958e-02  -5.424920e-02  -6.174296e-02  -7.077346e-02  -8.086722e-02  -9.097884e-02  -9.961814e-02  -1.054520e-01  -1.081864e-01  -1.088282e-01  -1.087512e-01  -1.086675e-01  -1.086540e-01  -1.086602e-01  -1.086683e-01  -1.086765e-01  -1.086766e-01  -1.086562e-01  -1.085876e-01  -1.084217e-01  -1.080746e-01  -1.074160e-01  -1.062696e-01  -1.044315e-01  -1.017145e-01  -9.801802e-02  -9.338770e-02
   13  -2.982740e-02  -2.983111e-02  -2.983273e-02  -2.983505e-02  -2.983839e-02  -2.984318e-02  -2.985005e-02  -2.985993e-02  -2.987410e-02  -2.989446e-02  -2.992367e-02  -2.996559e-02  -3.002540e-02  -3.011203e-02  -3.023548e-02  -3.041289e-02  -3.066654e-02  -3.102879e-02  -3.154517e-02  -3.228059e-02  -3.332048e-02  -3.478260e-02  -3.682018e-02  -3.962650e-02  -4.342031e-02  -4.841727e-02  -5.476230e-02  -6.239996e-02  -7.091987e-02  -7.943257e-02  -8.667519e-02  -9.153226e-02  -9.376423e-02  -9.422727e-02  -9.408204e-02  -9.392021e-02  -9.379424e-02  -9.364078e-02  -9.342801e-02  -9.312933e-02  -9.271047e-02  -9.213323e-02  -9.135164e-02  -9.031074e-02  -8.896858e-02  -8.728918e-02  -8.525730e-02  -8.285326e-02  -8.001867e-02  -7.664848e-02  -7.267567e-02
   14  -2.750393e-02  -2.750679e-02  -2.750841e-02  -2.751036e-02  -2.751316e-02  -2.751718e-02  -2.752296e-02  -2.753125e-02  -2.754315e-02  -2.756024e-02  -2.758477e-02  -2.761998e-02  -2.767050e-02  -2.774335e-02  -2.784746e-02  -2.799563e-02  -2.820881e-02  -2.851305e-02  -2.894748e-02  -2.956388e-02  -3.043720e-02  -3.166449e-02  -3.337781e-02  -3.573492e-02  -3.892109e-02  -4.311635e-02  -4.843902e-02  -5.483895e-02  -6.196223e-02  -6.905095e-02  -7.505163e-02  -7.903759e-02  -8.082723e-02  -8.113700e-02  -8.093450e-02  -8.070944e-02  -8.049273e-02  -8.021184e-02  -7.982014e-02  -7.927116e-02  -7.851571e-02  -7.748857e-02  -7.612675e-02  -7.437652e-02  -7.222017e-02  -6.970167e-02  -6.692964e-02  -6.403630e-02  -6.107425e-02  -5.794916e-02  -5.450617e-02
   15  -2.533868e-02  -2.534127e-02  -2.534240e-02  -2.534402e-02  -2.534635e-02  -2.534969e-02  -2.535449e-02  -2.536137e-02  -2.537127e-02  -2.538547e-02  -2.540585e-02  -2.543510e-02  -2.547707e-02  -2.553727e-02  -2.562358e-02  -2.574722e-02  -2.592424e-02  -2.617696e-02  -2.653738e-02  -2.704963e-02  -2.777589e-02  -2.879700e-02  -3.021941e-02  -3.217845e-02  -3.482641e-02  -3.831069e-02  -4.272514e-02  -4.802267e-02  -5.389901e-02  -5.971994e-02  -6.460916e-02  -6.781437e-02  -6.920306e-02  -6.937125e-02  -6.911934e-02  -6.884301e-02  -6.855245e-02  -6.816680e-02  -6.762766e-02  -6.687718e-02  -6.584458e-02  -6.444886e-02  -6.261044e-02  -6.027323e-02  -5.743777e-02  -5.420794e-02  -5.079202e-02  -4.744564e-02  -4.432280e-02  -4.135541e-02  -3.832626e-02
   16  -2.333100e-02  -2.333312e-02  -2.333405e-02  -2.333593e-02  -2.333729e-02  -2.334002e-02  -2.334396e-02  -2.334961e-02  -2.335772e-02  -2.336936e-02  -2.338607e-02  -2.341005e-02  -2.344445e-02  -2.349381e-02  -2.356456e-02  -2.366612e-02  -2.381099e-02  -2.401830e-02  -2.431393e-02  -2.473473e-02  -2.532930e-02  -2.616588e-02  -2.733264e-02  -2.893877e-02  -3.110881e-02  -3.396161e-02  -3.757060e-02  -4.188769e-02  -4.665370e-02  -5.133835e-02  -5.522765e-02  -5.772564e-02  -5.874092e-02  -5.877744e-02  -5.847931e-02  -5.815933e-02  -5.780733e-02  -5.733606e-02  -5.667514e-02  -5.575736e-02  -5.449602e-02  -5.279443e-02  -5.055826e-02  -4.772600e-02  -4.431368e-02  -4.046310e-02  -3.646485e-02  -3.267696e-02  -2.934765e-02  -2.645125e-02  -2.373075e-02
   17  -2.147758e-02  -2.147929e-02  -2.148004e-02  -2.148111e-02  -2.148265e-02  -2.148485e-02  -2.148802e-02  -2.149257e-02  -2.149911e-02  -2.150849e-02  -2.152211e-02  -2.154127e-02  -2.156900e-02  -2.160877e-02  -2.166553e-02  -2.174746e-02  -2.186435e-02  -2.203140e-02  -2.226925e-02  -2.260822e-02  -2.308786e-02  -2.376222e-02  -2.470264e-02  -2.599580e-02  -2.774230e-02  -3.003587e-02  -3.292954e-02  -3.637405e-02  -4.014833e-02  -4.381518e-02  -4.680138e-02  -4.864891e-02  -4.931669e-02  -4.922257e-02  -4.887813e-02  -4.852118e-02  -4.811856e-02  -4.757555e-02  -4.681440e-02  -4.575679e-02  -4.430378e-02  -4.234447e-02  -3.977165e-02  -3.651589e-02  -3.259984e-02  -2.819528e-02  -2.365401e-02  -1.941821e-02  -1.583301e-02  -1.292560e-02  -1.042197e-02
   18  -1.977312e-02  -1.977447e-02  -1.977506e-02  -1.977590e-02  -1.977711e-02  -1.977885e-02  -1.978134e-02  -1.978493e-02  -1.979007e-02  -1.979746e-02  -1.980806e-02  -1.982327e-02  -1.984510e-02  -1.987642e-02  -1.992131e-02  -1.998562e-02  -2.007766e-02  -2.020920e-02  -2.039671e-02  -2.066345e-02  -2.104074e-02  -2.157231e-02  -2.231201e-02  -2.333009e-02  -2.470187e-02  -2.649910e-02  -2.875756e-02  -3.142698e-02  -3.431644e-02  -3.706775e-02  -3.923317e-02  -4.048001e-02  -4.081486e-02  -4.059053e-02  -4.020180e-02  -3.981220e-02  -3.936711e-02  -3.876357e-02  -3.791803e-02  -3.674243e-02  -3.512662e-02  -3.294869e-02  -3.008663e-02  -2.646246e-02  -2.209859e-02  -1.718804e-02  -1.212510e-02  -7.431523e-03  -3.538049e-03  -5.449249e-04   1.823070e-03
   19  -1.821090e-02  -1.821192e-02  -1.821237e-02  -1.821301e-02  -1.821394e-02  -1.821526e-02  -1.821716e-02  -1.821990e-02  -1.822382e-02  -1.822945e-02  -1.823753e-02  -1.824913e-02  -1.826577e-02  -1.828964e-02  -1.832386e-02  -1.837301e-02  -1.844309e-02  -1.854333e-02  -1.868649e-02  -1.888908e-02  -1.917709e-02  -1.958155e-02  -2.014530e-02  -2.091941e-02  -2.196105e-02  -2.332016e-02  -2.501526e-02  -2.699468e-02  -2.909283e-02  -3.102030e-02  -3.243740e-02  -3.312475e-02  -3.314109e-02  -3.278391e-02  -3.235026e-02  -3.193085e-02  -3.144902e-02  -3.079498e-02  -2.987859e-02  -2.860288e-02  -2.684715e-02  -2.448012e-02  -2.136632e-02  -1.741620e-02  -1.264833e-02  -7.265464e-03  -1.697278e-03   3.472236e-03   7.720961e-03   1.086808e-02   1.317145e-02
   20  -1.678323e-02  -1.678398e-02  -1.678431e-02  -1.678477e-02  -1.678544e-02  -1.678640e-02  -1.678779e-02  -1.678977e-02  -1.679262e-02  -1.679670e-02  -1.680257e-02  -1.681099e-02  -1.682308e-02  -1.684041e-02  -1.686526e-02  -1.690086e-02  -1.695180e-02  -1.702476e-02  -1.712841e-02  -1.727614e-02  -1.748473e-02  -1.777787e-02  -1.818657e-02  -1.874575e-02  -1.949559e-02  -2.046676e-02  -2.166351e-02  -2.302817e-02  -2.441845e-02  -2.560163e-02  -2.633574e-02  -2.650175e-02  -2.620771e-02  -2.571602e-02  -2.523567e-02  -2.479095e-02  -2.427800e-02  -2.357957e-02  -2.260160e-02  -2.123941e-02  -1.936460e-02  -1.683186e-02  -1.349601e-02  -9.253404e-03  -4.115286e-03   1.713153e-03   7.778193e-03   1.343991e-02   1.808841e-02   2.144894e-02   2.374934e-02
   21  -1.548189e-02  -1.548239e-02  -1.548261e-02  -1.548292e-02  -1.548337e-02  -1.548401e-02  -1.548493e-02  -1.548626e-02  -1.548817e-02  -1.549090e-02  -1.549483e-02  -1.550047e-02  -1.550855e-02  -1.552015e-02  -1.553678e-02  -1.556060e-02  -1.559468e-02  -1.564338e-02  -1.571280e-02  -1.581144e-02  -1.595075e-02  -1.614655e-02  -1.641834e-02  -1.678868e-02  -1.728110e-02  -1.791001e-02  -1.866487e-02  -1.948329e-02  -2.023959e-02  -2.075124e-02  -2.085751e-02  -2.053528e-02  -1.994107e-02  -1.931282e-02  -1.878360e-02  -1.831419e-02  -1.777376e-02  -1.703873e-02  -1.600751e-02  -1.457026e-02  -1.259020e-02  -9.912186e-03  -6.376781e-03  -1.869070e-03   3.612550e-03   9.865025e-03   1.642145e-02   2.259063e-02   2.767480e-02   3.130253e-02   3.365260e-02
   22  -1.429833e-02  -1.429862e-02  -1.429874e-02  -1.429892e-02  -1.429917e-02  -1.429954e-02  -1.430006e-02  -1.430081e-02  -1.430190e-02  -1.430345e-02  -1.430585e-02  -1.430887e-02  -1.431346e-02  -1.432018e-02  -1.432947e-02  -1.434297e-02  -1.436229e-02  -1.438988e-02  -1.442917e-02  -1.448467e-02  -1.456360e-02  -1.467353e-02  -1.482515e-02  -1.502916e-02  -1.529582e-02  -1.562265e-02  -1.598519e-02  -1.631752e-02  -1.650557e-02  -1.640844e-02  -1.593965e-02  -1.515750e-02  -1.427261e-02  -1.350583e-02  -1.292667e-02  -1.243407e-02  -1.187033e-02  -1.110296e-02  -1.002508e-02  -8.522093e-03  -6.449990e-03  -3.642474e-03   7.197733e-05   4.822996e-03   1.062569e-02   1.728703e-02   2.432806e-02   3.101703e-02   3.656905e-02   4.050755e-02   4.295499e-02
   23  -1.322399e-02  -1.322409e-02  -1.322413e-02  -1.322419e-02  -1.322427e-02  -1.322439e-02  -1.322457e-02  -1.322482e-02  -1.322518e-02  -1.322570e-02  -1.322644e-02  -1.322752e-02  -1.322903e-02  -1.323122e-02  -1.323436e-02  -1.323884e-02  -1.324524e-02  -1.325436e-02  -1.326730e-02  -1.328548e-02  -1.331111e-02  -1.334576e-02  -1.339214e-02  -1.345037e-02  -1.351742e-02  -1.357690e-02  -1.359282e-02  -1.349190e-02  -1.317061e-02  -1.252234e-02  -1.152486e-02  -1.031120e-02  -9.143957e-03  -8.238060e-03  -7.606588e-03  -7.092448e-03  -6.507862e-03  -5.711616e-03  -4.593411e-03  -3.032164e-03  -8.774331e-04   2.046815e-03   5.924002e-03   1.089870e-02   1.700453e-02   2.405813e-02   3.157854e-02   3.879517e-02   4.483993e-02   4.912648e-02   5.171039e-02
   24  -1.225041e-02  -1.225034e-02  -1.225031e-02  -1.225041e-02  -1.225020e-02  -1.225011e-02  -1.224998e-02  -1.224979e-02  -1.224952e-02  -1.224914e-02  -1.224858e-02  -1.224778e-02  -1.224664e-02  -1.224499e-02  -1.224263e-02  -1.223924e-02  -1.223436e-02  -1.222734e-02  -1.221722e-02  -1.220263e-02  -1.218145e-02  -1.215049e-02  -1.210447e-02  -1.203527e-02  -1.192685e-02  -1.175082e-02  -1.145831e-02  -1.097163e-02  -1.019222e-02  -9.044514e-03  -7.559980e-03  -5.941330e-03  -4.501645e-03  -3.455847e-03  -2.771569e-03  -2.236679e-03  -1.633967e-03  -8.117295e-04   3.422964e-04   1.954809e-03   4.184042e-03   7.213393e-03   1.123995e-02   1.642303e-02   2.281447e-02   3.024633e-02   3.823817e-02   4.598614e-02   5.254159e-02   5.720632e-02   5.996161e-02
   25  -1.136939e-02  -1.136917e-02  -1.136908e-02  -1.136895e-02  -1.136875e-02  -1.136848e-02  -1.136808e-02  -1.136751e-02  -1.136669e-02  -1.136551e-02  -1.136383e-02  -1.136140e-02  -1.135793e-02  -1.135294e-02  -1.134577e-02  -1.133550e-02  -1.132076e-02  -1.129965e-02  -1.126940e-02  -1.122611e-02  -1.116448e-02  -1.107555e-02  -1.094866e-02  -1.076634e-02  -1.050354e-02  -1.011928e-02  -9.553877e-03  -8.723504e-03  -7.533120e-03  -5.931973e-03  -3.999300e-03  -2.001311e-03  -2.988071e-04   8.857866e-04   1.624593e-03   2.179578e-03   2.798799e-03   3.643000e-03   4.828557e-03   6.488359e-03   8.784056e-03   1.190953e-02   1.607224e-02   2.145050e-02   2.811187e-02   3.590822e-02   4.436134e-02   5.264001e-02   5.971868e-02   6.478475e-02   6.773924e-02
   26  -1.057306e-02  -1.057272e-02  -1.057257e-02  -1.057236e-02  -1.057205e-02  -1.057162e-02  -1.057099e-02  -1.057008e-02  -1.056879e-02  -1.056692e-02  -1.056424e-02  -1.056040e-02  -1.055481e-02  -1.054698e-02  -1.053563e-02  -1.051935e-02  -1.049612e-02  -1.046284e-02  -1.041475e-02  -1.034638e-02  -1.024881e-02  -1.010969e-02  -9.912261e-03  -9.630674e-03  -9.231772e-03  -8.663827e-03  -7.856584e-03  -6.718153e-03  -5.158569e-03  -3.146237e-03  -8.022367e-04   1.552421e-03   3.507087e-03   4.828091e-03   5.621648e-03   6.196068e-03   6.830576e-03   7.695093e-03   8.908740e-03   1.061087e-02   1.296645e-02   1.617903e-02   2.046837e-02   2.602766e-02   3.294564e-02   4.109129e-02   4.999470e-02   5.879951e-02   6.640495e-02   7.188920e-02   7.506802e-02
   27  -9.853975e-03  -9.853526e-03  -9.853330e-03  -9.853049e-03  -9.852645e-03  -9.852065e-03  -9.851233e-03  -9.850037e-03  -9.848320e-03  -9.845857e-03  -9.842317e-03  -9.837253e-03  -9.829949e-03  -9.819488e-03  -9.804479e-03  -9.782958e-03  -9.752259e-03  -9.707934e-03  -9.644622e-03  -9.554330e-03  -9.425911e-03  -9.242279e-03  -8.982114e-03  -8.614497e-03  -8.095261e-03  -7.364459e-03  -6.341609e-03  -4.929319e-03  -3.037601e-03  -6.515336e-04   2.070671e-03   4.757388e-03   6.952955e-03   8.409021e-03   9.256520e-03   9.850032e-03   1.049816e-02   1.138020e-02   1.262127e-02   1.436009e-02   1.677019e-02   2.006278e-02   2.446876e-02   3.019698e-02   3.735670e-02   4.583680e-02   5.517565e-02   6.449696e-02   7.262994e-02   7.854354e-02   8.196336e-02
   28  -9.205126e-03  -9.204581e-03  -9.204344e-03  -9.204002e-03  -9.203512e-03  -9.202809e-03  -9.201799e-03  -9.200350e-03  -9.198268e-03  -9.195279e-03  -9.190986e-03  -9.184828e-03  -9.175986e-03  -9.163299e-03  -9.145097e-03  -9.118996e-03  -9.081587e-03  -9.028013e-03  -8.951371e-03  -8.841894e-03  -8.686010e-03  -8.463974e-03  -8.149343e-03  -7.705109e-03  -7.079372e-03  -6.204824e-03  -4.990565e-03  -3.332623e-03  -1.141509e-03   1.582922e-03   4.651862e-03   7.648410e-03   1.007280e-02   1.166047e-02   1.256208e-02   1.317369e-02   1.383387e-02   1.473203e-02   1.599651e-02   1.776855e-02   2.022883e-02   2.359441e-02   2.810817e-02   3.399414e-02   4.138149e-02   5.017941e-02   5.993811e-02   6.976183e-02   7.841630e-02   8.476429e-02   8.843987e-02
   29  -8.619971e-03  -8.619343e-03  -8.619069e-03  -8.618675e-03  -8.618111e-03  -8.617299e-03  -8.616134e-03  -8.614470e-03  -8.612061e-03  -8.608615e-03  -8.603665e-03  -8.596560e-03  -8.586362e-03  -8.571729e-03  -8.550735e-03  -8.520594e-03  -8.477546e-03  -8.415681e-03  -8.327357e-03  -8.200996e-03  -8.020825e-03  -7.765121e-03  -7.402418e-03  -6.890175e-03  -6.171852e-03  -5.169229e-03  -3.784142e-03  -1.906690e-03   5.532936e-04   3.584564e-03   6.971885e-03   1.025563e-02   1.289667e-02   1.461105e-02   1.556618e-02   1.619563e-02   1.686688e-02   1.777940e-02   1.906445e-02   2.086804e-02   2.337300e-02   2.680588e-02   3.141871e-02   3.745124e-02   4.505168e-02   5.415080e-02   6.431043e-02   7.462002e-02   8.378421e-02   9.056506e-02   9.450522e-02
   30  -8.092446e-03  -8.091744e-03  -8.091438e-03  -8.090999e-03  -8.090368e-03  -8.089463e-03  -8.088163e-03  -8.086295e-03  -8.083615e-03  -8.079722e-03  -8.074241e-03  -8.066310e-03  -8.054925e-03  -8.038653e-03  -8.015150e-03  -7.981536e-03  -7.933359e-03  -7.864454e-03  -7.765715e-03  -7.624543e-03  -7.423663e-03  -7.137983e-03  -6.732819e-03  -6.161349e-03  -5.359846e-03  -4.244010e-03  -2.707481e-03  -6.328632e-04   2.069333e-03   5.379182e-03   9.057277e-03   1.260730e-02   1.545297e-02   1.728811e-02   1.829550e-02   1.894220e-02   1.962325e-02   2.054860e-02   2.185269e-02   2.368336e-02   2.622958e-02   2.972354e-02   3.442715e-02   4.059539e-02   4.839500e-02   5.777688e-02   6.831708e-02   7.909096e-02   8.874936e-02   9.595712e-02   1.001662e-01
   31  -7.616955e-03  -7.616189e-03  -7.615856e-03  -7.615376e-03  -7.614688e-03  -7.613700e-03  -7.612281e-03  -7.610243e-03  -7.607317e-03  -7.603117e-03  -7.597087e-03  -7.588430e-03  -7.576004e-03  -7.558173e-03  -7.532769e-03  -7.495900e-03  -7.443311e-03  -7.367985e-03  -7.260295e-03  -7.106630e-03  -6.886559e-03  -6.574764e-03  -6.132150e-03  -5.507924e-03  -4.632878e-03  -3.415987e-03  -1.744129e-03   5.065247e-04   3.426414e-03   6.988068e-03   1.093121e-02   1.472735e-02   1.776367e-02   1.971521e-02   2.077259e-02   2.143581e-02   2.212582e-02   2.306296e-02   2.438381e-02   2.623918e-02   2.882238e-02   3.237140e-02   3.715806e-02   4.345061e-02   5.143491e-02   6.108158e-02   7.197910e-02   8.319457e-02   9.332629e-02   1.009496e-01   1.054282e-01
   32  -7.188364e-03  -7.187542e-03  -7.187183e-03  -7.186669e-03  -7.185930e-03  -7.184869e-03  -7.183346e-03  -7.181158e-03  -7.178017e-03  -7.173507e-03  -7.167034e-03  -7.157739e-03  -7.144399e-03  -7.125254e-03  -7.097786e-03  -7.058391e-03  -7.001921e-03  -6.921034e-03  -6.805289e-03  -6.640114e-03  -6.404043e-03  -6.068690e-03  -5.593297e-03  -4.922366e-03  -3.982537e-03  -2.675646e-03  -8.826038e-04   1.525706e-03   4.642118e-03   8.431562e-03   1.261552e-02   1.663768e-02   1.985207e-02   2.191337e-02   2.301921e-02   2.369791e-02   2.439580e-02   2.534305e-02   2.667902e-02   2.855608e-02   3.117253e-02   3.477132e-02   3.963366e-02   4.604013e-02   5.419395e-02   6.408562e-02   7.531632e-02   8.694651e-02   9.752745e-02   1.055509e-01   1.102943e-01
   33  -6.801976e-03  -6.801104e-03  -6.800724e-03  -6.800179e-03  -6.799395e-03  -6.798270e-03  -6.796655e-03  -6.794336e-03  -6.791004e-03  -6.786223e-03  -6.779358e-03  -6.769503e-03  -6.755355e-03  -6.735060e-03  -6.705971e-03  -6.664148e-03  -6.604252e-03  -6.518463e-03  -6.395768e-03  -6.220354e-03  -5.970141e-03  -5.613860e-03  -5.109571e-03  -4.397389e-03  -3.399558e-03  -2.012124e-03  -1.107189e-04   2.438483e-03   5.731072e-03   9.725716e-03   1.412930e-02   1.835802e-02   2.173738e-02   2.390159e-02   2.505328e-02   2.574661e-02   2.645187e-02   2.740811e-02   2.875702e-02   3.065398e-02   3.329955e-02   3.694269e-02   4.187227e-02   4.838201e-02   5.669054e-02   6.680692e-02   7.834567e-02   9.036132e-02   1.013646e-01   1.097680e-01   1.147682e-01
   34  -6.453515e-03  -6.452599e-03  -6.452200e-03  -6.451627e-03  -6.450804e-03  -6.449622e-03  -6.447925e-03  -6.445490e-03  -6.441992e-03  -6.436970e-03  -6.429655e-03  -6.419407e-03  -6.404549e-03  -6.383226e-03  -6.352630e-03  -6.308746e-03  -6.245834e-03  -6.155732e-03  -6.026803e-03  -5.842061e-03  -5.579334e-03  -5.205187e-03  -4.674477e-03  -3.925483e-03  -2.875954e-03  -1.417352e-03   5.808698e-04   3.257313e-03   6.707440e-03   1.088739e-02   1.548900e-02   1.990653e-02   2.343733e-02   2.569746e-02   2.689258e-02   2.759951e-02   2.831065e-02   2.927448e-02   3.063493e-02   3.254922e-02   3.522010e-02   3.890244e-02   4.389218e-02   5.049408e-02   5.894217e-02   6.926247e-02   8.108346e-02   9.345317e-02   1.048470e-01   1.136073e-01   1.188529e-01
   35  -6.139095e-03  -6.138141e-03  -6.137725e-03  -6.137127e-03  -6.136270e-03  -6.135038e-03  -6.133269e-03  -6.130730e-03  -6.127083e-03  -6.121848e-03  -6.114332e-03  -6.103542e-03  -6.088053e-03  -6.065824e-03  -6.033936e-03  -5.988179e-03  -5.922590e-03  -5.828616e-03  -5.694005e-03  -5.502028e-03  -5.227547e-03  -4.837182e-03  -4.283439e-03  -3.502043e-03  -2.405902e-03  -8.836609e-04   1.201368e-03   3.991393e-03   7.583488e-03   1.192955e-02   1.670946e-02   2.129803e-02   2.496762e-02   2.731687e-02   2.855160e-02   2.927112e-02   2.998797e-02   3.095824e-02   3.232836e-02   3.425705e-02   3.695015e-02   4.066662e-02   4.570918e-02   5.239261e-02   6.096463e-02   7.146786e-02   8.354232e-02   9.623458e-02   1.079863e-01   1.170763e-01   1.225518e-01
   36  -5.855199e-03  -5.854210e-03  -5.853779e-03  -5.853160e-03  -5.852271e-03  -5.850995e-03  -5.849163e-03  -5.846532e-03  -5.842754e-03  -5.837329e-03  -5.829542e-03  -5.818361e-03  -5.802312e-03  -5.779204e-03  -5.746193e-03  -5.698825e-03  -5.630854e-03  -5.533378e-03  -5.394029e-03  -5.194701e-03  -4.910548e-03  -4.505641e-03  -3.931012e-03  -3.120450e-03  -1.983517e-03  -4.036958e-04   1.758460e-03   4.650080e-03   8.369271e-03   1.286440e-02   1.780455e-02   2.254700e-02   2.634272e-02   2.877322e-02   3.004481e-02   3.077570e-02   3.149690e-02   3.247302e-02   3.385077e-02   3.579169e-02   3.850368e-02   4.224864e-02   4.733680e-02   5.409058e-02   6.277138e-02   7.343620e-02   8.573670e-02   9.871683e-02   1.107913e-01   1.201811e-01   1.258683e-01
   37  -5.598647e-03  -5.597628e-03  -5.597183e-03  -5.596545e-03  -5.595629e-03  -5.594312e-03  -5.592424e-03  -5.589711e-03  -5.585816e-03  -5.580223e-03  -5.572193e-03  -5.560667e-03  -5.544099e-03  -5.520370e-03  -5.486294e-03  -5.437411e-03  -5.367163e-03  -5.267008e-03  -5.123160e-03  -4.917370e-03  -4.624034e-03  -4.206387e-03  -3.613767e-03  -2.776779e-03  -1.602575e-03   2.783898e-05   2.259247e-03   5.242079e-03   9.074852e-03   1.370264e-02   1.878579e-02   2.366595e-02   2.757569e-02   3.007925e-02   3.138514e-02   3.212608e-02   3.285072e-02   3.383101e-02   3.521560e-02   3.716609e-02   3.989332e-02   4.366244e-02   4.878816e-02   5.560176e-02   6.437586e-02   7.518046e-02   8.767850e-02   1.009122e-01   1.132722e-01   1.229292e-01   1.288082e-01
   38  -5.366573e-03  -5.365526e-03  -5.365070e-03  -5.364414e-03  -5.363474e-03  -5.362122e-03  -5.360182e-03  -5.357397e-03  -5.353397e-03  -5.347654e-03  -5.339408e-03  -5.327571e-03  -5.310531e-03  -5.286192e-03  -5.251110e-03  -5.201120e-03  -5.128893e-03  -5.025787e-03  -4.878002e-03  -4.667147e-03  -4.365735e-03  -3.936295e-03  -3.327321e-03  -2.467018e-03  -1.259982e-03   4.162446e-04   2.710080e-03   5.773642e-03   9.707336e-03   1.445313e-02   1.966371e-02   2.466688e-02   2.867790e-02   3.124781e-02   3.258375e-02   3.333308e-02   3.406065e-02   3.504415e-02   3.643327e-02   3.839146e-02   4.113053e-02   4.491856e-02   5.007492e-02   5.693806e-02   6.578968e-02   7.671256e-02   8.937884e-02   1.028311e-01   1.154388e-01   1.253293e-01   1.313765e-01
   39  -5.156395e-03  -5.155324e-03  -5.154857e-03  -5.154186e-03  -5.153223e-03  -5.151841e-03  -5.149855e-03  -5.147055e-03  -5.142911e-03  -5.137033e-03  -5.128595e-03  -5.116481e-03  -5.099091e-03  -5.074131e-03  -5.038250e-03  -4.987059e-03  -4.913165e-03  -4.807712e-03  -4.656539e-03  -4.440520e-03  -4.131712e-03  -3.692386e-03  -3.068298e-03  -2.187004e-03  -9.506139e-04   7.665392e-04   3.115928e-03   6.251997e-03   1.027519e-02   1.512491e-02   2.044775e-02   2.555925e-02   2.966006e-02   3.228833e-02   3.365097e-02   3.440757e-02   3.513734e-02   3.612228e-02   3.751506e-02   3.947822e-02   4.222589e-02   4.602803e-02   5.120773e-02   5.810955e-02   6.702424e-02   7.804364e-02   9.084966e-02   1.044847e-01   1.173004e-01   1.273890e-01   1.335800e-01
   40  -4.965795e-03  -4.964702e-03  -4.964225e-03  -4.963541e-03  -4.962558e-03  -4.961147e-03  -4.959121e-03  -4.956211e-03  -4.952034e-03  -4.946036e-03  -4.937424e-03  -4.925063e-03  -4.907315e-03  -4.881884e-03  -4.845291e-03  -4.792854e-03  -4.717588e-03  -4.610010e-03  -4.455609e-03  -4.235233e-03  -3.920073e-03  -3.470954e-03  -2.834113e-03  -1.934232e-03  -6.712857e-04   1.082696e-03   3.481133e-03   6.681323e-03   1.078384e-02   1.572583e-02   2.114630e-02   2.635258e-02   3.053137e-02   3.321090e-02   3.459608e-02   3.535933e-02   3.608970e-02   3.707643e-02   3.847045e-02   4.043674e-02   4.318943e-02   4.700103e-02   5.219681e-02   5.912712e-02   6.808890e-02   7.918411e-02   9.210107e-02   1.058830e-01   1.188684e-01   1.291186e-01   1.354270e-01
   41  -4.792689e-03  -4.791576e-03  -4.791091e-03  -4.790394e-03  -4.789394e-03  -4.787958e-03  -4.785894e-03  -4.782932e-03  -4.778680e-03  -4.772575e-03  -4.763807e-03  -4.751251e-03  -4.733073e-03  -4.707222e-03  -4.670061e-03  -4.616685e-03  -4.540032e-03  -4.430459e-03  -4.273282e-03  -4.048688e-03  -3.727775e-03  -3.270734e-03  -2.621651e-03  -1.704937e-03  -4.185659e-04   1.368218e-03   3.810756e-03   7.067527e-03   1.123942e-02   1.626122e-02   2.176722e-02   2.705525e-02   3.130110e-02   3.402446e-02   3.542882e-02   3.619665e-02   3.692693e-02   3.791360e-02   3.930816e-02   4.127531e-02   4.402963e-02   4.784575e-02   5.305104e-02   5.999939e-02   6.899391e-02   8.014392e-02   9.314392e-02   1.070370e-01   1.201518e-01   1.305271e-01   1.369267e-01
   42  -4.635212e-03  -4.634081e-03  -4.633588e-03  -4.632880e-03  -4.631864e-03  -4.630398e-03  -4.628309e-03  -4.625292e-03  -4.620980e-03  -4.614776e-03  -4.605869e-03  -4.593083e-03  -4.574727e-03  -4.548382e-03  -4.510662e-03  -4.456417e-03  -4.378557e-03  -4.266970e-03  -4.107358e-03  -3.878952e-03  -3.553174e-03  -3.088760e-03  -2.429210e-03  -1.497114e-03  -1.895957e-04   1.626136e-03   4.107488e-03   7.414172e-03   1.164739e-02   1.673813e-02   2.231715e-02   2.767380e-02   3.197693e-02   3.473660e-02   3.615695e-02   3.692748e-02   3.765763e-02   3.864298e-02   4.003601e-02   4.200195e-02   4.475529e-02   4.857096e-02   5.377891e-02   6.073512e-02   6.974819e-02   8.093185e-02   9.398692e-02   1.079573e-01   1.211633e-01   1.316261e-01   1.380894e-01
   43  -4.491689e-03  -4.490543e-03  -4.490042e-03  -4.489325e-03  -4.488294e-03  -4.486815e-03  -4.484689e-03  -4.481638e-03  -4.477257e-03  -4.470965e-03  -4.461933e-03  -4.448966e-03  -4.430352e-03  -4.403634e-03  -4.365295e-03  -4.310290e-03  -4.231390e-03  -4.118417e-03  -3.956426e-03  -3.724857e-03  -3.394008e-03  -2.923231e-03  -2.254005e-03  -1.308662e-03   1.798121e-05   1.859393e-03   4.375059e-03   7.725742e-03   1.201139e-02   1.716175e-02   2.280156e-02   2.821641e-02   3.256604e-02   3.535525e-02   3.678731e-02   3.755965e-02   3.828824e-02   3.927167e-02   4.066235e-02   4.262433e-02   4.537361e-02   4.918492e-02   5.438844e-02   6.134326e-02   7.036020e-02   8.155809e-02   9.464084e-02   1.086537e-01   1.219129e-01   1.324271e-01   1.389267e-01
   44  -4.360625e-03  -4.359464e-03  -4.358958e-03  -4.358231e-03  -4.357187e-03  -4.355688e-03  -4.353537e-03  -4.350448e-03  -4.346011e-03  -4.339642e-03  -4.330497e-03  -4.317368e-03  -4.298521e-03  -4.271428e-03  -4.232652e-03  -4.176862e-03  -4.097106e-03  -3.982360e-03  -3.818879e-03  -3.584236e-03  -3.249137e-03  -2.772032e-03  -2.094459e-03  -1.137323e-03   2.059285e-04   2.070417e-03   4.616468e-03   8.004968e-03   1.233605e-02   1.753571e-02   2.322693e-02   2.868817e-02   3.307523e-02   3.588680e-02   3.732739e-02   3.810017e-02   3.882654e-02   3.980675e-02   4.119325e-02   4.314982e-02   4.589197e-02   4.969403e-02   5.488723e-02   6.183077e-02   7.083797e-02   8.203030e-02   9.511481e-02   1.091374e-01   1.224120e-01   1.329420e-01   1.394511e-01
   45  -4.240679e-03  -4.239505e-03  -4.238994e-03  -4.238259e-03  -4.237204e-03  -4.235688e-03  -4.233439e-03  -4.230389e-03  -4.225904e-03  -4.219464e-03  -4.210217e-03  -4.196958e-03  -4.177886e-03  -4.150534e-03  -4.111321e-03  -4.054909e-03  -3.974150e-03  -3.858425e-03  -3.692756e-03  -3.455530e-03  -3.117024e-03  -2.634525e-03  -1.949328e-03  -9.813029e-04   3.767633e-04   2.261387e-03   4.833717e-03   8.255183e-03   1.262434e-02   1.786540e-02   2.359713e-02   2.909509e-02   3.350965e-02   3.633766e-02   3.778344e-02   3.855478e-02   3.927830e-02   4.025470e-02   4.163572e-02   4.358463e-02   4.631644e-02   5.010528e-02   5.528164e-02   6.220485e-02   7.118918e-02   8.235754e-02   9.541828e-02   1.094190e-01   1.226728e-01   1.331839e-01   1.396761e-01
   46  -4.130655e-03  -4.129470e-03  -4.128953e-03  -4.128211e-03  -4.127146e-03  -4.125624e-03  -4.123418e-03  -4.120264e-03  -4.115817e-03  -4.109231e-03  -4.099894e-03  -4.086489e-03  -4.067245e-03  -4.039624e-03  -3.999936e-03  -3.943114e-03  -3.861598e-03  -3.744602e-03  -3.577181e-03  -3.337863e-03  -2.995765e-03  -2.508637e-03  -1.816569e-03  -8.392615e-04   5.319367e-04   2.434230e-03   5.029519e-03   8.478541e-03   1.287961e-02   1.815416e-02   2.391720e-02   2.944190e-02   3.387594e-02   3.671356e-02   3.816130e-02   3.893010e-02   3.964953e-02   4.062103e-02   4.199535e-02   4.393476e-02   4.665366e-02   5.042486e-02   5.557858e-02   6.247252e-02   7.142097e-02   8.254733e-02   9.556028e-02   1.095083e-01   1.227074e-01   1.331662e-01   1.396166e-01
   47  -4.029484e-03  -4.028288e-03  -4.027767e-03  -4.027018e-03  -4.025943e-03  -4.024400e-03  -4.022184e-03  -4.019002e-03  -4.014434e-03  -4.007873e-03  -3.998455e-03  -3.984933e-03  -3.965521e-03  -3.937679e-03  -3.897601e-03  -3.840314e-03  -3.758037e-03  -3.640135e-03  -3.471285e-03  -3.229788e-03  -2.884677e-03  -2.393173e-03  -1.695509e-03  -7.095861e-04   6.731120e-04   2.590656e-03   5.205442e-03   8.678200e-03   1.310470e-02   1.840501e-02   2.419109e-02   2.973339e-02   3.417834e-02   3.701960e-02   3.846611e-02   3.923112e-02   3.994622e-02   4.091182e-02   4.227776e-02   4.420598e-02   4.690930e-02   5.065902e-02   5.578383e-02   6.264041e-02   7.154109e-02   8.260801e-02   9.554998e-02   1.094165e-01   1.225276e-01   1.329031e-01   1.392878e-01
   48  -3.936209e-03  -3.935004e-03  -3.934479e-03  -3.933725e-03  -3.932642e-03  -3.931090e-03  -3.928854e-03  -3.925647e-03  -3.921038e-03  -3.914433e-03  -3.904942e-03  -3.891315e-03  -3.871803e-03  -3.843743e-03  -3.803337e-03  -3.745589e-03  -3.662624e-03  -3.543871e-03  -3.373763e-03  -3.130243e-03  -2.782619e-03  -2.287339e-03  -1.584209e-03  -5.911769e-04   8.015299e-04   2.732182e-03   5.363490e-03   8.855432e-03   1.330255e-02   1.862152e-02   2.442242e-02   2.997355e-02   3.442160e-02   3.726141e-02   3.870299e-02   3.946299e-02   4.017289e-02   4.113192e-02   4.248857e-02   4.440351e-02   4.708847e-02   5.081327e-02   5.590367e-02   6.271467e-02   7.155573e-02   8.254708e-02   9.539623e-02   1.091537e-01   1.221462e-01   1.324085e-01   1.387054e-01
   49  -3.849979e-03  -3.848766e-03  -3.848237e-03  -3.847478e-03  -3.846387e-03  -3.844822e-03  -3.842573e-03  -3.839345e-03  -3.834710e-03  -3.828055e-03  -3.818463e-03  -3.804782e-03  -3.785089e-03  -3.756823e-03  -3.716239e-03  -3.658083e-03  -3.574651e-03  -3.454974e-03  -3.283740e-03  -3.038491e-03  -2.688766e-03  -2.190111e-03  -1.482400e-03  -4.828123e-04   9.183420e-04   2.860158e-03   5.505006e-03   9.012471e-03   1.347473e-02   1.880610e-02   2.461390e-02   3.016638e-02   3.461041e-02   3.744294e-02   3.887690e-02   3.963078e-02   4.033479e-02   4.128613e-02   4.263256e-02   4.453247e-02   4.719656e-02   5.089266e-02   5.594353e-02   6.270086e-02   7.147159e-02   8.237220e-02   9.510791e-02   1.087303e-01   1.215753e-01   1.316971e-01   1.378857e-01
   50  -3.770032e-03  -3.768812e-03  -3.768280e-03  -3.767516e-03  -3.766419e-03  -3.764844e-03  -3.762583e-03  -3.759335e-03  -3.754673e-03  -3.747978e-03  -3.738367e-03  -3.724686e-03  -3.704759e-03  -3.676326e-03  -3.635509e-03  -3.577000e-03  -3.492905e-03  -3.372721e-03  -3.200176e-03  -2.953939e-03  -2.601841e-03  -2.100624e-03  -1.388803e-03  -3.837804e-04   1.024709e-03   2.975790e-03   5.631798e-03   9.151011e-03   1.362347e-02   1.896127e-02   2.476917e-02   3.031531e-02   3.474805e-02   3.756842e-02   3.899218e-02   3.973868e-02   4.043615e-02   4.137934e-02   4.271374e-02   4.459754e-02   4.723848e-02   5.090188e-02   5.590844e-02   6.260552e-02   7.129516e-02   8.209032e-02   9.469314e-02   1.081567e-01   1.208278e-01   1.307839e-01   1.368452e-01
   51  -3.695689e-03  -3.694463e-03  -3.693928e-03  -3.693160e-03  -3.692058e-03  -3.690475e-03  -3.688202e-03  -3.684938e-03  -3.680220e-03  -3.673507e-03  -3.663862e-03  -3.649992e-03  -3.630154e-03  -3.601486e-03  -3.560616e-03  -3.501670e-03  -3.417396e-03  -3.296491e-03  -3.123239e-03  -2.875549e-03  -2.521701e-03  -2.017727e-03  -1.302671e-03  -2.930957e-04   1.121341e-03   3.080138e-03   5.744685e-03   9.272309e-03   1.375097e-02   1.908930e-02   2.489094e-02   3.042341e-02   3.483873e-02   3.764206e-02   3.905294e-02   3.979099e-02   4.048131e-02   4.141540e-02   4.273722e-02   4.460297e-02   4.721838e-02   5.084625e-02   5.580345e-02   6.243318e-02   7.103240e-02   8.170838e-02   9.416037e-02   1.074434e-01   1.199158e-01   1.296833e-01   1.356008e-01
   52  -3.626346e-03  -3.625114e-03  -3.624607e-03  -3.623806e-03  -3.622698e-03  -3.621108e-03  -3.618825e-03  -3.615547e-03  -3.610840e-03  -3.604081e-03  -3.594378e-03  -3.580447e-03  -3.560450e-03  -3.531903e-03  -3.490589e-03  -3.431320e-03  -3.346757e-03  -3.225330e-03  -3.051264e-03  -2.802454e-03  -2.447220e-03  -1.941355e-03  -1.223345e-03  -2.099123e-04   1.209520e-03   3.174205e-03   5.845140e-03   9.377903e-03   1.385854e-02   1.919244e-02   2.498138e-02   3.049395e-02   3.488551e-02   3.766737e-02   3.906296e-02   3.979168e-02   4.047403e-02   4.139865e-02   4.270653e-02   4.455271e-02   4.714081e-02   5.073022e-02   5.563353e-02   6.218940e-02   7.068888e-02   8.123356e-02   9.351855e-02   1.066001e-01   1.188517e-01   1.284102e-01   1.341695e-01
   53  -3.561461e-03  -3.560225e-03  -3.559686e-03  -3.558912e-03  -3.557800e-03  -3.556205e-03  -3.553913e-03  -3.550622e-03  -3.545898e-03  -3.539114e-03  -3.529375e-03  -3.515377e-03  -3.495309e-03  -3.466511e-03  -3.425168e-03  -3.365846e-03  -3.280871e-03  -3.158986e-03  -2.984357e-03  -2.734669e-03  -2.378173e-03  -1.870651e-03  -1.150218e-03  -1.335218e-04   1.289644e-03   3.258813e-03   5.933944e-03   9.469103e-03   1.394753e-02   1.927233e-02   2.504300e-02   3.052932e-02   3.489159e-02   3.764765e-02   3.902597e-02   3.974404e-02   4.041839e-02   4.133257e-02   4.262585e-02   4.445102e-02   4.700942e-02   5.055740e-02   5.540295e-02   6.187920e-02   7.027064e-02   8.067225e-02   9.277465e-02   1.056368e-01   1.176482e-01   1.269794e-01   1.325679e-01
   54  -3.500555e-03  -3.499314e-03  -3.498773e-03  -3.497997e-03  -3.496882e-03  -3.495282e-03  -3.492983e-03  -3.489682e-03  -3.484943e-03  -3.478139e-03  -3.468369e-03  -3.454344e-03  -3.434210e-03  -3.405269e-03  -3.363897e-03  -3.304315e-03  -3.219105e-03  -3.096732e-03  -2.921683e-03  -2.671371e-03  -2.313815e-03  -1.804627e-03  -1.082535e-03  -6.348894e-05   1.362619e-03   3.334753e-03   6.012202e-03   9.546932e-03   1.401965e-02   1.933065e-02   2.507772e-02   3.053213e-02   3.485994e-02   3.758651e-02   3.894506e-02   3.965230e-02   4.031779e-02   4.122070e-02   4.249836e-02   4.430162e-02   4.682871e-02   5.033237e-02   5.511631e-02   6.150713e-02   6.978295e-02   8.003119e-02   9.193753e-02   1.045634e-01   1.163166e-01   1.254054e-01   1.308124e-01
   55  -3.443197e-03  -3.441954e-03  -3.441412e-03  -3.440634e-03  -3.439516e-03  -3.437911e-03  -3.435607e-03  -3.432298e-03  -3.427548e-03  -3.420726e-03  -3.410932e-03  -3.396872e-03  -3.376687e-03  -3.347659e-03  -3.306150e-03  -3.246520e-03  -3.160921e-03  -3.038440e-03  -2.862895e-03  -2.611941e-03  -2.253656e-03  -1.743465e-03  -1.019964e-03   8.503102e-07   1.429135e-03   3.402721e-03   6.080453e-03   9.612275e-03   1.407618e-02   1.936908e-02   2.508750e-02   3.050483e-02   3.479343e-02   3.748669e-02   3.882375e-02   3.951888e-02   4.017515e-02   4.106668e-02   4.232796e-02   4.410785e-02   4.660176e-02   5.005885e-02   5.477740e-02   6.107806e-02   6.923100e-02   7.931626e-02   9.101401e-02   1.033894e-01   1.148692e-01   1.237019e-01   1.289195e-01
   56  -3.389007e-03  -3.387762e-03  -3.387219e-03  -3.386439e-03  -3.385319e-03  -3.383711e-03  -3.381403e-03  -3.378088e-03  -3.373327e-03  -3.366493e-03  -3.356678e-03  -3.342593e-03  -3.322355e-03  -3.293383e-03  -3.251612e-03  -3.191952e-03  -3.106132e-03  -2.983494e-03  -2.807684e-03  -2.556258e-03  -2.197457e-03  -1.686346e-03  -9.617290e-04   6.001066e-05   1.489230e-03   3.463380e-03   6.139527e-03   9.666295e-03   1.411797e-02   1.938894e-02   2.507418e-02   3.044966e-02   3.469412e-02   3.735105e-02   3.866488e-02   3.934745e-02   3.999404e-02   4.087341e-02   4.211762e-02   4.387298e-02   4.633242e-02   4.974045e-02   5.439050e-02   6.059637e-02   6.862000e-02   7.853352e-02   9.001194e-02   1.021238e-01   1.133171e-01   1.218830e-01   1.269044e-01
   57  -3.337645e-03  -3.336397e-03  -3.335853e-03  -3.335072e-03  -3.333951e-03  -3.332341e-03  -3.330029e-03  -3.326710e-03  -3.321943e-03  -3.315099e-03  -3.305273e-03  -3.291166e-03  -3.270916e-03  -3.241964e-03  -3.200117e-03  -3.140423e-03  -3.054513e-03  -2.931609e-03  -2.755554e-03  -2.503830e-03  -2.144511e-03  -1.633143e-03  -9.080090e-04   1.145224e-04   1.543803e-03   3.517207e-03   6.190330e-03   9.709451e-03   1.414625e-02   1.939166e-02   2.503951e-02   3.036827e-02   3.456466e-02   3.718227e-02   3.847139e-02   3.914065e-02   3.977725e-02   4.064407e-02   4.187034e-02   4.360015e-02   4.602357e-02   4.938057e-02   5.395950e-02   6.006625e-02   6.795494e-02   7.768914e-02   8.893852e-02   1.007757e-01   1.116714e-01   1.199621e-01   1.247824e-01
   58  -3.288806e-03  -3.287558e-03  -3.287013e-03  -3.286232e-03  -3.285109e-03  -3.283498e-03  -3.281184e-03  -3.277861e-03  -3.273090e-03  -3.266241e-03  -3.256406e-03  -3.242287e-03  -3.222031e-03  -3.192944e-03  -3.151187e-03  -3.091306e-03  -3.005336e-03  -2.882353e-03  -2.706193e-03  -2.454371e-03  -2.094905e-03  -1.583143e-03  -8.578429e-04   1.645535e-04   1.593361e-03   3.564813e-03   6.233278e-03   9.742786e-03   1.416186e-02   1.937846e-02   2.498492e-02   3.026273e-02   3.440722e-02   3.698271e-02   3.824570e-02   3.890101e-02   3.952758e-02   4.038114e-02   4.158915e-02   4.329282e-02   4.567856e-02   4.898268e-02   5.348730e-02   5.949163e-02   6.724019e-02   7.678845e-02   8.780033e-02   9.935364e-02   1.099431e-01   1.179518e-01   1.225681e-01
   59  -3.242223e-03  -3.240974e-03  -3.240429e-03  -3.239647e-03  -3.238524e-03  -3.236912e-03  -3.234597e-03  -3.231273e-03  -3.226500e-03  -3.219647e-03  -3.209775e-03  -3.195789e-03  -3.175409e-03  -3.146309e-03  -3.104558e-03  -3.044759e-03  -2.958812e-03  -2.835570e-03  -2.659586e-03  -2.407469e-03  -2.047928e-03  -1.536337e-03  -8.111265e-04   2.107907e-04   1.638279e-03   3.606636e-03   6.269248e-03   9.766956e-03   1.416588e-02   1.935020e-02   2.491157e-02   3.013487e-02   3.422401e-02   3.675481e-02   3.799044e-02   3.863170e-02   3.924745e-02   4.008774e-02   4.127637e-02   4.295282e-02   4.530010e-02   4.854976e-02   5.297799e-02   5.887632e-02   6.648039e-02   7.583685e-02   8.660432e-02   9.786581e-02   1.081419e-01   1.158644e-01   1.202754e-01
   60  -3.197654e-03  -3.196405e-03  -3.195861e-03  -3.195079e-03  -3.193956e-03  -3.192344e-03  -3.190029e-03  -3.186705e-03  -3.181933e-03  -3.175080e-03  -3.165238e-03  -3.151139e-03  -3.130845e-03  -3.101767e-03  -3.059993e-03  -3.000026e-03  -2.914211e-03  -2.791231e-03  -2.615004e-03  -2.363081e-03  -2.003715e-03  -1.492312e-03  -7.676772e-04   2.531642e-04   1.678479e-03   3.643043e-03   6.298173e-03   9.782685e-03   1.415883e-02   1.930815e-02   2.482115e-02   2.998609e-02   3.401679e-02   3.650057e-02   3.770794e-02   3.833485e-02   3.893978e-02   3.976603e-02   4.093519e-02   4.258380e-02   4.489133e-02   4.808502e-02   5.243484e-02   5.822409e-02   6.568002e-02   7.483950e-02   8.535654e-02   9.632050e-02   1.062782e-01   1.137114e-01   1.179172e-01
   61  -3.154887e-03  -3.153639e-03  -3.153095e-03  -3.152313e-03  -3.151191e-03  -3.149580e-03  -3.147266e-03  -3.143941e-03  -3.139173e-03  -3.132350e-03  -3.122523e-03  -3.108454e-03  -3.088090e-03  -3.059028e-03  -3.017344e-03  -2.957453e-03  -2.871508e-03  -2.748598e-03  -2.572474e-03  -2.320923e-03  -1.961808e-03  -1.450988e-03  -7.269344e-04   2.921646e-04   1.714938e-03   3.674560e-03   6.320924e-03   9.790298e-03   1.414181e-02   1.925335e-02   2.471475e-02   2.981826e-02   3.378742e-02   3.622270e-02   3.740058e-02   3.801269e-02   3.860644e-02   3.941862e-02   4.056760e-02   4.218756e-02   4.445471e-02   4.759125e-02   5.186049e-02   5.753864e-02   6.484295e-02   7.380136e-02   8.406350e-02   9.472514e-02   1.043608e-01   1.115042e-01   1.155058e-01
   62  -3.113732e-03  -3.112485e-03  -3.111941e-03  -3.111161e-03  -3.110039e-03  -3.108430e-03  -3.106118e-03  -3.102799e-03  -3.098033e-03  -3.091191e-03  -3.081366e-03  -3.067250e-03  -3.046978e-03  -3.017963e-03  -2.976270e-03  -2.916436e-03  -2.830747e-03  -2.707904e-03  -2.531987e-03  -2.280554e-03  -1.921910e-03  -1.411747e-03  -6.891998e-04   3.281980e-04   1.747551e-03   3.701403e-03   6.337912e-03   9.790482e-03   1.411502e-02   1.918633e-02   2.459333e-02   2.963237e-02   3.353752e-02   3.592232e-02   3.707054e-02   3.766724e-02   3.824966e-02   3.904775e-02   4.017633e-02   4.176700e-02   4.399293e-02   4.707085e-02   5.125863e-02   5.682298e-02   6.397302e-02   7.272720e-02   8.273065e-02   9.308668e-02   1.023991e-01   1.092527e-01   1.130535e-01
   63  -3.074021e-03  -3.072775e-03  -3.072232e-03  -3.071453e-03  -3.070329e-03  -3.068726e-03  -3.066416e-03  -3.063102e-03  -3.058343e-03  -3.051531e-03  -3.041698e-03  -3.027613e-03  -3.007328e-03  -2.978398e-03  -2.936742e-03  -2.877114e-03  -2.791399e-03  -2.668696e-03  -2.493046e-03  -2.242137e-03  -1.884039e-03  -1.374779e-03  -6.534926e-04   3.614780e-04   1.776820e-03   3.723980e-03   6.349500e-03   9.784007e-03   1.407951e-02   1.910844e-02   2.445821e-02   2.943019e-02   3.326903e-02   3.560182e-02   3.671943e-02   3.730093e-02   3.787184e-02   3.865526e-02   3.976291e-02   4.132423e-02   4.350799e-02   4.652683e-02   5.063105e-02   5.608056e-02   6.307424e-02   7.162161e-02   8.136370e-02   9.141239e-02   1.004008e-01   1.069671e-01   1.105704e-01
   64  -3.035604e-03  -3.034360e-03  -3.033818e-03  -3.033040e-03  -3.031922e-03  -3.030317e-03  -3.028000e-03  -3.024703e-03  -3.019951e-03  -3.013130e-03  -3.003335e-03  -2.989275e-03  -2.969045e-03  -2.940195e-03  -2.898535e-03  -2.838976e-03  -2.753390e-03  -2.630987e-03  -2.455788e-03  -2.205118e-03  -1.847999e-03  -1.339784e-03  -6.203634e-04   3.919097e-04   1.802870e-03   3.742755e-03   6.355814e-03   9.770860e-03   1.403605e-02   1.902004e-02   2.431028e-02   2.921258e-02   3.298317e-02   3.526291e-02   3.634929e-02   3.691544e-02   3.747505e-02   3.824356e-02   3.933007e-02   4.086129e-02   4.300250e-02   4.596117e-02   4.998136e-02   5.531434e-02   6.214962e-02   7.048865e-02   7.996762e-02   8.970854e-02   9.837419e-02   1.046560e-01   1.080661e-01
   65  -2.998347e-03  -2.997106e-03  -2.996565e-03  -2.995788e-03  -2.994673e-03  -2.993071e-03  -2.990772e-03  -2.987472e-03  -2.982787e-03  -2.975920e-03  -2.966172e-03  -2.952114e-03  -2.931967e-03  -2.903131e-03  -2.861571e-03  -2.802131e-03  -2.716754e-03  -2.594699e-03  -2.419657e-03  -2.169885e-03  -1.813316e-03  -1.306488e-03  -5.891234e-04   4.199682e-04   1.825827e-03   3.757631e-03   6.357755e-03   9.751814e-03   1.398460e-02   1.892211e-02   2.415062e-02   2.898091e-02   3.268130e-02   3.490716e-02   3.596191e-02   3.651275e-02   3.706061e-02   3.781409e-02   3.887945e-02   4.038036e-02   4.247864e-02   4.537667e-02   4.931182e-02   5.452743e-02   6.120320e-02   6.933228e-02   7.854810e-02   8.798099e-02   9.632647e-02   1.023287e-01   1.055508e-01
   66  -2.962134e-03  -2.960896e-03  -2.960356e-03  -2.959581e-03  -2.958469e-03  -2.956871e-03  -2.954576e-03  -2.951282e-03  -2.946552e-03  -2.939761e-03  -2.930011e-03  -2.916014e-03  -2.895921e-03  -2.867086e-03  -2.825697e-03  -2.766255e-03  -2.681249e-03  -2.559351e-03  -2.384900e-03  -2.135826e-03  -1.780339e-03  -1.275001e-03  -5.597427e-04   4.457156e-04   1.845871e-03   3.769069e-03   6.355122e-03   9.727002e-03   1.392619e-02   1.881510e-02   2.397988e-02   2.873658e-02   3.236525e-02   3.453591e-02   3.555909e-02   3.609440e-02   3.663060e-02   3.736914e-02   3.841299e-02   3.988343e-02   4.193821e-02   4.477496e-02   4.862473e-02   5.372213e-02   6.023801e-02   6.815657e-02   7.710880e-02   8.623567e-02   9.426436e-02   9.999224e-02   1.030320e-01
   67  -2.926859e-03  -2.925624e-03  -2.925086e-03  -2.924313e-03  -2.923204e-03  -2.921610e-03  -2.919322e-03  -2.916037e-03  -2.911297e-03  -2.904548e-03  -2.894825e-03  -2.880866e-03  -2.860830e-03  -2.832075e-03  -2.790865e-03  -2.731691e-03  -2.646839e-03  -2.525223e-03  -2.351419e-03  -2.102812e-03  -1.748597e-03  -1.244710e-03  -5.322188e-04   4.694111e-04   1.863871e-03   3.777393e-03   6.348460e-03   9.697017e-03   1.386108e-02   1.869963e-02   2.379892e-02   2.848012e-02   3.203586e-02   3.415075e-02   3.514241e-02   3.566219e-02   3.618672e-02   3.691000e-02   3.793209e-02   3.937195e-02   4.138314e-02   4.415863e-02   4.792239e-02   5.290124e-02   5.925651e-02   6.696529e-02   7.565469e-02   8.447755e-02   9.219409e-02   9.765338e-02   1.005175e-01
   68  -2.892430e-03  -2.891199e-03  -2.890662e-03  -2.889892e-03  -2.888786e-03  -2.887198e-03  -2.884917e-03  -2.881641e-03  -2.876939e-03  -2.870188e-03  -2.860495e-03  -2.846512e-03  -2.826693e-03  -2.797889e-03  -2.756813e-03  -2.697782e-03  -2.613204e-03  -2.492043e-03  -2.318705e-03  -2.070994e-03  -1.718016e-03  -1.216160e-03  -5.063148e-04   4.912661e-04   1.879149e-03   3.782536e-03   6.337923e-03   9.662157e-03   1.378965e-02   1.857662e-02   2.360863e-02   2.821273e-02   3.169447e-02   3.375322e-02   3.471302e-02   3.521760e-02   3.573048e-02   3.643841e-02   3.743902e-02   3.884798e-02   4.081551e-02   4.352903e-02   4.720698e-02   5.206709e-02   5.826236e-02   6.576107e-02   7.418968e-02   8.271208e-02   9.012136e-02   9.531973e-02   9.801422e-02
   69  -2.858765e-03  -2.857538e-03  -2.857003e-03  -2.856235e-03  -2.855133e-03  -2.853550e-03  -2.851277e-03  -2.848013e-03  -2.843327e-03  -2.836599e-03  -2.826939e-03  -2.813071e-03  -2.793146e-03  -2.764512e-03  -2.723605e-03  -2.664909e-03  -2.580560e-03  -2.459942e-03  -2.287199e-03  -2.040256e-03  -1.688521e-03  -1.188726e-03  -4.817438e-04   5.112873e-04   1.892202e-03   3.785036e-03   6.323871e-03   9.622725e-03   1.371253e-02   1.844640e-02   2.340977e-02   2.793557e-02   3.134221e-02   3.334459e-02   3.427270e-02   3.476205e-02   3.526318e-02   3.595588e-02   3.693474e-02   3.831297e-02   4.023671e-02   4.288869e-02   4.648032e-02   5.122204e-02   5.725737e-02   6.454770e-02   7.271797e-02   8.094336e-02   8.805166e-02   9.299641e-02   9.552842e-02
   70  -2.825791e-03  -2.824569e-03  -2.824036e-03  -2.823271e-03  -2.822173e-03  -2.820586e-03  -2.818332e-03  -2.815079e-03  -2.810410e-03  -2.803707e-03  -2.794041e-03  -2.780242e-03  -2.760454e-03  -2.732065e-03  -2.691078e-03  -2.632435e-03  -2.548701e-03  -2.428407e-03  -2.256408e-03  -2.010474e-03  -1.660170e-03  -1.162514e-03  -4.587125e-04   5.294008e-04   1.903124e-03   3.784795e-03   6.306468e-03   9.579068e-03   1.363008e-02   1.830948e-02   2.320281e-02   2.764916e-02   3.098012e-02   3.292609e-02   3.382280e-02   3.429700e-02   3.478645e-02   3.546384e-02   3.642107e-02   3.776852e-02   3.964845e-02   4.223887e-02   4.574478e-02   5.036843e-02   5.624477e-02   6.332823e-02   7.124217e-02   7.917583e-02   8.598978e-02   9.068860e-02   9.306569e-02
   71  -2.793444e-03  -2.792226e-03  -2.791696e-03  -2.790934e-03  -2.789840e-03  -2.788255e-03  -2.786014e-03  -2.782746e-03  -2.778125e-03  -2.771448e-03  -2.761863e-03  -2.748102e-03  -2.728351e-03  -2.699971e-03  -2.659331e-03  -2.601059e-03  -2.517367e-03  -2.397621e-03  -2.226374e-03  -1.981510e-03  -1.632756e-03  -1.137254e-03  -4.369175e-04   5.461621e-04   1.912267e-03   3.782196e-03   6.285935e-03   9.531513e-03   1.354263e-02   1.816651e-02   2.298867e-02   2.735458e-02   3.060920e-02   3.249871e-02   3.336426e-02   3.382371e-02   3.430168e-02   3.496371e-02   3.589938e-02   3.721586e-02   3.905218e-02   4.158145e-02   4.500179e-02   4.950785e-02   5.522652e-02   6.210473e-02   6.976619e-02   7.741344e-02   8.394011e-02   8.840170e-02   9.063065e-02
   72  -2.761667e-03  -2.760455e-03  -2.759927e-03  -2.759168e-03  -2.758079e-03  -2.756515e-03  -2.754269e-03  -2.751044e-03  -2.746414e-03  -2.739766e-03  -2.730222e-03  -2.716520e-03  -2.696880e-03  -2.668631e-03  -2.628143e-03  -2.570046e-03  -2.486738e-03  -2.367681e-03  -2.196992e-03  -1.953459e-03  -1.606221e-03  -1.113161e-03  -4.164021e-04   5.615248e-04   1.919552e-03   3.777157e-03   6.262427e-03   9.480121e-03   1.345051e-02   1.801769e-02   2.276779e-02   2.705248e-02   3.023075e-02   3.206372e-02   3.289844e-02   3.334338e-02   3.380968e-02   3.445671e-02   3.537070e-02   3.665649e-02   3.844953e-02   4.091761e-02   4.425326e-02   4.864244e-02   5.420480e-02   6.088031e-02   6.829329e-02   7.565905e-02   8.190697e-02   8.613920e-02   8.822768e-02
   73  -2.730410e-03  -2.729204e-03  -2.728678e-03  -2.727923e-03  -2.726761e-03  -2.725282e-03  -2.723046e-03  -2.719836e-03  -2.715226e-03  -2.708609e-03  -2.699108e-03  -2.685470e-03  -2.665894e-03  -2.637845e-03  -2.597443e-03  -2.539770e-03  -2.456903e-03  -2.338149e-03  -2.168495e-03  -1.925931e-03  -1.580583e-03  -1.089966e-03  -3.968683e-04   5.753806e-04   1.925059e-03   3.770098e-03   6.236239e-03   9.425275e-03   1.335402e-02   1.786375e-02   2.254073e-02   2.674363e-02   2.984531e-02   3.162221e-02   3.242647e-02   3.285691e-02   3.331204e-02   3.394379e-02   3.483641e-02   3.609183e-02   3.784157e-02   4.024930e-02   4.350011e-02   4.777415e-02   5.318142e-02   5.965741e-02   6.682562e-02   7.391660e-02   7.989304e-02   8.390538e-02   8.586008e-02
   74  -2.699630e-03  -2.698429e-03  -2.697906e-03  -2.697154e-03  -2.696075e-03  -2.694526e-03  -2.692301e-03  -2.689107e-03  -2.684519e-03  -2.677934e-03  -2.668477e-03  -2.654905e-03  -2.635478e-03  -2.607436e-03  -2.567353e-03  -2.509767e-03  -2.427405e-03  -2.309286e-03  -2.140496e-03  -1.899177e-03  -1.555493e-03  -1.067691e-03  -3.784283e-04   5.879869e-04   1.929001e-03   3.761041e-03   6.207573e-03   9.367269e-03   1.325363e-02   1.770499e-02   2.230824e-02   2.642875e-02   2.945369e-02   3.117498e-02   3.194931e-02   3.236568e-02   3.280940e-02   3.342640e-02   3.429756e-02   3.552243e-02   3.722989e-02   3.957721e-02   4.274464e-02   4.690428e-02   5.215886e-02   5.843767e-02   6.536594e-02   7.218886e-02   7.790221e-02   8.170337e-02   8.353181e-02
   75  -2.669287e-03  -2.668092e-03  -2.667571e-03  -2.666824e-03  -2.665750e-03  -2.664208e-03  -2.661995e-03  -2.658817e-03  -2.654253e-03  -2.647701e-03  -2.638294e-03  -2.624791e-03  -2.605409e-03  -2.577595e-03  -2.537755e-03  -2.480407e-03  -2.398444e-03  -2.280979e-03  -2.112960e-03  -1.873092e-03  -1.531331e-03  -1.046103e-03  -3.609540e-04   5.994213e-04   1.931493e-03   3.750054e-03   6.176351e-03   9.306396e-03   1.314943e-02   1.754175e-02   2.207064e-02   2.610868e-02   2.905709e-02   3.072304e-02   3.146804e-02   3.187058e-02   3.230321e-02   3.290524e-02   3.375527e-02   3.495050e-02   3.661512e-02   3.890308e-02   4.198778e-02   4.603441e-02   5.113837e-02   5.722353e-02   6.391679e-02   7.047827e-02   7.593712e-02   7.953589e-02   8.124475e-02
   76  -2.639347e-03  -2.638158e-03  -2.637641e-03  -2.636897e-03  -2.635829e-03  -2.634295e-03  -2.632093e-03  -2.628932e-03  -2.624331e-03  -2.617876e-03  -2.608520e-03  -2.595079e-03  -2.575810e-03  -2.548145e-03  -2.508457e-03  -2.451554e-03  -2.370002e-03  -2.253140e-03  -2.086003e-03  -1.847545e-03  -1.507681e-03  -1.025323e-03  -3.444178e-04   6.099327e-04   1.932672e-03   3.737447e-03   6.143108e-03   9.242556e-03   1.304189e-02   1.737457e-02   2.182848e-02   2.578372e-02   2.865579e-02   3.026726e-02   3.098336e-02   3.137241e-02   3.179414e-02   3.238130e-02   3.321055e-02   3.437594e-02   3.599875e-02   3.822787e-02   4.123094e-02   4.516605e-02   5.012172e-02   5.601657e-02   6.247988e-02   6.878697e-02   7.400023e-02   7.740546e-02   7.900136e-02
   77  -2.609780e-03  -2.608598e-03  -2.608083e-03  -2.607344e-03  -2.606282e-03  -2.604757e-03  -2.602567e-03  -2.599423e-03  -2.594940e-03  -2.588429e-03  -2.579158e-03  -2.565777e-03  -2.546597e-03  -2.519000e-03  -2.479611e-03  -2.422976e-03  -2.341858e-03  -2.225713e-03  -2.059633e-03  -1.822481e-03  -1.484668e-03  -1.005207e-03  -3.286561e-04   6.192253e-04   1.932544e-03   3.723098e-03   6.107745e-03   9.176158e-03   1.293120e-02   1.720358e-02   2.158241e-02   2.545473e-02   2.825088e-02   2.980852e-02   3.049636e-02   3.087229e-02   3.128302e-02   3.185574e-02   3.266425e-02   3.380022e-02   3.538164e-02   3.755262e-02   4.047504e-02   4.430031e-02   4.911025e-02   5.481870e-02   6.105721e-02   6.711718e-02   7.209339e-02   7.531384e-02   7.680389e-02
   78  -2.580560e-03  -2.579385e-03  -2.578873e-03  -2.578138e-03  -2.577082e-03  -2.575566e-03  -2.573389e-03  -2.570263e-03  -2.565755e-03  -2.559332e-03  -2.550045e-03  -2.536800e-03  -2.517745e-03  -2.490393e-03  -2.451187e-03  -2.394866e-03  -2.314270e-03  -2.198848e-03  -2.033581e-03  -1.797823e-03  -1.462142e-03  -9.859628e-04  -3.137386e-04   6.275525e-04   1.931147e-03   3.707231e-03   6.070409e-03   9.107374e-03   1.281755e-02   1.702936e-02   2.133262e-02   2.512219e-02   2.784301e-02   2.934741e-02   3.000777e-02   3.037088e-02   3.077105e-02   3.132946e-02   3.211742e-02   3.322439e-02   3.476483e-02   3.687862e-02   3.972145e-02   4.343878e-02   4.810533e-02   5.363141e-02   5.965081e-02   6.547092e-02   7.021871e-02   7.326317e-02   7.465350e-02
   79  -2.551663e-03  -2.550496e-03  -2.549987e-03  -2.549256e-03  -2.548207e-03  -2.546700e-03  -2.544536e-03  -2.541429e-03  -2.536968e-03  -2.530564e-03  -2.521369e-03  -2.508149e-03  -2.489226e-03  -2.462075e-03  -2.423046e-03  -2.367121e-03  -2.286962e-03  -2.172203e-03  -2.008115e-03  -1.773813e-03  -1.440216e-03  -9.671125e-04  -2.995162e-04   6.349814e-04   1.928639e-03   3.689943e-03   6.031344e-03   9.036462e-03   1.270127e-02   1.685207e-02   2.107961e-02   2.478674e-02   2.743265e-02   2.888480e-02   2.951833e-02   2.986894e-02   3.025848e-02   3.080272e-02   3.157043e-02   3.264901e-02   3.414896e-02   3.620609e-02   3.897106e-02   4.258237e-02   4.710826e-02   5.245548e-02   5.826164e-02   6.384945e-02   6.837786e-02   7.125474e-02   7.255116e-02
   80  -2.523071e-03  -2.521911e-03  -2.521405e-03  -2.520679e-03  -2.519636e-03  -2.518138e-03  -2.515988e-03  -2.512900e-03  -2.508468e-03  -2.502133e-03  -2.492966e-03  -2.479832e-03  -2.460994e-03  -2.434013e-03  -2.395283e-03  -2.339644e-03  -2.260050e-03  -2.146020e-03  -1.982936e-03  -1.750140e-03  -1.418836e-03  -9.489706e-04  -2.860716e-04   6.416144e-04   1.925070e-03   3.671398e-03   5.990562e-03   8.963316e-03   1.258268e-02   1.667204e-02   2.082382e-02   2.444861e-02   2.702057e-02   2.842126e-02   2.902878e-02   2.936720e-02   2.974653e-02   3.027656e-02   3.102454e-02   3.207497e-02   3.353530e-02   3.553660e-02   3.822473e-02   4.173192e-02   4.612029e-02   5.129290e-02   5.689138e-02   6.225408e-02   6.657187e-02   6.928932e-02   7.049818e-02
   81  -2.494765e-03  -2.493612e-03  -2.493110e-03  -2.492388e-03  -2.491352e-03  -2.489864e-03  -2.487727e-03  -2.484660e-03  -2.480255e-03  -2.473932e-03  -2.464854e-03  -2.451804e-03  -2.433143e-03  -2.406277e-03  -2.367795e-03  -2.312550e-03  -2.233498e-03  -2.120091e-03  -1.958225e-03  -1.727006e-03  -1.397931e-03  -9.312838e-04  -2.731903e-04   6.474552e-04   1.920477e-03   3.651541e-03   5.948232e-03   8.888489e-03   1.246173e-02   1.648957e-02   2.056565e-02   2.410846e-02   2.660723e-02   2.795750e-02   2.853961e-02   2.886634e-02   2.923558e-02   2.975172e-02   3.048018e-02   3.150283e-02   3.292399e-02   3.487085e-02   3.748367e-02   4.088831e-02   4.514201e-02   5.014484e-02   5.554120e-02   6.068643e-02   6.480193e-02   6.736804e-02   6.849453e-02
   82  -2.466730e-03  -2.465585e-03  -2.465086e-03  -2.464369e-03  -2.463339e-03  -2.461862e-03  -2.459739e-03  -2.456692e-03  -2.452328e-03  -2.446035e-03  -2.437017e-03  -2.424076e-03  -2.405465e-03  -2.378849e-03  -2.340564e-03  -2.285741e-03  -2.207129e-03  -2.094640e-03  -1.933787e-03  -1.704176e-03  -1.377425e-03  -9.141589e-04  -2.609951e-04   6.524800e-04   1.914990e-03   3.630439e-03   5.904472e-03   8.811785e-03   1.233887e-02   1.630490e-02   2.030530e-02   2.376680e-02   2.619310e-02   2.749416e-02   2.805139e-02   2.836689e-02   2.872602e-02   2.922869e-02   2.993811e-02   3.093327e-02   3.231596e-02   3.420929e-02   3.674801e-02   4.005278e-02   4.417474e-02   4.901143e-02   5.421176e-02   5.914710e-02   6.306871e-02   6.549141e-02   6.654107e-02
   83  -2.438953e-03  -2.437815e-03  -2.437320e-03  -2.436608e-03  -2.435585e-03  -2.434117e-03  -2.432010e-03  -2.428983e-03  -2.424638e-03  -2.418400e-03  -2.409426e-03  -2.396587e-03  -2.378129e-03  -2.351686e-03  -2.313602e-03  -2.259201e-03  -2.181147e-03  -2.069492e-03  -1.909645e-03  -1.681769e-03  -1.357331e-03  -8.975210e-04  -2.493386e-04   6.568436e-04   1.908671e-03   3.608426e-03   5.859385e-03   8.733509e-03   1.221411e-02   1.611831e-02   2.004326e-02   2.342397e-02   2.577892e-02   2.703167e-02   2.756516e-02   2.786945e-02   2.821883e-02   2.870821e-02   2.939852e-02   3.036699e-02   3.171206e-02   3.355261e-02   3.601893e-02   3.922546e-02   4.321901e-02   4.789395e-02   5.290422e-02   5.763697e-02   6.137300e-02   6.365974e-02   6.463771e-02
   84  -2.411422e-03  -2.410293e-03  -2.409800e-03  -2.409093e-03  -2.408078e-03  -2.406601e-03  -2.404546e-03  -2.401523e-03  -2.397208e-03  -2.391013e-03  -2.382120e-03  -2.369355e-03  -2.351021e-03  -2.324767e-03  -2.287086e-03  -2.232969e-03  -2.155498e-03  -2.044549e-03  -1.885979e-03  -1.659675e-03  -1.337657e-03  -8.813610e-04  -2.382414e-04   6.604445e-04   1.901529e-03   3.585348e-03   5.813107e-03   8.653829e-03   1.208775e-02   1.593010e-02   1.977981e-02   2.308033e-02   2.536502e-02   2.657058e-02   2.708096e-02   2.737444e-02   2.771427e-02   2.819057e-02   2.886225e-02   2.980436e-02   3.111261e-02   3.290137e-02   3.529667e-02   3.840744e-02   4.227535e-02   4.679339e-02   5.161903e-02   5.615674e-02   5.971546e-02   6.187299e-02   6.278402e-02
   85  -2.384128e-03  -2.383006e-03  -2.382518e-03  -2.381816e-03  -2.380808e-03  -2.379361e-03  -2.377283e-03  -2.374300e-03  -2.370017e-03  -2.363866e-03  -2.355038e-03  -2.342364e-03  -2.324152e-03  -2.298038e-03  -2.260630e-03  -2.206972e-03  -2.130039e-03  -2.019986e-03  -1.862458e-03  -1.637877e-03  -1.318394e-03  -8.655957e-04  -2.276479e-04   6.635608e-04   1.893489e-03   3.561308e-03   5.765639e-03   8.572839e-03   1.195986e-02   1.574038e-02   1.951519e-02   2.273635e-02   2.495171e-02   2.611120e-02   2.659924e-02   2.688268e-02   2.721306e-02   2.767651e-02   2.833006e-02   2.924634e-02   3.051834e-02   3.225668e-02   3.458223e-02   3.759944e-02   4.134488e-02   4.570969e-02   5.035738e-02   5.470699e-02   5.809590e-02   6.013189e-02   6.098035e-02
   86  -2.357062e-03  -2.355949e-03  -2.355464e-03  -2.354767e-03  -2.353767e-03  -2.352330e-03  -2.350268e-03  -2.347306e-03  -2.343055e-03  -2.336950e-03  -2.328186e-03  -2.315635e-03  -2.297565e-03  -2.271638e-03  -2.234447e-03  -2.181167e-03  -2.104881e-03  -1.995534e-03  -1.839339e-03  -1.616490e-03  -1.299437e-03  -8.502609e-04  -2.175909e-04   6.660143e-04   1.884825e-03   3.536397e-03   5.717165e-03   8.490495e-03   1.183068e-02   1.554953e-02   1.924987e-02   2.239247e-02   2.453963e-02   2.565430e-02   2.612080e-02   2.639411e-02   2.671541e-02   2.716620e-02   2.780192e-02   2.869302e-02   2.992939e-02   3.161812e-02   3.387586e-02   3.680162e-02   4.042806e-02   4.464424e-02   4.911932e-02   5.328807e-02   5.651496e-02   5.843563e-02   5.922581e-02
   87  -2.330217e-03  -2.329112e-03  -2.328631e-03  -2.327940e-03  -2.326947e-03  -2.325521e-03  -2.323474e-03  -2.320535e-03  -2.316316e-03  -2.310258e-03  -2.301591e-03  -2.289067e-03  -2.271159e-03  -2.245439e-03  -2.208530e-03  -2.155690e-03  -2.079896e-03  -1.971456e-03  -1.816524e-03  -1.595372e-03  -1.280783e-03  -8.353501e-04  -2.079197e-04   6.679295e-04   1.875569e-03   3.510675e-03   5.667706e-03   8.407199e-03   1.170038e-02   1.535763e-02   1.898396e-02   2.204879e-02   2.412911e-02   2.520004e-02   2.564577e-02   2.590951e-02   2.622181e-02   2.666027e-02   2.727837e-02   2.814478e-02   2.934619e-02   3.098678e-02   3.317800e-02   3.601459e-02   3.952488e-02   4.359708e-02   4.790503e-02   5.189995e-02   5.497215e-02   5.678419e-02   5.752016e-02
   88  -2.303586e-03  -2.302491e-03  -2.302013e-03  -2.301327e-03  -2.300342e-03  -2.298927e-03  -2.296896e-03  -2.293980e-03  -2.289793e-03  -2.283776e-03  -2.275172e-03  -2.262776e-03  -2.244987e-03  -2.219499e-03  -2.182852e-03  -2.130495e-03  -2.055272e-03  -1.947697e-03  -1.793971e-03  -1.574518e-03  -1.262588e-03  -8.207608e-04  -1.987631e-04   6.693201e-04   1.865581e-03   3.484203e-03   5.617354e-03   8.322848e-03   1.156915e-02   1.516497e-02   1.871776e-02   2.170581e-02   2.372041e-02   2.474892e-02   2.517465e-02   2.542894e-02   2.573251e-02   2.615889e-02   2.675993e-02   2.760216e-02   2.876962e-02   3.036275e-02   3.248927e-02   3.523898e-02   3.863620e-02   4.256866e-02   4.671524e-02   5.054326e-02   5.346811e-02   5.517717e-02   5.586238e-02
   89  -2.277166e-03  -2.276079e-03  -2.275605e-03  -2.274924e-03  -2.273947e-03  -2.272544e-03  -2.270528e-03  -2.267636e-03  -2.263482e-03  -2.257513e-03  -2.248957e-03  -2.236681e-03  -2.219044e-03  -2.193682e-03  -2.157421e-03  -2.105340e-03  -2.030807e-03  -1.924120e-03  -1.771576e-03  -1.554032e-03  -1.244643e-03  -8.065153e-04  -1.899995e-04   6.702050e-04   1.854901e-03   3.457009e-03   5.566221e-03   8.237669e-03   1.143701e-02   1.497167e-02   1.845158e-02   2.136375e-02   2.331405e-02   2.430121e-02   2.470761e-02   2.495295e-02   2.524806e-02   2.566263e-02   2.624687e-02   2.706544e-02   2.819967e-02   2.974668e-02   3.180989e-02   3.447490e-02   3.776240e-02   4.155919e-02   4.555011e-02   4.921786e-02   5.200178e-02   5.361435e-02   5.425257e-02
   90  -2.250951e-03  -2.249872e-03  -2.249402e-03  -2.248727e-03  -2.247758e-03  -2.246366e-03  -2.244367e-03  -2.241497e-03  -2.237377e-03  -2.231453e-03  -2.222969e-03  -2.210748e-03  -2.193300e-03  -2.168208e-03  -2.132213e-03  -2.080511e-03  -2.006595e-03  -1.900796e-03  -1.749485e-03  -1.533762e-03  -1.227014e-03  -7.927062e-04  -1.815839e-04   6.706191e-04   1.843885e-03   3.429226e-03   5.514332e-03   8.151638e-03   1.130417e-02   1.477793e-02   1.818543e-02   2.102288e-02   2.291008e-02   2.385729e-02   2.424508e-02   2.448194e-02   2.476865e-02   2.517164e-02   2.573941e-02   2.653486e-02   2.763667e-02   2.913852e-02   3.114018e-02   3.372279e-02   3.690358e-02   4.056895e-02   4.440960e-02   4.792320e-02   5.057328e-02   5.209457e-02   5.268902e-02
   91  -2.224937e-03  -2.223868e-03  -2.223401e-03  -2.222732e-03  -2.221770e-03  -2.220390e-03  -2.218408e-03  -2.215562e-03  -2.211475e-03  -2.205608e-03  -2.197163e-03  -2.185096e-03  -2.167767e-03  -2.142850e-03  -2.107094e-03  -2.055930e-03  -1.982648e-03  -1.877618e-03  -1.727689e-03  -1.513690e-03  -1.209626e-03  -7.791330e-04  -1.735925e-04   6.706290e-04   1.832310e-03   3.400826e-03   5.461779e-03   8.065022e-03   1.117070e-02   1.458385e-02   1.791982e-02   2.068349e-02   2.250905e-02   2.341739e-02   2.378745e-02   2.401589e-02   2.429440e-02   2.468619e-02   2.523800e-02   2.601079e-02   2.708076e-02   2.853875e-02   3.048035e-02   3.298267e-02   3.605989e-02   3.959812e-02   4.329387e-02   4.665976e-02   4.918234e-02   5.061761e-02   5.117131e-02
   92  -2.199123e-03  -2.198062e-03  -2.197599e-03  -2.196936e-03  -2.195982e-03  -2.194613e-03  -2.192648e-03  -2.189826e-03  -2.185773e-03  -2.179956e-03  -2.171604e-03  -2.159615e-03  -2.142410e-03  -2.117723e-03  -2.082341e-03  -2.031566e-03  -1.958877e-03  -1.854807e-03  -1.706084e-03  -1.494030e-03  -1.192639e-03  -7.659077e-04  -1.659328e-04   6.702305e-04   1.820220e-03   3.371881e-03   5.408624e-03   7.977669e-03   1.103683e-02   1.438977e-02   1.765469e-02   2.034575e-02   2.211099e-02   2.298167e-02   2.333478e-02   2.355510e-02   2.382573e-02   2.420644e-02   2.474278e-02   2.549342e-02   2.653256e-02   2.794768e-02   2.983063e-02   3.225498e-02   3.523166e-02   3.864689e-02   4.220297e-02   4.542699e-02   4.782840e-02   4.918248e-02   4.969853e-02
   93  -2.173504e-03  -2.172452e-03  -2.171994e-03  -2.171336e-03  -2.170391e-03  -2.169033e-03  -2.167084e-03  -2.164286e-03  -2.160269e-03  -2.154500e-03  -2.146220e-03  -2.134342e-03  -2.117265e-03  -2.092743e-03  -2.057696e-03  -2.007407e-03  -1.935274e-03  -1.832050e-03  -1.684716e-03  -1.474526e-03  -1.175752e-03  -7.529890e-04  -1.586350e-04   6.693763e-04   1.807652e-03   3.342437e-03   5.354976e-03   7.889942e-03   1.090253e-02   1.419567e-02   1.739039e-02   2.001000e-02   2.171628e-02   2.255058e-02   2.288734e-02   2.310004e-02   2.336290e-02   2.373275e-02   2.425381e-02   2.498294e-02   2.599199e-02   2.736534e-02   2.919131e-02   3.153985e-02   3.441927e-02   3.771532e-02   4.113654e-02   4.422519e-02   4.651122e-02   4.778894e-02   4.826957e-02
   94  -2.148080e-03  -2.147037e-03  -2.146583e-03  -2.145930e-03  -2.144993e-03  -2.143648e-03  -2.141716e-03  -2.138942e-03  -2.134959e-03  -2.129241e-03  -2.121032e-03  -2.109249e-03  -2.092321e-03  -2.068081e-03  -2.033343e-03  -1.983342e-03  -1.911928e-03  -1.809698e-03  -1.663537e-03  -1.455306e-03  -1.159197e-03  -7.403880e-04  -1.516037e-04   6.681810e-04   1.794789e-03   3.312537e-03   5.300749e-03   7.801748e-03   1.076798e-02   1.400172e-02   1.712708e-02   1.967644e-02   2.132524e-02   2.212430e-02   2.244539e-02   2.265061e-02   2.290596e-02   2.326528e-02   2.377159e-02   2.447970e-02   2.545930e-02   2.679186e-02   2.856253e-02   3.083757e-02   3.362215e-02   3.680305e-02   4.009491e-02   4.305351e-02   4.522967e-02   4.643514e-02   4.688349e-02
   95  -2.122848e-03  -2.121815e-03  -2.121365e-03  -2.120718e-03  -2.119780e-03  -2.118455e-03  -2.116543e-03  -2.113791e-03  -2.109843e-03  -2.104175e-03  -2.096009e-03  -2.084360e-03  -2.067594e-03  -2.043588e-03  -2.009043e-03  -1.959617e-03  -1.888759e-03  -1.787425e-03  -1.642607e-03  -1.436221e-03  -1.142939e-03  -7.280030e-04  -1.448443e-04   6.668419e-04   1.781499e-03   3.282221e-03   5.246229e-03   7.713117e-03   1.063330e-02   1.380815e-02   1.686492e-02   1.934521e-02   2.093779e-02   2.170291e-02   2.200897e-02   2.220708e-02   2.245507e-02   2.280411e-02   2.329583e-02   2.398364e-02   2.493468e-02   2.622754e-02   2.794429e-02   3.014765e-02   3.284065e-02   3.591048e-02   3.907729e-02   4.191157e-02   4.398343e-02   4.512120e-02   4.553920e-02
   96  -2.097809e-03  -2.096785e-03  -2.096338e-03  -2.095697e-03  -2.094777e-03  -2.093455e-03  -2.091557e-03  -2.088832e-03  -2.084919e-03  -2.079303e-03  -2.071239e-03  -2.059679e-03  -2.043054e-03  -2.019211e-03  -1.985021e-03  -1.936004e-03  -1.865878e-03  -1.765449e-03  -1.621983e-03  -1.417452e-03  -1.126885e-03  -7.159158e-04  -1.385090e-04   6.649785e-04   1.767779e-03   3.251512e-03   5.191320e-03   7.624272e-03   1.049867e-02   1.361503e-02   1.660410e-02   1.901661e-02   2.055442e-02   2.128667e-02   2.157837e-02   2.176968e-02   2.201051e-02   2.234961e-02   2.282722e-02   2.349513e-02   2.441808e-02   2.567256e-02   2.733702e-02   2.947085e-02   3.207509e-02   3.503756e-02   3.808442e-02   4.079934e-02   4.277187e-02   4.384585e-02   4.423592e-02
   97  -2.072960e-03  -2.071945e-03  -2.071502e-03  -2.070867e-03  -2.069955e-03  -2.068645e-03  -2.066765e-03  -2.064064e-03  -2.060187e-03  -2.054621e-03  -2.046631e-03  -2.035162e-03  -2.018634e-03  -1.995117e-03  -1.961238e-03  -1.912700e-03  -1.843090e-03  -1.743583e-03  -1.601464e-03  -1.398911e-03  -1.111125e-03  -7.041082e-04  -1.323784e-04   6.628388e-04   1.753786e-03   3.220495e-03   5.136044e-03   7.535193e-03   1.036400e-02   1.342245e-02   1.634464e-02   1.869056e-02   2.017508e-02   2.087567e-02   2.115376e-02   2.133847e-02   2.157229e-02   2.190169e-02   2.236551e-02   2.301395e-02   2.390965e-02   2.512668e-02   2.674007e-02   2.880660e-02   3.132513e-02   3.418398e-02   3.711492e-02   3.971588e-02   4.159414e-02   4.260829e-02   4.297200e-02
   98  -2.048301e-03  -2.047295e-03  -2.046857e-03  -2.046227e-03  -2.045324e-03  -2.044026e-03  -2.042163e-03  -2.039496e-03  -2.035654e-03  -2.030131e-03  -2.022215e-03  -2.010851e-03  -1.994544e-03  -1.971147e-03  -1.937602e-03  -1.889524e-03  -1.820540e-03  -1.722051e-03  -1.581173e-03  -1.380572e-03  -1.095506e-03  -6.924880e-04  -1.266101e-04   6.604058e-04   1.739456e-03   3.189152e-03   5.080525e-03   7.446005e-03   1.022953e-02   1.323057e-02   1.608674e-02   1.836746e-02   1.980002e-02   2.047013e-02   2.073516e-02   2.091351e-02   2.114060e-02   2.146048e-02   2.191078e-02   2.254045e-02   2.340990e-02   2.459048e-02   2.615447e-02   2.815578e-02   3.059073e-02   3.334938e-02   3.616938e-02   3.866088e-02   4.044994e-02   4.140745e-02   4.174689e-02
   99  -2.023831e-03  -2.022835e-03  -2.022424e-03  -2.021777e-03  -2.020882e-03  -2.019596e-03  -2.017751e-03  -2.015113e-03  -2.011295e-03  -2.005820e-03  -1.997986e-03  -1.986732e-03  -1.970577e-03  -1.947431e-03  -1.914186e-03  -1.866494e-03  -1.798250e-03  -1.700619e-03  -1.561177e-03  -1.362423e-03  -1.080175e-03  -6.811771e-04  -1.209411e-04   6.577597e-04   1.724869e-03   3.157545e-03   5.024742e-03   7.356719e-03   1.009522e-02   1.303939e-02   1.583074e-02   1.804731e-02   1.942940e-02   2.007011e-02   2.032268e-02   2.049487e-02   2.071549e-02   2.102604e-02   2.146335e-02   2.207470e-02   2.291832e-02   2.406356e-02   2.557942e-02   2.751722e-02   2.987186e-02   3.253359e-02   3.524699e-02   3.763447e-02   3.933818e-02   4.024261e-02   4.055937e-02
  100  -1.999551e-03  -1.998565e-03  -1.998134e-03  -1.997516e-03  -1.996630e-03  -1.995357e-03  -1.993528e-03  -1.990903e-03  -1.987133e-03  -1.981735e-03  -1.973954e-03  -1.962803e-03  -1.946804e-03  -1.923843e-03  -1.890963e-03  -1.843728e-03  -1.776091e-03  -1.679445e-03  -1.541272e-03  -1.344553e-03  -1.065044e-03  -6.699721e-04  -1.155619e-04   6.548911e-04   1.710043e-03   3.125692e-03   4.968815e-03   7.267385e-03   9.961133e-03   1.284918e-02   1.557631e-02   1.773034e-02   1.906330e-02   1.967568e-02   1.991641e-02   2.008263e-02   2.029686e-02   2.059852e-02   2.102322e-02   2.161645e-02   2.243536e-02   2.354607e-02   2.501532e-02   2.689183e-02   2.916881e-02   3.173703e-02   3.434775e-02   3.663503e-02   3.825796e-02   3.911258e-02   3.940856e-02
