# l loading Love number for a Heaviside load
# Computed by ISSM on 19-Mar-2026 11:27:51
#
#   n         l_n(t)
    1  -1.081222e+00  -1.081484e+00  -1.081602e+00  -1.081774e+00  -1.082024e+00  -1.082386e+00  -1.082911e+00  -1.083675e+00  -1.084783e+00  -1.086390e+00  -1.088718e+00  -1.092094e+00  -1.096974e+00  -1.104024e+00  -1.114179e+00  -1.128758e+00  -1.149576e+00  -1.179090e+00  -1.220498e+00  -1.277731e+00  -1.355184e+00  -1.456849e+00  -1.584604e+00  -1.735512e+00  -1.899131e+00  -2.057686e+00  -2.192858e+00  -2.298386e+00  -2.386632e+00  -2.477214e+00  -2.579244e+00
    2  -1.282214e-01  -1.285665e-01  -1.287227e-01  -1.289489e-01  -1.292783e-01  -1.297555e-01  -1.304477e-01  -1.314515e-01  -1.329067e-01  -1.350125e-01  -1.380557e-01  -1.424446e-01  -1.487542e-01  -1.577839e-01  -1.706261e-01  -1.887278e-01  -2.139320e-01  -2.484524e-01  -2.947318e-01  -3.551695e-01  -4.317675e-01  -5.258311e-01  -6.375692e-01  -7.647782e-01  -9.000052e-01  -1.028734e+00  -1.133763e+00  -1.205746e+00  -1.249461e+00  -1.275783e+00  -1.289312e+00
    3  -6.723785e-02  -6.742994e-02  -6.751668e-02  -6.764269e-02  -6.782585e-02  -6.809175e-02  -6.847755e-02  -6.903742e-02  -6.985017e-02  -7.102860e-02  -7.273620e-02  -7.520835e-02  -7.878267e-02  -8.393935e-02  -9.135709e-02  -1.019814e-01  -1.171047e-01  -1.384412e-01  -1.681655e-01  -2.088410e-01  -2.631287e-01  -3.331253e-01  -4.191837e-01  -5.182121e-01  -6.219732e-01  -7.170277e-01  -7.889390e-01  -8.305594e-01  -8.466002e-01  -8.471578e-01  -8.384984e-01
    4  -5.549903e-02  -5.564219e-02  -5.570701e-02  -5.580096e-02  -5.593754e-02  -5.613563e-02  -5.642357e-02  -5.684123e-02  -5.744678e-02  -5.832597e-02  -5.960084e-02  -6.144563e-02  -6.411507e-02  -6.796867e-02  -7.351823e-02  -8.147976e-02  -9.283871e-02  -1.089171e-01  -1.314193e-01  -1.623990e-01  -2.040511e-01  -2.581543e-01  -3.249838e-01  -4.016815e-01  -4.807235e-01  -5.502139e-01  -5.981890e-01  -6.200335e-01  -6.217954e-01  -6.134474e-01  -6.002333e-01
    5  -5.211878e-02  -5.224009e-02  -5.229502e-02  -5.237462e-02  -5.249030e-02  -5.265801e-02  -5.290208e-02  -5.325579e-02  -5.376893e-02  -5.451324e-02  -5.559164e-02  -5.715287e-02  -5.940981e-02  -6.266458e-02  -6.734533e-02  -7.404748e-02  -8.358292e-02  -9.703063e-02  -1.157565e-01  -1.413668e-01  -1.754948e-01  -2.192952e-01  -2.725044e-01  -3.321368e-01  -3.914573e-01  -4.407114e-01  -4.711240e-01  -4.808008e-01  -4.762853e-01  -4.657935e-01  -4.523884e-01
    6  -4.940019e-02  -4.950555e-02  -4.955332e-02  -4.962243e-02  -4.972298e-02  -4.986932e-02  -5.008096e-02  -5.038850e-02  -5.083442e-02  -5.148095e-02  -5.241758e-02  -5.377314e-02  -5.573124e-02  -5.855373e-02  -6.260772e-02  -6.840336e-02  -7.663108e-02  -8.819714e-02  -1.042313e-01  -1.260208e-01  -1.547948e-01  -1.912411e-01  -2.346626e-01  -2.819078e-01  -3.267711e-01  -3.612093e-01  -3.792721e-01  -3.815360e-01  -3.745285e-01  -3.641807e-01  -3.517239e-01
    7  -4.651117e-02  -4.660290e-02  -4.664438e-02  -4.670472e-02  -4.679204e-02  -4.691923e-02  -4.710346e-02  -4.737067e-02  -4.775854e-02  -4.832083e-02  -4.913527e-02  -5.031337e-02  -5.201499e-02  -5.446607e-02  -5.798453e-02  -6.300789e-02  -7.012805e-02  -8.011398e-02  -9.390922e-02  -1.125620e-01  -1.370102e-01  -1.676289e-01  -2.034730e-01  -2.413871e-01  -2.756977e-01  -2.997178e-01  -3.095537e-01  -3.074377e-01  -2.996048e-01  -2.900911e-01  -2.789350e-01
    8  -4.353327e-02  -4.361286e-02  -4.364784e-02  -4.370110e-02  -4.377696e-02  -4.388710e-02  -4.404696e-02  -4.427891e-02  -4.461411e-02  -4.510297e-02  -4.580901e-02  -4.683199e-02  -4.830500e-02  -5.042871e-02  -5.347595e-02  -5.781896e-02  -6.396984e-02  -7.257903e-02  -8.443731e-02  -1.003985e-01  -1.211817e-01  -1.469430e-01  -1.766132e-01  -2.071725e-01  -2.335293e-01  -2.501661e-01  -2.546580e-01  -2.501207e-01  -2.422472e-01  -2.337311e-01  -2.239556e-01
    9  -4.057438e-02  -4.064319e-02  -4.067431e-02  -4.071950e-02  -4.078511e-02  -4.088034e-02  -4.101790e-02  -4.121913e-02  -4.151066e-02  -4.193123e-02  -4.254238e-02  -4.342477e-02  -4.469821e-02  -4.653390e-02  -4.916383e-02  -5.290985e-02  -5.820668e-02  -6.560984e-02  -7.577518e-02  -8.940120e-02  -1.070244e-01  -1.286529e-01  -1.531694e-01  -1.777501e-01  -1.979187e-01  -2.091893e-01  -2.102105e-01  -2.044566e-01  -1.969352e-01  -1.894138e-01  -1.809685e-01
   10  -3.769635e-02  -3.775564e-02  -3.778246e-02  -3.782139e-02  -3.787792e-02  -3.795997e-02  -3.807906e-02  -3.825184e-02  -3.850278e-02  -3.886604e-02  -3.939115e-02  -4.015126e-02  -4.124811e-02  -4.282616e-02  -4.508825e-02  -4.830832e-02  -5.285529e-02  -5.919516e-02  -6.787747e-02  -7.946406e-02  -9.435152e-02  -1.124275e-01  -1.325777e-01  -1.522134e-01  -1.674545e-01  -1.747203e-01  -1.734535e-01  -1.671795e-01  -1.601858e-01  -1.535914e-01  -1.463629e-01
   11  -3.493349e-02  -3.498434e-02  -3.500734e-02  -3.504073e-02  -3.508921e-02  -3.515959e-02  -3.526177e-02  -3.541010e-02  -3.562503e-02  -3.593690e-02  -3.638696e-02  -3.703957e-02  -3.797751e-02  -3.933218e-02  -4.126685e-02  -4.402143e-02  -4.790487e-02  -5.331052e-02  -6.068919e-02  -7.048959e-02  -8.299111e-02  -9.800076e-02  -1.144217e-01  -1.299187e-01  -1.411653e-01  -1.453653e-01  -1.425498e-01  -1.361279e-01  -1.297042e-01  -1.239425e-01  -1.177881e-01
   12  -3.230629e-02  -3.234966e-02  -3.236928e-02  -3.239776e-02  -3.243911e-02  -3.249913e-02  -3.258623e-02  -3.271259e-02  -3.289582e-02  -3.316134e-02  -3.354498e-02  -3.410156e-02  -3.490251e-02  -3.605374e-02  -3.770188e-02  -4.004417e-02  -4.334114e-02  -4.792092e-02  -5.415211e-02  -6.238514e-02  -7.280205e-02  -8.514808e-02  -9.836869e-02  -1.103694e-01  -1.183334e-01  -1.201251e-01  -1.162176e-01  -1.098146e-01  -1.039243e-01  -9.888517e-02  -9.365523e-02
   13  -2.982740e-02  -2.986413e-02  -2.988075e-02  -2.990487e-02  -2.994034e-02  -2.999072e-02  -3.006449e-02  -3.017175e-02  -3.032634e-02  -3.055150e-02  -3.087656e-02  -3.134735e-02  -3.202507e-02  -3.299917e-02  -3.439075e-02  -3.636729e-02  -3.914884e-02  -4.299688e-02  -4.821630e-02  -5.507173e-02  -6.366177e-02  -7.368838e-02  -8.415038e-02  -9.317649e-02  -9.840362e-02  -9.825783e-02  -9.352676e-02  -8.718880e-02  -8.174741e-02  -7.731139e-02  -7.286245e-02
   14  -2.750393e-02  -2.753478e-02  -2.754873e-02  -2.756899e-02  -2.759839e-02  -2.764107e-02  -2.770324e-02  -2.779279e-02  -2.792312e-02  -2.811182e-02  -2.838425e-02  -2.877941e-02  -2.934783e-02  -3.016384e-02  -3.132923e-02  -3.298424e-02  -3.530484e-02  -3.851065e-02  -4.283520e-02  -4.847691e-02  -5.546788e-02  -6.347146e-02  -7.154522e-02  -7.802407e-02  -8.094334e-02  -7.919035e-02  -7.378420e-02  -6.747890e-02  -6.237768e-02  -5.843156e-02  -5.462947e-02
   15  -2.533868e-02  -2.536431e-02  -2.537590e-02  -2.539273e-02  -2.541716e-02  -2.545262e-02  -2.550407e-02  -2.557870e-02  -2.568690e-02  -2.584361e-02  -2.607045e-02  -2.639775e-02  -2.686938e-02  -2.754586e-02  -2.851263e-02  -2.988037e-02  -3.179502e-02  -3.443093e-02  -3.796820e-02  -4.254089e-02  -4.812560e-02  -5.436389e-02  -6.036247e-02  -6.464989e-02  -6.559544e-02  -6.247272e-02  -5.646085e-02  -5.011712e-02  -4.523671e-02  -4.166682e-02  -3.839495e-02
   16  -2.333100e-02  -2.335201e-02  -2.336151e-02  -2.337531e-02  -2.339533e-02  -2.342440e-02  -2.346657e-02  -2.352774e-02  -2.361640e-02  -2.374524e-02  -2.393042e-02  -2.419853e-02  -2.458496e-02  -2.513803e-02  -2.592646e-02  -2.704187e-02  -2.859890e-02  -3.073095e-02  -3.357427e-02  -3.720653e-02  -4.155858e-02  -4.625325e-02  -5.044538e-02  -5.283160e-02  -5.207156e-02  -4.774500e-02  -4.114835e-02  -3.467119e-02  -2.989102e-02  -2.659203e-02  -2.374894e-02
   17  -2.147758e-02  -2.149451e-02  -2.150217e-02  -2.151328e-02  -2.152942e-02  -2.155283e-02  -2.158681e-02  -2.163607e-02  -2.170726e-02  -2.181056e-02  -2.196052e-02  -2.217602e-02  -2.248640e-02  -2.293132e-02  -2.356321e-02  -2.445511e-02  -2.569606e-02  -2.738522e-02  -2.961568e-02  -3.242135e-02  -3.569333e-02  -3.903532e-02  -4.165151e-02  -4.238202e-02  -4.012730e-02  -3.471631e-02  -2.752516e-02  -2.081531e-02  -1.601644e-02  -1.289128e-02  -1.038847e-02
   18  -1.977312e-02  -1.978645e-02  -1.979248e-02  -1.980123e-02  -1.981393e-02  -1.983236e-02  -1.985911e-02  -1.989804e-02  -1.995411e-02  -2.003500e-02  -2.015292e-02  -2.032251e-02  -2.056578e-02  -2.091420e-02  -2.140932e-02  -2.210410e-02  -2.306613e-02  -2.436545e-02  -2.605814e-02  -2.813890e-02  -3.046029e-02  -3.261866e-02  -3.385733e-02  -3.313681e-02  -2.955896e-02  -2.314923e-02  -1.533813e-02  -8.293147e-03  -3.368573e-03  -3.284057e-04   1.911186e-03
   19  -1.821090e-02  -1.822106e-02  -1.822565e-02  -1.823232e-02  -1.824200e-02  -1.825605e-02  -1.827668e-02  -1.830597e-02  -1.834876e-02  -1.841098e-02  -1.850007e-02  -1.862844e-02  -1.881375e-02  -1.907766e-02  -1.945121e-02  -1.997333e-02  -2.069031e-02  -2.164707e-02  -2.286665e-02  -2.431019e-02  -2.579942e-02  -2.692003e-02  -2.694932e-02  -2.495276e-02  -2.019253e-02  -1.284288e-02  -4.382345e-03   3.089493e-03   8.240413e-03   1.127612e-02   1.332084e-02
   20  -1.678323e-02  -1.679061e-02  -1.679395e-02  -1.679879e-02  -1.680582e-02  -1.681637e-02  -1.683080e-02  -1.685223e-02  -1.688325e-02  -1.692810e-02  -1.699281e-02  -1.708588e-02  -1.721918e-02  -1.740928e-02  -1.767573e-02  -1.804550e-02  -1.854807e-02  -1.920405e-02  -2.000922e-02  -2.089324e-02  -2.165266e-02  -2.186439e-02  -2.083257e-02  -1.770350e-02  -1.187612e-02  -3.638524e-03   5.505740e-03   1.348582e-02   1.895333e-02   2.206090e-02   2.396657e-02
   21  -1.548189e-02  -1.548683e-02  -1.548906e-02  -1.549230e-02  -1.549700e-02  -1.550381e-02  -1.551370e-02  -1.552801e-02  -1.554871e-02  -1.557861e-02  -1.562166e-02  -1.568342e-02  -1.577147e-02  -1.589597e-02  -1.606965e-02  -1.630672e-02  -1.662009e-02  -1.701220e-02  -1.745365e-02  -1.784785e-02  -1.796754e-02  -1.738010e-02  -1.541326e-02  -1.128099e-02  -4.482201e-03   4.605276e-03   1.445951e-02   2.301898e-02   2.888166e-02   3.212629e-02   3.394677e-02
   22  -1.429833e-02  -1.430113e-02  -1.430240e-02  -1.430424e-02  -1.430690e-02  -1.431076e-02  -1.431635e-02  -1.432443e-02  -1.433610e-02  -1.435295e-02  -1.437700e-02  -1.441132e-02  -1.445979e-02  -1.452726e-02  -1.461910e-02  -1.473964e-02  -1.488812e-02  -1.504845e-02  -1.517226e-02  -1.513637e-02  -1.469452e-02  -1.340514e-02  -1.061319e-02  -5.584437e-03   2.100549e-03   1.200313e-02   2.258750e-02   3.178383e-02   3.810942e-02   4.155235e-02   4.333259e-02
   23  -1.322399e-02  -1.322492e-02  -1.322535e-02  -1.322595e-02  -1.322684e-02  -1.322811e-02  -1.322995e-02  -1.323259e-02  -1.323636e-02  -1.324172e-02  -1.324923e-02  -1.325958e-02  -1.327342e-02  -1.329104e-02  -1.331137e-02  -1.332997e-02  -1.333398e-02  -1.329239e-02  -1.313618e-02  -1.272449e-02  -1.178971e-02  -9.882937e-03  -6.360015e-03  -5.309107e-04   7.968664e-03   1.865312e-02   2.998119e-02   3.985841e-02   4.670453e-02   5.039941e-02   5.218137e-02
   24  -1.225041e-02  -1.224971e-02  -1.224939e-02  -1.224893e-02  -1.224826e-02  -1.224727e-02  -1.224583e-02  -1.224372e-02  -1.224060e-02  -1.223595e-02  -1.222898e-02  -1.221838e-02  -1.220199e-02  -1.217604e-02  -1.213387e-02  -1.206316e-02  -1.194091e-02  -1.172183e-02  -1.132153e-02  -1.057982e-02  -9.212503e-03  -6.761071e-03  -2.591715e-03   3.957339e-03   1.320500e-02   2.463982e-02   3.671614e-02   4.730593e-02   5.471867e-02   5.871335e-02   6.053349e-02
   25  -1.136939e-02  -1.136726e-02  -1.136630e-02  -1.136491e-02  -1.136288e-02  -1.135992e-02  -1.135562e-02  -1.134935e-02  -1.134021e-02  -1.132693e-02  -1.130723e-02  -1.127844e-02  -1.123554e-02  -1.117123e-02  -1.107433e-02  -1.092577e-02  -1.069322e-02  -1.031941e-02  -9.704913e-03  -8.673901e-03  -6.926416e-03  -3.994423e-03   7.497505e-04   7.946038e-03   1.788370e-02   3.003572e-02   4.285539e-02   5.417901e-02   6.219347e-02   6.652732e-02   6.841903e-02
   26  -1.057306e-02  -1.056969e-02  -1.056817e-02  -1.056596e-02  -1.056274e-02  -1.055807e-02  -1.055127e-02  -1.054139e-02  -1.052698e-02  -1.050608e-02  -1.047536e-02  -1.043047e-02  -1.036465e-02  -1.026744e-02  -1.012316e-02  -9.906059e-03  -9.576962e-03  -9.067371e-03  -8.265202e-03  -6.979719e-03  -4.897520e-03  -1.541222e-03   3.714112e-03   1.149369e-02   2.206780e-02   3.490176e-02   4.845419e-02   6.051964e-02   6.916135e-02   7.386889e-02   7.586112e-02
   27  -9.853975e-03  -9.849526e-03  -9.847513e-03  -9.844589e-03  -9.840339e-03  -9.834165e-03  -9.824800e-03  -9.812106e-03  -9.793159e-03  -9.765526e-03  -9.725264e-03  -9.666471e-03  -9.580240e-03  -9.454249e-03  -9.268002e-03  -8.991397e-03  -8.577619e-03  -7.949479e-03  -6.982899e-03  -5.473574e-03  -3.096073e-03   6.352694e-04   6.346569e-03   1.465208e-02   2.581062e-02   3.929197e-02   5.355872e-02   6.636539e-02   7.565017e-02   8.075707e-02   8.287543e-02
   28  -9.205126e-03  -9.199731e-03  -9.197289e-03  -9.193743e-03  -9.188591e-03  -9.181106e-03  -9.170231e-03  -9.154421e-03  -9.131436e-03  -9.097997e-03  -9.049312e-03  -8.978445e-03  -8.874838e-03  -8.722956e-03  -8.500544e-03  -8.172175e-03  -7.684097e-03  -6.951174e-03  -5.839977e-03  -4.134069e-03  -1.495676e-03   2.567941e-03   8.685354e-03   1.746547e-02   2.916279e-02   4.325351e-02   5.821067e-02   7.174807e-02   8.168185e-02   8.720776e-02   8.947362e-02
   29  -8.619971e-03  -8.613748e-03  -8.610932e-03  -8.606843e-03  -8.600748e-03  -8.592273e-03  -8.579735e-03  -8.561514e-03  -8.535027e-03  -8.496512e-03  -8.440473e-03  -8.358817e-03  -8.239715e-03  -8.066069e-03  -7.811459e-03  -7.437190e-03  -6.883885e-03  -6.059999e-03  -4.821303e-03  -2.941667e-03  -7.312742e-05   4.285712e-03   1.076576e-02   1.997359e-02   3.216471e-02   4.682702e-02   6.244491e-02   7.669543e-02   8.727488e-02   9.323156e-02   9.566294e-02
   30  -8.092446e-03  -8.085499e-03  -8.082356e-03  -8.077791e-03  -8.071160e-03  -8.061528e-03  -8.047535e-03  -8.027202e-03  -7.997651e-03  -7.954859e-03  -7.892211e-03  -7.801279e-03  -7.668733e-03  -7.475693e-03  -7.192900e-03  -6.778321e-03  -6.168327e-03  -5.263567e-03  -3.912887e-03  -1.880061e-03   1.192704e-03   5.813470e-03   1.261717e-02   2.221068e-02   3.485291e-02   5.004840e-02   6.629331e-02   8.123148e-02   9.244569e-02   9.883904e-02   1.014484e-01
   31  -7.616955e-03  -7.609374e-03  -7.605943e-03  -7.600962e-03  -7.593726e-03  -7.583215e-03  -7.567945e-03  -7.545711e-03  -7.513521e-03  -7.466798e-03  -7.398585e-03  -7.299277e-03  -7.155100e-03  -6.945018e-03  -6.637635e-03  -6.187800e-03  -5.527117e-03  -4.551425e-03  -3.101417e-03  -9.331879e-04   2.320216e-03   7.173863e-03   1.426649e-02   2.420662e-02   3.726059e-02   5.294957e-02   6.978396e-02   8.537818e-02   9.720891e-02   1.040369e-01   1.068337e-01
   32  -7.188364e-03  -7.180225e-03  -7.176542e-03  -7.171194e-03  -7.163426e-03  -7.152143e-03  -7.135751e-03  -7.112050e-03  -7.077206e-03  -7.027057e-03  -6.954013e-03  -6.847782e-03  -6.692927e-03  -6.467506e-03  -6.138420e-03  -5.658187e-03  -4.953428e-03  -3.914598e-03  -2.376889e-03  -8.850116e-05   3.325463e-03   8.386321e-03   1.573675e-02   2.598813e-02   3.941523e-02   5.555748e-02   7.294225e-02   8.915578e-02   1.015776e-01   1.088316e-01   1.118207e-01
   33  -6.801976e-03  -6.793346e-03  -6.789441e-03  -6.783771e-03  -6.775534e-03  -6.763576e-03  -6.746191e-03  -6.720974e-03  -6.684410e-03  -6.630963e-03  -6.553202e-03  -6.440926e-03  -6.276966e-03  -6.038686e-03  -5.690275e-03  -5.181890e-03  -4.437915e-03  -3.343700e-03  -1.728724e-03   6.665905e-04   4.223049e-03   9.467648e-03   1.704811e-02   2.757840e-02   4.134181e-02   5.789879e-02   7.579050e-02   9.258246e-02   1.055638e-01   1.132295e-01   1.164109e-01
   34  -6.453515e-03  -6.444450e-03  -6.440350e-03  -6.434394e-03  -6.425744e-03  -6.413120e-03  -6.394910e-03  -6.368415e-03  -6.329898e-03  -6.273643e-03  -6.192586e-03  -6.074309e-03  -5.902377e-03  -5.651662e-03  -5.287036e-03  -4.754349e-03  -3.975732e-03  -2.832027e-03  -1.147911e-03   1.342000e-03   5.024662e-03   1.043360e-02   1.821757e-02   2.899642e-02   4.306243e-02   5.999387e-02   7.834932e-02   9.567501e-02   1.091794e-01   1.172366e-01   1.206065e-01
   35  -6.139095e-03  -6.129646e-03  -6.125373e-03  -6.119165e-03  -6.110148e-03  -6.097035e-03  -6.078028e-03  -6.050393e-03  -6.010248e-03  -5.951877e-03  -5.867332e-03  -5.743911e-03  -5.564704e-03  -5.304285e-03  -4.924119e-03  -4.369912e-03  -3.559598e-03  -2.372476e-03  -6.272827e-04   1.946963e-03   5.742043e-03   1.129656e-02   1.926177e-02   3.026116e-02   4.459590e-02   6.186298e-02   8.063761e-02   9.844981e-02   1.124357e-01   1.208584e-01   1.244092e-01
   36  -5.855199e-03  -5.845409e-03  -5.840981e-03  -5.834549e-03  -5.825207e-03  -5.811638e-03  -5.791928e-03  -5.763298e-03  -5.721496e-03  -5.661280e-03  -5.573405e-03  -5.445843e-03  -5.260434e-03  -4.990045e-03  -4.596838e-03  -4.023749e-03  -3.186134e-03  -1.960115e-03  -1.599244e-04   2.489302e-03   6.384580e-03   1.206747e-02   2.019349e-02   3.138671e-02   4.595925e-02   6.352413e-02   8.267282e-02   1.009211e-01   1.153434e-01   1.241023e-01   1.278223e-01
   37  -5.598647e-03  -5.588553e-03  -5.583988e-03  -5.577357e-03  -5.567724e-03  -5.553735e-03  -5.533415e-03  -5.503898e-03  -5.461086e-03  -5.398725e-03  -5.308191e-03  -5.176824e-03  -4.985060e-03  -4.707075e-03  -4.302058e-03  -3.711276e-03  -2.849341e-03  -1.588660e-03   2.602298e-04   2.976135e-03   6.960203e-03   1.275721e-02   2.102347e-02   3.238764e-02   4.716744e-02   6.499288e-02   8.446998e-02   1.031043e-01   1.179142e-01   1.269748e-01   1.308497e-01
   38  -5.366573e-03  -5.356208e-03  -5.351519e-03  -5.344710e-03  -5.334820e-03  -5.320454e-03  -5.299597e-03  -5.269332e-03  -5.225182e-03  -5.161291e-03  -5.068350e-03  -4.933234e-03  -4.736802e-03  -4.451158e-03  -4.035609e-03  -3.429943e-03  -2.545971e-03  -1.254159e-03   6.381745e-04   3.413467e-03   7.476366e-03   1.337378e-02   2.176327e-02   3.327496e-02   4.823367e-02   6.628377e-02   8.604367e-02   1.050120e-01   1.201591e-01   1.294837e-01   1.334954e-01
   39  -5.156395e-03  -5.145792e-03  -5.140991e-03  -5.134021e-03  -5.123900e-03  -5.109199e-03  -5.087870e-03  -5.056784e-03  -5.011858e-03  -4.946319e-03  -4.851214e-03  -4.713074e-03  -4.512025e-03  -4.219956e-03  -3.794688e-03  -3.175206e-03  -2.271991e-03  -9.520685e-04   9.788484e-04   3.806703e-03   7.939429e-03   1.392479e-02   2.242155e-02   3.405995e-02   4.917059e-02   6.740965e-02   8.740759e-02   1.066571e-01   1.220893e-01   1.316383e-01   1.357670e-01
   40  -4.965795e-03  -4.954970e-03  -4.950073e-03  -4.942963e-03  -4.932633e-03  -4.917631e-03  -4.895841e-03  -4.864243e-03  -4.818213e-03  -4.751594e-03  -4.654502e-03  -4.513265e-03  -4.308525e-03  -4.010258e-03  -3.576577e-03  -2.944763e-03  -2.023835e-03  -6.795629e-04   1.286099e-03   4.161039e-03   8.354871e-03   1.441749e-02   2.300579e-02   3.475138e-02   4.998776e-02   6.838205e-02   8.857432e-02   1.080525e-01   1.237162e-01   1.334478e-01   1.376711e-01
   41  -4.792689e-03  -4.781670e-03  -4.776685e-03  -4.769445e-03  -4.758930e-03  -4.743804e-03  -4.721430e-03  -4.689254e-03  -4.642440e-03  -4.574394e-03  -4.475668e-03  -4.331987e-03  -4.123512e-03  -3.820137e-03  -3.378506e-03  -2.736039e-03  -1.799357e-03  -4.328282e-04   1.563408e-03   4.479503e-03   8.727294e-03   1.485668e-02   2.352341e-02   3.535744e-02   5.069544e-02   6.921147e-02   8.955514e-02   1.092101e-01   1.250516e-01   1.349222e-01   1.392170e-01
   42  -4.635212e-03  -4.624017e-03  -4.618952e-03  -4.611597e-03  -4.600916e-03  -4.585400e-03  -4.562864e-03  -4.530158e-03  -4.482601e-03  -4.413593e-03  -4.313212e-03  -4.167387e-03  -3.955386e-03  -3.647187e-03  -3.199034e-03  -2.546832e-03  -1.595864e-03  -2.097603e-04   1.813807e-03   4.766768e-03   9.061736e-03   1.524797e-02   2.398023e-02   3.588557e-02   5.130140e-02   6.990836e-02   9.036105e-02   1.101415e-01   1.261070e-01   1.360727e-01   1.404149e-01
   43  -4.491689e-03  -4.480337e-03  -4.475200e-03  -4.467742e-03  -4.456908e-03  -4.441176e-03  -4.418323e-03  -4.385129e-03  -4.336921e-03  -4.266806e-03  -4.164998e-03  -4.017290e-03  -3.802359e-03  -3.490020e-03  -3.035539e-03  -2.374413e-03  -1.411288e-03  -7.273304e-06   2.040462e-03   5.025563e-03   9.361266e-03   1.559597e-02   2.438149e-02   3.634189e-02   5.181388e-02   7.048113e-02   9.100226e-02   1.108576e-01   1.268945e-01   1.369120e-01   1.412761e-01
   44  -4.360625e-03  -4.349130e-03  -4.343930e-03  -4.336379e-03  -4.325410e-03  -4.309515e-03  -4.286342e-03  -4.252805e-03  -4.203853e-03  -4.133151e-03  -4.029859e-03  -3.880338e-03  -3.662645e-03  -3.346612e-03  -2.886261e-03  -2.217551e-03  -1.243341e-03   1.763380e-04   2.245555e-03   5.258718e-03   9.629301e-03   1.590450e-02   2.473229e-02   3.673276e-02   5.223939e-02   7.093749e-02   9.148816e-02   1.113702e-01   1.274266e-01   1.374522e-01   1.418139e-01
   45  -4.240679e-03  -4.229057e-03  -4.223800e-03  -4.216165e-03  -4.205075e-03  -4.188967e-03  -4.165671e-03  -4.131594e-03  -4.082238e-03  -4.010665e-03  -3.906350e-03  -3.754928e-03  -3.535036e-03  -3.215523e-03  -2.750906e-03  -2.074467e-03  -1.090280e-03   3.430776e-04   2.430902e-03   5.468279e-03   9.868740e-03   1.617688e-02   2.503663e-02   3.706245e-02   5.258423e-02   7.128600e-02   9.182805e-02   1.116894e-01   1.277144e-01   1.377068e-01   1.420417e-01
   46  -4.130655e-03  -4.118919e-03  -4.113610e-03  -4.105900e-03  -4.094701e-03  -4.078436e-03  -4.054812e-03  -4.020500e-03  -3.970632e-03  -3.898263e-03  -3.793044e-03  -3.640101e-03  -3.418456e-03  -3.095524e-03  -2.626224e-03  -1.943750e-03  -9.509645e-04   4.946644e-04   2.598756e-03   5.657037e-03   1.008241e-02   1.641625e-02   2.529840e-02   3.733646e-02   5.285453e-02   7.153269e-02   9.203007e-02   1.118257e-01   1.277715e-01   1.376896e-01   1.419747e-01
   47  -4.029484e-03  -4.017645e-03  -4.012290e-03  -4.004513e-03  -3.993216e-03  -3.976810e-03  -3.952981e-03  -3.918337e-03  -3.868107e-03  -3.794984e-03  -3.689036e-03  -3.534931e-03  -3.311037e-03  -2.985550e-03  -2.512391e-03  -1.824454e-03  -8.238841e-04   6.325274e-04   2.750779e-03   5.826815e-03   1.027196e-02   1.662552e-02   2.552070e-02   3.755843e-02   5.305482e-02   7.168463e-02   9.210271e-02   1.117890e-01   1.276093e-01   1.374150e-01   1.416284e-01
   48  -3.936209e-03  -3.924280e-03  -3.918883e-03  -3.911046e-03  -3.899663e-03  -3.883138e-03  -3.859120e-03  -3.824200e-03  -3.773481e-03  -3.699829e-03  -3.593211e-03  -3.437785e-03  -3.212101e-03  -2.884370e-03  -2.407846e-03  -1.715044e-03  -7.075319e-04   7.578565e-04   2.888239e-03   5.978820e-03   1.043995e-02   1.680705e-02   2.570703e-02   3.773228e-02   5.319029e-02   7.174719e-02   9.205350e-02   1.115895e-01   1.272409e-01   1.368982e-01   1.410195e-01
   49  -3.849979e-03  -3.837969e-03  -3.832537e-03  -3.824646e-03  -3.813186e-03  -3.796496e-03  -3.772368e-03  -3.737258e-03  -3.686423e-03  -3.612251e-03  -3.504502e-03  -3.348409e-03  -3.121199e-03  -2.791121e-03  -2.311572e-03  -1.614567e-03  -6.010793e-04   8.722206e-04   3.012569e-03   6.115114e-03   1.058806e-02   1.696295e-02   2.585978e-02   3.786148e-02   5.326490e-02   7.172683e-02   9.188986e-02   1.112369e-01   1.266780e-01   1.361538e-01   1.401645e-01
   50  -3.770032e-03  -3.757951e-03  -3.752486e-03  -3.744549e-03  -3.733000e-03  -3.716280e-03  -3.691998e-03  -3.656617e-03  -3.605295e-03  -3.530819e-03  -3.422601e-03  -3.265337e-03  -3.036919e-03  -2.705201e-03  -2.222998e-03  -1.522139e-03  -5.038881e-04   9.762891e-04   3.124804e-03   6.236794e-03   1.071783e-02   1.709532e-02   2.598158e-02   3.794904e-02   5.328303e-02   7.162834e-02   9.161883e-02   1.107405e-01   1.259337e-01   1.351972e-01   1.390810e-01
   51  -3.695689e-03  -3.683546e-03  -3.678053e-03  -3.670076e-03  -3.658490e-03  -3.641662e-03  -3.617164e-03  -3.581726e-03  -3.530159e-03  -3.455321e-03  -3.346431e-03  -3.188488e-03  -2.958993e-03  -2.625542e-03  -2.141094e-03  -1.437270e-03  -4.145512e-04   1.071058e-03   3.226382e-03   6.344958e-03   1.083080e-02   1.720563e-02   2.607444e-02   3.799801e-02   5.324835e-02   7.145681e-02   9.124730e-02   1.101095e-01   1.250199e-01   1.340438e-01   1.377866e-01
   52  -3.626346e-03  -3.614149e-03  -3.608632e-03  -3.600508e-03  -3.588982e-03  -3.572081e-03  -3.547528e-03  -3.511842e-03  -3.460056e-03  -3.384895e-03  -3.275532e-03  -3.117075e-03  -2.886559e-03  -2.551662e-03  -2.065314e-03  -1.358903e-03  -3.327130e-04   1.157272e-03   3.317655e-03   6.441011e-03   1.092800e-02   1.729602e-02   2.614053e-02   3.801058e-02   5.316398e-02   7.121676e-02   9.078133e-02   1.093531e-01   1.239487e-01   1.327088e-01   1.362986e-01
   53  -3.561461e-03  -3.549220e-03  -3.543682e-03  -3.535640e-03  -3.523959e-03  -3.506995e-03  -3.482314e-03  -3.446590e-03  -3.394603e-03  -3.319060e-03  -3.209551e-03  -3.050242e-03  -2.819003e-03  -2.483072e-03  -1.995099e-03  -1.286394e-03  -2.575695e-04   1.235960e-03   3.399840e-03   6.525603e-03   1.101097e-02   1.736757e-02   2.618176e-02   3.798970e-02   5.303373e-02   7.091279e-02   9.022746e-02   1.084798e-01   1.227321e-01   1.312077e-01   1.346348e-01
   54  -3.500555e-03  -3.488275e-03  -3.482721e-03  -3.474653e-03  -3.462909e-03  -3.445921e-03  -3.421208e-03  -3.385354e-03  -3.333107e-03  -3.257511e-03  -3.147409e-03  -2.987731e-03  -2.755994e-03  -2.419130e-03  -1.929849e-03  -1.219320e-03  -1.881831e-04   1.307535e-03   3.473630e-03   6.599746e-03   1.108049e-02   1.742155e-02   2.619950e-02   3.793735e-02   5.285987e-02   7.054890e-02   8.959145e-02   1.074983e-01   1.213821e-01   1.295553e-01   1.328123e-01
   55  -3.443197e-03  -3.430888e-03  -3.425319e-03  -3.417232e-03  -3.405487e-03  -3.388428e-03  -3.363654e-03  -3.327679e-03  -3.275422e-03  -3.199481e-03  -3.089383e-03  -2.929203e-03  -2.696771e-03  -2.359097e-03  -1.869142e-03  -1.157388e-03  -1.244928e-04   1.372712e-03   3.539604e-03   6.664107e-03   1.113770e-02   1.745920e-02   2.619582e-02   3.785572e-02   5.264593e-02   7.012924e-02   8.887944e-02   1.064166e-01   1.199098e-01   1.277662e-01   1.308479e-01
   56  -3.389007e-03  -3.376674e-03  -3.371095e-03  -3.362992e-03  -3.351224e-03  -3.334133e-03  -3.309301e-03  -3.273293e-03  -3.220998e-03  -3.144948e-03  -3.034670e-03  -2.874107e-03  -2.641240e-03  -2.303032e-03  -1.812202e-03  -1.099710e-03  -6.610280e-05   1.431865e-03   3.598398e-03   6.719652e-03   1.118321e-02   1.748182e-02   2.617175e-02   3.774651e-02   5.239417e-02   6.965739e-02   8.809655e-02   1.052431e-01   1.183269e-01   1.258549e-01   1.287583e-01
   57  -3.337645e-03  -3.325330e-03  -3.319713e-03  -3.311593e-03  -3.299809e-03  -3.282696e-03  -3.257840e-03  -3.221743e-03  -3.169358e-03  -3.093211e-03  -2.982625e-03  -2.821983e-03  -2.588929e-03  -2.250454e-03  -1.759151e-03  -1.046089e-03  -1.220794e-05   1.485634e-03   3.650672e-03   6.766889e-03   1.121821e-02   1.749030e-02   2.612872e-02   3.761144e-02   5.210723e-02   6.913728e-02   8.724804e-02   1.039855e-01   1.166441e-01   1.238357e-01   1.265593e-01
   58  -3.288806e-03  -3.276444e-03  -3.270853e-03  -3.262732e-03  -3.250938e-03  -3.233820e-03  -3.208932e-03  -3.172744e-03  -3.120337e-03  -3.044071e-03  -2.933438e-03  -2.772764e-03  -2.539640e-03  -2.200777e-03  -1.709228e-03  -9.962593e-04   3.763869e-05   1.534565e-03   3.696798e-03   6.806297e-03   1.124320e-02   1.748574e-02   2.606825e-02   3.745249e-02   5.178757e-02   6.857199e-02   8.633941e-02   1.026513e-01   1.148719e-01   1.217215e-01   1.242661e-01
   59  -3.242223e-03  -3.229856e-03  -3.224262e-03  -3.216138e-03  -3.204339e-03  -3.187204e-03  -3.162317e-03  -3.126113e-03  -3.073690e-03  -2.997453e-03  -2.886785e-03  -2.725982e-03  -2.492607e-03  -2.153992e-03  -1.662578e-03  -9.496150e-04   8.352203e-05   1.578626e-03   3.737304e-03   6.838543e-03   1.125872e-02   1.746846e-02   2.599109e-02   3.727127e-02   5.143702e-02   6.796503e-02   8.537531e-02   1.012479e-01   1.130205e-01   1.195256e-01   1.218932e-01
   60  -3.197654e-03  -3.185274e-03  -3.179695e-03  -3.171570e-03  -3.159773e-03  -3.142639e-03  -3.117726e-03  -3.081584e-03  -3.029023e-03  -2.952926e-03  -2.842274e-03  -2.681699e-03  -2.448428e-03  -2.109743e-03  -1.618613e-03  -9.062952e-04   1.257584e-04   1.618634e-03   3.772348e-03   6.864319e-03   1.126564e-02   1.744008e-02   2.589837e-02   3.706909e-02   5.105800e-02   6.731937e-02   8.436040e-02   9.978225e-02   1.111000e-01   1.172602e-01   1.194547e-01
   61  -3.154887e-03  -3.142527e-03  -3.136937e-03  -3.128817e-03  -3.117025e-03  -3.099882e-03  -3.075028e-03  -3.038985e-03  -2.986435e-03  -2.910464e-03  -2.799779e-03  -2.639204e-03  -2.406027e-03  -2.067876e-03  -1.576986e-03  -8.655994e-04   1.648261e-04   1.654679e-03   3.802608e-03   6.883664e-03   1.126438e-02   1.740071e-02   2.579123e-02   3.684737e-02   5.065233e-02   6.663813e-02   8.329958e-02   9.826090e-02   1.091196e-01   1.149368e-01   1.169630e-01
   62  -3.113732e-03  -3.101384e-03  -3.095798e-03  -3.087686e-03  -3.075905e-03  -3.058795e-03  -3.033947e-03  -2.997889e-03  -2.945620e-03  -2.869371e-03  -2.758849e-03  -2.598600e-03  -2.365784e-03  -2.027745e-03  -1.537780e-03  -8.275604e-04   2.008059e-04   1.687165e-03   3.828371e-03   6.897289e-03   1.125547e-02   1.735127e-02   2.567075e-02   3.660729e-02   5.022241e-02   6.592420e-02   8.219681e-02   9.669083e-02   1.070885e-01   1.125673e-01   1.144303e-01
   63  -3.074021e-03  -3.061688e-03  -3.056110e-03  -3.048009e-03  -3.036305e-03  -3.019219e-03  -2.994341e-03  -2.958362e-03  -2.905946e-03  -2.829906e-03  -2.719764e-03  -2.559556e-03  -2.327203e-03  -1.989952e-03  -1.500643e-03  -7.919606e-04   2.342451e-04   1.716045e-03   3.850034e-03   6.905503e-03   1.123954e-02   1.729244e-02   2.553747e-02   3.635038e-02   4.976943e-02   6.518030e-02   8.105668e-02   9.507794e-02   1.050149e-01   1.101610e-01   1.118684e-01
   64  -3.035604e-03  -3.023292e-03  -3.017723e-03  -3.009608e-03  -2.997890e-03  -2.980871e-03  -2.956061e-03  -2.920032e-03  -2.867866e-03  -2.791924e-03  -2.681839e-03  -2.522046e-03  -2.289992e-03  -1.953408e-03  -1.465472e-03  -7.583518e-04   2.647896e-04   1.742104e-03   3.867603e-03   6.908483e-03   1.121705e-02   1.722464e-02   2.539255e-02   3.607750e-02   4.929565e-02   6.440888e-02   7.988294e-02   9.342830e-02   1.029071e-01   1.077282e-01   1.092871e-01
   65  -2.998347e-03  -2.986029e-03  -2.980504e-03  -2.972433e-03  -2.960745e-03  -2.943690e-03  -2.918986e-03  -2.883072e-03  -2.830996e-03  -2.755275e-03  -2.645396e-03  -2.485854e-03  -2.254412e-03  -1.918561e-03  -1.431866e-03  -7.267617e-04   2.930700e-04   1.765031e-03   3.881651e-03   6.906940e-03   1.118810e-02   1.714875e-02   2.523659e-02   3.579030e-02   4.880228e-02   6.361280e-02   7.867950e-02   9.174756e-02   1.007728e-01   1.052778e-01   1.066964e-01
   66  -2.962134e-03  -2.949877e-03  -2.944334e-03  -2.936283e-03  -2.924547e-03  -2.907639e-03  -2.882950e-03  -2.847209e-03  -2.795174e-03  -2.719641e-03  -2.609976e-03  -2.450988e-03  -2.220087e-03  -1.885294e-03  -1.399946e-03  -6.971042e-04   3.193065e-04   1.785365e-03   3.892284e-03   6.900777e-03   1.115341e-02   1.706508e-02   2.507034e-02   3.548913e-02   4.829120e-02   6.279429e-02   7.745010e-02   9.004103e-02   9.861882e-02   1.028182e-01   1.041044e-01
   67  -2.926859e-03  -2.914676e-03  -2.909108e-03  -2.901082e-03  -2.889419e-03  -2.872491e-03  -2.847843e-03  -2.812058e-03  -2.760418e-03  -2.685056e-03  -2.575702e-03  -2.417094e-03  -2.186923e-03  -1.853267e-03  -1.369562e-03  -6.688928e-04   3.432649e-04   1.803160e-03   3.899617e-03   6.890662e-03   1.111343e-02   1.697432e-02   2.489449e-02   3.517557e-02   4.776378e-02   6.195556e-02   7.619829e-02   8.831408e-02   9.645243e-02   1.003573e-01   1.015197e-01
   68  -2.892430e-03  -2.880245e-03  -2.874734e-03  -2.866730e-03  -2.855106e-03  -2.838199e-03  -2.813624e-03  -2.778083e-03  -2.726441e-03  -2.651230e-03  -2.542471e-03  -2.384355e-03  -2.155002e-03  -1.822336e-03  -1.340277e-03  -6.425728e-04   3.655664e-04   1.818621e-03   3.903970e-03   6.876572e-03   1.106820e-02   1.687657e-02   2.470986e-02   3.485030e-02   4.722165e-02   6.109912e-02   7.492737e-02   8.657118e-02   9.427930e-02   9.790171e-02   9.894861e-02
   69  -2.858765e-03  -2.846621e-03  -2.841129e-03  -2.833181e-03  -2.821526e-03  -2.804745e-03  -2.780315e-03  -2.744855e-03  -2.693220e-03  -2.618625e-03  -2.510049e-03  -2.352537e-03  -2.123952e-03  -1.792495e-03  -1.312325e-03  -6.176443e-04   3.861288e-04   1.831994e-03   3.905546e-03   6.858867e-03   1.101835e-02   1.677256e-02   2.451671e-02   3.451425e-02   4.666592e-02   6.022653e-02   7.364046e-02   8.481701e-02   9.210521e-02   9.545823e-02   9.639786e-02
   70  -2.825791e-03  -2.813693e-03  -2.808221e-03  -2.800273e-03  -2.788655e-03  -2.771972e-03  -2.747633e-03  -2.712251e-03  -2.660940e-03  -2.586517e-03  -2.478463e-03  -2.321369e-03  -2.093834e-03  -1.763702e-03  -1.285573e-03  -5.939589e-04   4.049285e-04   1.843224e-03   3.904644e-03   6.837804e-03   1.096376e-02   1.666290e-02   2.431606e-02   3.416845e-02   4.609798e-02   5.934038e-02   7.234053e-02   8.305592e-02   8.993602e-02   9.303208e-02   9.387295e-02
   71  -2.793444e-03  -2.781394e-03  -2.775944e-03  -2.768028e-03  -2.756534e-03  -2.739854e-03  -2.715613e-03  -2.680312e-03  -2.629273e-03  -2.555133e-03  -2.447502e-03  -2.291124e-03  -2.064444e-03  -1.735938e-03  -1.259845e-03  -5.715295e-04   4.222163e-04   1.852642e-03   3.901228e-03   6.813532e-03   1.090521e-02   1.654758e-02   2.410840e-02   3.381358e-02   4.551930e-02   5.844212e-02   7.103072e-02   8.129173e-02   8.777609e-02   9.062924e-02   9.137918e-02
   72  -2.761667e-03  -2.749669e-03  -2.744242e-03  -2.736313e-03  -2.724915e-03  -2.708294e-03  -2.684190e-03  -2.649103e-03  -2.598229e-03  -2.524427e-03  -2.417125e-03  -2.261572e-03  -2.035876e-03  -1.708973e-03  -1.235221e-03  -5.502072e-04   4.381706e-04   1.860068e-03   3.895512e-03   6.786322e-03   1.084271e-02   1.642720e-02   2.389397e-02   3.345046e-02   4.493065e-02   5.753405e-02   6.971368e-02   7.952833e-02   8.563020e-02   8.825340e-02   8.892070e-02
   73  -2.730410e-03  -2.718467e-03  -2.713065e-03  -2.705220e-03  -2.693827e-03  -2.677282e-03  -2.653280e-03  -2.618405e-03  -2.567679e-03  -2.494215e-03  -2.387500e-03  -2.232723e-03  -2.008116e-03  -1.682587e-03  -1.211433e-03  -5.300277e-04   4.527590e-04   1.866040e-03   3.887581e-03   6.756371e-03   1.077665e-02   1.630215e-02   2.367361e-02   3.307992e-02   4.433359e-02   5.661760e-02   6.839169e-02   7.776907e-02   8.350237e-02   8.590891e-02   8.650066e-02
   74  -2.699630e-03  -2.687744e-03  -2.682368e-03  -2.674538e-03  -2.663204e-03  -2.646758e-03  -2.622866e-03  -2.588131e-03  -2.537744e-03  -2.464538e-03  -2.358386e-03  -2.204230e-03  -1.980749e-03  -1.657075e-03  -1.188430e-03  -5.108844e-04   4.662215e-04   1.870416e-03   3.877807e-03   6.723790e-03   1.070719e-02   1.617264e-02   2.344770e-02   3.270269e-02   4.372898e-02   5.569437e-02   6.706738e-02   7.601708e-02   8.139596e-02   8.359968e-02   8.412282e-02
   75  -2.669287e-03  -2.657461e-03  -2.652113e-03  -2.644364e-03  -2.633069e-03  -2.616684e-03  -2.592933e-03  -2.558387e-03  -2.508321e-03  -2.435490e-03  -2.329824e-03  -2.176594e-03  -1.954242e-03  -1.632246e-03  -1.166208e-03  -4.925733e-04   4.783763e-04   1.873407e-03   3.866099e-03   6.688709e-03   1.063440e-02   1.603914e-02   2.321662e-02   3.231928e-02   4.311812e-02   5.476624e-02   6.574320e-02   7.427544e-02   7.931439e-02   8.132820e-02   8.178976e-02
   76  -2.639347e-03  -2.627584e-03  -2.622264e-03  -2.614538e-03  -2.603318e-03  -2.587022e-03  -2.563358e-03  -2.528916e-03  -2.479131e-03  -2.406728e-03  -2.301689e-03  -2.149220e-03  -1.928260e-03  -1.608063e-03  -1.144728e-03  -4.752521e-04   4.896045e-04   1.874940e-03   3.852666e-03   6.651412e-03   1.055882e-02   1.590189e-02   2.298092e-02   3.193059e-02   4.250163e-02   5.383436e-02   6.442077e-02   7.254695e-02   7.726095e-02   7.909756e-02   7.950322e-02
   77  -2.609780e-03  -2.598083e-03  -2.592792e-03  -2.585109e-03  -2.573952e-03  -2.557769e-03  -2.534244e-03  -2.500070e-03  -2.450502e-03  -2.378548e-03  -2.273981e-03  -2.122506e-03  -1.902720e-03  -1.584540e-03  -1.123906e-03  -4.586851e-04   4.996801e-04   1.875269e-03   3.837569e-03   6.611938e-03   1.048044e-02   1.576108e-02   2.274090e-02   3.153702e-02   4.188070e-02   5.290033e-02   6.310256e-02   7.083399e-02   7.523768e-02   7.690936e-02   7.726523e-02
   78  -2.580560e-03  -2.568931e-03  -2.563720e-03  -2.556032e-03  -2.544939e-03  -2.528845e-03  -2.505375e-03  -2.471503e-03  -2.422194e-03  -2.350608e-03  -2.246806e-03  -2.096093e-03  -1.877764e-03  -1.561403e-03  -1.103760e-03  -4.428712e-04   5.089925e-04   1.874325e-03   3.820969e-03   6.570553e-03   1.039959e-02   1.561708e-02   2.249725e-02   3.113940e-02   4.125620e-02   5.196536e-02   6.178994e-02   6.913880e-02   7.324722e-02   7.476623e-02   7.507755e-02
   79  -2.551663e-03  -2.540104e-03  -2.534876e-03  -2.527284e-03  -2.516266e-03  -2.500262e-03  -2.477000e-03  -2.443251e-03  -2.394174e-03  -2.323145e-03  -2.219934e-03  -2.070168e-03  -1.853212e-03  -1.538907e-03  -1.084243e-03  -4.277451e-04   5.173024e-04   1.872330e-03   3.802917e-03   6.527311e-03   1.031631e-02   1.547017e-02   2.225009e-02   3.073804e-02   4.062881e-02   5.103088e-02   6.048514e-02   6.746330e-02   7.129138e-02   7.266879e-02   7.294042e-02
   80  -2.523071e-03  -2.511584e-03  -2.506388e-03  -2.498843e-03  -2.487886e-03  -2.471968e-03  -2.448856e-03  -2.415303e-03  -2.366619e-03  -2.295967e-03  -2.193441e-03  -2.044660e-03  -1.829028e-03  -1.516881e-03  -1.065148e-03  -4.133704e-04   5.248651e-04   1.869309e-03   3.783551e-03   6.482346e-03   1.023099e-02   1.532065e-02   2.199980e-02   3.033377e-02   3.999947e-02   5.009777e-02   5.918947e-02   6.580948e-02   6.937149e-02   7.061878e-02   7.085498e-02
   81  -2.494765e-03  -2.483352e-03  -2.478190e-03  -2.470674e-03  -2.459828e-03  -2.443975e-03  -2.421002e-03  -2.387717e-03  -2.339333e-03  -2.269072e-03  -2.167262e-03  -2.019506e-03  -1.805271e-03  -1.495131e-03  -1.046718e-03  -3.995769e-04   5.315519e-04   1.865272e-03   3.762895e-03   6.435824e-03   1.014347e-02   1.516869e-02   2.174687e-02   2.992676e-02   3.936900e-02   4.916748e-02   5.790447e-02   6.417898e-02   6.748930e-02   6.861645e-02   6.882174e-02
   82  -2.466730e-03  -2.455393e-03  -2.450281e-03  -2.442818e-03  -2.432004e-03  -2.416311e-03  -2.393479e-03  -2.360365e-03  -2.312346e-03  -2.242584e-03  -2.141369e-03  -1.994687e-03  -1.781965e-03  -1.474011e-03  -1.028760e-03  -3.864261e-04   5.374857e-04   1.860278e-03   3.741131e-03   6.387857e-03   1.005419e-02   1.501446e-02   2.149146e-02   2.951785e-02   3.873811e-02   4.824070e-02   5.663129e-02   6.257307e-02   6.564598e-02   6.666292e-02   6.684058e-02
   83  -2.438953e-03  -2.427693e-03  -2.422600e-03  -2.415203e-03  -2.404465e-03  -2.388869e-03  -2.366199e-03  -2.333356e-03  -2.285636e-03  -2.216339e-03  -2.115832e-03  -1.970156e-03  -1.758989e-03  -1.453258e-03  -1.011262e-03  -3.737905e-04   5.427962e-04   1.854504e-03   3.718230e-03   6.338480e-03   9.963234e-03   1.485840e-02   2.123398e-02   2.910726e-02   3.810740e-02   4.731871e-02   5.537136e-02   6.099304e-02   6.384210e-02   6.475828e-02   6.491204e-02
   84  -2.411422e-03  -2.400241e-03  -2.395184e-03  -2.387847e-03  -2.377177e-03  -2.361680e-03  -2.339241e-03  -2.306561e-03  -2.259161e-03  -2.190363e-03  -2.090603e-03  -1.945936e-03  -1.736340e-03  -1.432818e-03  -9.941569e-04  -3.617472e-04   5.474916e-04   1.847842e-03   3.694328e-03   6.287756e-03   9.870798e-03   1.470046e-02   2.097481e-02   2.869559e-02   3.747750e-02   4.640230e-02   5.412578e-02   5.944017e-02   6.207886e-02   6.290243e-02   6.303510e-02
   85  -2.384128e-03  -2.373028e-03  -2.367987e-03  -2.360717e-03  -2.350130e-03  -2.334772e-03  -2.312467e-03  -2.280021e-03  -2.232996e-03  -2.164696e-03  -2.065662e-03  -1.922111e-03  -1.714062e-03  -1.412805e-03  -9.776157e-04  -3.500921e-04   5.514798e-04   1.840434e-03   3.669526e-03   6.235946e-03   9.776934e-03   1.454092e-02   2.071415e-02   2.828315e-02   3.684912e-02   4.549218e-02   5.289534e-02   5.791533e-02   6.035607e-02   6.109578e-02   6.120991e-02
   86  -2.357062e-03  -2.346044e-03  -2.341061e-03  -2.333824e-03  -2.323315e-03  -2.308068e-03  -2.285920e-03  -2.253740e-03  -2.207064e-03  -2.139282e-03  -2.040982e-03  -1.898504e-03  -1.691937e-03  -1.393122e-03  -9.614371e-04  -3.389936e-04   5.549765e-04   1.832408e-03   3.643778e-03   6.182954e-03   9.681709e-03   1.437999e-02   2.045216e-02   2.787036e-02   3.622278e-02   4.458928e-02   5.168132e-02   5.641912e-02   5.867463e-02   5.933799e-02   5.943590e-02
   87  -2.330217e-03  -2.319283e-03  -2.314337e-03  -2.307155e-03  -2.296726e-03  -2.281600e-03  -2.259571e-03  -2.227698e-03  -2.181379e-03  -2.114073e-03  -2.016541e-03  -1.875177e-03  -1.670271e-03  -1.373801e-03  -9.455755e-04  -3.283277e-04   5.578300e-04   1.823666e-03   3.617158e-03   6.129048e-03   9.585368e-03   1.421792e-02   2.018937e-02   2.745765e-02   3.559912e-02   4.369425e-02   5.048425e-02   5.495236e-02   5.703434e-02   5.762815e-02   5.771205e-02
   88  -2.303586e-03  -2.292737e-03  -2.287830e-03  -2.280704e-03  -2.270355e-03  -2.255346e-03  -2.233511e-03  -2.201823e-03  -2.155873e-03  -2.089207e-03  -1.992355e-03  -1.852071e-03  -1.648826e-03  -1.354775e-03  -9.300072e-04  -3.180522e-04   5.603117e-04   1.814205e-03   3.589963e-03   6.074224e-03   9.487943e-03   1.405474e-02   1.992580e-02   2.704537e-02   3.497851e-02   4.280769e-02   4.930493e-02   5.351559e-02   5.543535e-02   5.596631e-02   5.603819e-02
   89  -2.277166e-03  -2.266402e-03  -2.261560e-03  -2.254513e-03  -2.244171e-03  -2.229268e-03  -2.207645e-03  -2.176208e-03  -2.130650e-03  -2.064400e-03  -1.968470e-03  -1.829313e-03  -1.627671e-03  -1.336075e-03  -9.149002e-04  -3.082765e-04   5.622909e-04   1.804262e-03   3.561916e-03   6.018561e-03   9.389686e-03   1.389073e-02   1.966180e-02   2.663383e-02   3.436148e-02   4.193045e-02   4.814399e-02   5.210899e-02   5.387758e-02   5.435166e-02   5.441310e-02
   90  -2.250951e-03  -2.240274e-03  -2.235445e-03  -2.228432e-03  -2.218249e-03  -2.203462e-03  -2.181964e-03  -2.150773e-03  -2.105568e-03  -2.039976e-03  -1.944691e-03  -1.806718e-03  -1.606795e-03  -1.317643e-03  -9.000990e-04  -2.988160e-04   5.636986e-04   1.793767e-03   3.533302e-03   5.962164e-03   9.290527e-03   1.372601e-02   1.939752e-02   2.622336e-02   3.374838e-02   4.106277e-02   4.700192e-02   5.073311e-02   5.236083e-02   5.278345e-02   5.283623e-02
   91  -2.224937e-03  -2.214348e-03  -2.209559e-03  -2.202604e-03  -2.192533e-03  -2.177890e-03  -2.156572e-03  -2.125639e-03  -2.080761e-03  -2.015649e-03  -1.921259e-03  -1.784367e-03  -1.586197e-03  -1.299479e-03  -8.855924e-04  -2.897078e-04   5.647796e-04   1.782803e-03   3.504021e-03   5.905028e-03   9.190733e-03   1.356070e-02   1.913319e-02   2.581427e-02   3.313984e-02   4.020545e-02   4.587935e-02   4.938795e-02   5.088471e-02   5.126100e-02   5.130583e-02
   92  -2.199123e-03  -2.188622e-03  -2.183911e-03  -2.176976e-03  -2.166961e-03  -2.152418e-03  -2.131305e-03  -2.100637e-03  -2.056125e-03  -1.991630e-03  -1.898063e-03  -1.762366e-03  -1.565805e-03  -1.281589e-03  -8.714453e-04  -2.810476e-04   5.653917e-04   1.771292e-03   3.474247e-03   5.847262e-03   9.090235e-03   1.339488e-02   1.886911e-02   2.540685e-02   3.253612e-02   3.935866e-02   4.477652e-02   4.807373e-02   4.944867e-02   4.978336e-02   4.982152e-02
   93  -2.173504e-03  -2.163093e-03  -2.158384e-03  -2.151546e-03  -2.141634e-03  -2.127199e-03  -2.106264e-03  -2.075933e-03  -2.031803e-03  -1.967844e-03  -1.874960e-03  -1.740408e-03  -1.545701e-03  -1.264051e-03  -8.575316e-04  -2.724978e-04   5.657054e-04   1.759422e-03   3.443865e-03   5.789116e-03   8.989288e-03   1.322888e-02   1.860530e-02   2.500138e-02   3.193748e-02   3.852304e-02   4.369381e-02   4.679025e-02   4.805231e-02   4.834961e-02   4.838194e-02
   94  -2.148080e-03  -2.137759e-03  -2.133091e-03  -2.126312e-03  -2.116469e-03  -2.102153e-03  -2.081425e-03  -2.051259e-03  -2.007579e-03  -1.944219e-03  -1.852123e-03  -1.718872e-03  -1.525850e-03  -1.246738e-03  -8.438858e-04  -2.644233e-04   5.655899e-04   1.747058e-03   3.413152e-03   5.730330e-03   8.887874e-03   1.306263e-02   1.834206e-02   2.459800e-02   3.134433e-02   3.769888e-02   4.263147e-02   4.553763e-02   4.669508e-02   4.695894e-02   4.698629e-02
   95  -2.122848e-03  -2.112618e-03  -2.107992e-03  -2.101273e-03  -2.091516e-03  -2.077377e-03  -2.056781e-03  -2.026957e-03  -1.983575e-03  -1.920717e-03  -1.829545e-03  -1.697458e-03  -1.506148e-03  -1.229576e-03  -8.304911e-04  -2.566775e-04   5.651705e-04   1.734392e-03   3.382010e-03   5.671178e-03   8.786153e-03   1.289636e-02   1.807960e-02   2.419707e-02   3.075711e-02   3.688636e-02   4.158975e-02   4.431575e-02   4.537626e-02   4.561012e-02   4.563369e-02
   96  -2.097809e-03  -2.087670e-03  -2.083085e-03  -2.076423e-03  -2.066746e-03  -2.052703e-03  -2.032344e-03  -2.002772e-03  -1.959813e-03  -1.897513e-03  -1.807137e-03  -1.676215e-03  -1.486666e-03  -1.212678e-03  -8.174245e-04  -2.490965e-04   5.644950e-04   1.721363e-03   3.350455e-03   5.611640e-03   8.684127e-03   1.273014e-02   1.781792e-02   2.379878e-02   3.017589e-02   3.608603e-02   4.056868e-02   4.312423e-02   4.409521e-02   4.430218e-02   4.432208e-02
   97  -2.072960e-03  -2.062913e-03  -2.058348e-03  -2.051771e-03  -2.042165e-03  -2.028268e-03  -2.008118e-03  -1.978791e-03  -1.936159e-03  -1.874491e-03  -1.784965e-03  -1.655262e-03  -1.467488e-03  -1.196017e-03  -8.047093e-04  -2.418559e-04   5.633730e-04   1.708037e-03   3.318514e-03   5.551660e-03   8.581896e-03   1.256408e-02   1.755736e-02   2.340340e-02   2.960100e-02   3.529791e-02   3.956853e-02   4.196274e-02   4.285123e-02   4.303418e-02   4.305141e-02
   98  -2.048301e-03  -2.038346e-03  -2.033796e-03  -2.027326e-03  -2.017805e-03  -2.004030e-03  -1.984024e-03  -1.954983e-03  -1.912788e-03  -1.851627e-03  -1.762989e-03  -1.634499e-03  -1.448503e-03  -1.179681e-03  -7.920049e-04  -2.348758e-04   5.620362e-04   1.694302e-03   3.286346e-03   5.491553e-03   8.479562e-03   1.239829e-02   1.729788e-02   2.301102e-02   2.903277e-02   3.452234e-02   3.858939e-02   4.083124e-02   4.164361e-02   4.180516e-02   4.181957e-02
   99  -2.023831e-03  -2.013970e-03  -2.009510e-03  -2.003026e-03  -1.993627e-03  -1.979974e-03  -1.960174e-03  -1.931360e-03  -1.889593e-03  -1.829041e-03  -1.741186e-03  -1.613912e-03  -1.429763e-03  -1.163450e-03  -7.796639e-04  -2.281349e-04   5.604661e-04   1.680260e-03   3.253797e-03   5.431182e-03   8.377165e-03   1.223287e-02   1.703975e-02   2.262178e-02   2.847117e-02   3.375956e-02   3.763093e-02   3.972910e-02   4.047110e-02   4.061400e-02   4.062617e-02
  100  -1.999551e-03  -1.989784e-03  -1.985372e-03  -1.978951e-03  -1.969652e-03  -1.956102e-03  -1.936479e-03  -1.908003e-03  -1.866670e-03  -1.806594e-03  -1.719584e-03  -1.593567e-03  -1.411095e-03  -1.147545e-03  -7.675883e-04  -2.216638e-04   5.586406e-04   1.666033e-03   3.221040e-03   5.370680e-03   8.274779e-03   1.206791e-02   1.678304e-02   2.223600e-02   2.791660e-02   3.300952e-02   3.669327e-02   3.865596e-02   3.933366e-02   3.945928e-02   3.947004e-02
