# l loading Love number for a Heaviside load
# Computed by ISSM on 19-Mar-2026 11:30:39
#
#   n         l_n(t)
    1  -1.081222e+00  -1.081324e+00  -1.081355e+00  -1.081449e+00  -1.081537e+00  -1.081690e+00  -1.081852e+00  -1.082129e+00  -1.082479e+00  -1.083029e+00  -1.083764e+00  -1.084754e+00  -1.086179e+00  -1.088007e+00  -1.090242e+00  -1.093210e+00  -1.096647e+00  -1.100522e+00  -1.104966e+00  -1.109755e+00  -1.114874e+00  -1.120206e+00  -1.125653e+00  -1.130995e+00  -1.135960e+00  -1.140381e+00  -1.144055e+00  -1.147059e+00  -1.149356e+00  -1.151600e+00  -1.154278e+00  -1.157951e+00  -1.163150e+00  -1.170584e+00  -1.181164e+00  -1.196176e+00  -1.217349e+00  -1.246988e+00  -1.288035e+00  -1.344018e+00  -1.418746e+00  -1.515560e+00  -1.635592e+00  -1.776001e+00  -1.927526e+00  -2.074880e+00  -2.202530e+00  -2.304896e+00  -2.391967e+00  -2.480557e+00  -2.579198e+00
    2  -1.282214e-01  -1.283577e-01  -1.283985e-01  -1.285241e-01  -1.286419e-01  -1.288457e-01  -1.290629e-01  -1.294328e-01  -1.298998e-01  -1.306329e-01  -1.316124e-01  -1.329290e-01  -1.348210e-01  -1.372397e-01  -1.401859e-01  -1.440761e-01  -1.485489e-01  -1.535419e-01  -1.592095e-01  -1.652431e-01  -1.716083e-01  -1.781474e-01  -1.847368e-01  -1.911057e-01  -1.969345e-01  -2.020511e-01  -2.062457e-01  -2.095262e-01  -2.122093e-01  -2.147249e-01  -2.177316e-01  -2.218510e-01  -2.276620e-01  -2.359246e-01  -2.475917e-01  -2.639676e-01  -2.867187e-01  -3.179253e-01  -3.599966e-01  -4.154575e-01  -4.865469e-01  -5.746774e-01  -6.794052e-01  -7.977930e-01  -9.224443e-01  -1.040779e+00  -1.138355e+00  -1.206857e+00  -1.249493e+00  -1.275223e+00  -1.288471e+00
    3  -6.723785e-02  -6.731983e-02  -6.734437e-02  -6.741997e-02  -6.749083e-02  -6.761350e-02  -6.774426e-02  -6.796698e-02  -6.824834e-02  -6.869020e-02  -6.928108e-02  -7.007637e-02  -7.122103e-02  -7.268770e-02  -7.448119e-02  -7.685933e-02  -7.961063e-02  -8.270697e-02  -8.625160e-02  -9.006251e-02  -9.412463e-02  -9.834327e-02  -1.026389e-01  -1.068348e-01  -1.107143e-01  -1.141464e-01  -1.169720e-01  -1.191749e-01  -1.209495e-01  -1.225721e-01  -1.244805e-01  -1.270880e-01  -1.307736e-01  -1.360396e-01  -1.435236e-01  -1.541230e-01  -1.690301e-01  -1.898152e-01  -2.184367e-01  -2.571612e-01  -3.082804e-01  -3.735231e-01  -4.528173e-01  -5.432066e-01  -6.373052e-01  -7.235330e-01  -7.896221e-01  -8.290843e-01  -8.451489e-01  -8.461978e-01  -8.380878e-01
    4  -5.549903e-02  -5.556627e-02  -5.558640e-02  -5.564843e-02  -5.570655e-02  -5.580718e-02  -5.591444e-02  -5.609714e-02  -5.632793e-02  -5.669039e-02  -5.717508e-02  -5.782743e-02  -5.876634e-02  -5.996932e-02  -6.144024e-02  -6.339053e-02  -6.564649e-02  -6.818483e-02  -7.108989e-02  -7.421190e-02  -7.753792e-02  -8.098951e-02  -8.450054e-02  -8.792497e-02  -9.108398e-02  -9.386865e-02  -9.614653e-02  -9.790154e-02  -9.928783e-02  -1.005236e-01  -1.019554e-01  -1.039045e-01  -1.066579e-01  -1.105949e-01  -1.161943e-01  -1.241339e-01  -1.353177e-01  -1.509447e-01  -1.725252e-01  -2.018304e-01  -2.406812e-01  -2.904744e-01  -3.511113e-01  -4.199830e-01  -4.905759e-01  -5.528395e-01  -5.966593e-01  -6.176738e-01  -6.202479e-01  -6.126835e-01  -6.000050e-01
    5  -5.211878e-02  -5.218029e-02  -5.219869e-02  -5.225543e-02  -5.230859e-02  -5.240062e-02  -5.249871e-02  -5.266579e-02  -5.287682e-02  -5.320822e-02  -5.365131e-02  -5.424749e-02  -5.510532e-02  -5.620390e-02  -5.754611e-02  -5.932424e-02  -6.137839e-02  -6.368562e-02  -6.632115e-02  -6.914686e-02  -7.214926e-02  -7.525557e-02  -7.840495e-02  -8.146468e-02  -8.427377e-02  -8.673601e-02  -8.873421e-02  -9.025547e-02  -9.143632e-02  -9.246689e-02  -9.365378e-02  -9.524628e-02  -9.750380e-02  -1.007295e-01  -1.053119e-01  -1.117994e-01  -1.209169e-01  -1.336172e-01  -1.510808e-01  -1.746579e-01  -2.056713e-01  -2.450055e-01  -2.922159e-01  -3.447562e-01  -3.969829e-01  -4.407670e-01  -4.686412e-01  -4.784502e-01  -4.749962e-01  -4.651914e-01  -4.522182e-01
    6  -4.940019e-02  -4.945714e-02  -4.947419e-02  -4.952672e-02  -4.957595e-02  -4.966118e-02  -4.975200e-02  -4.990669e-02  -5.010207e-02  -5.040886e-02  -5.081899e-02  -5.137070e-02  -5.216435e-02  -5.318033e-02  -5.442081e-02  -5.606299e-02  -5.795801e-02  -6.008336e-02  -6.250721e-02  -6.510075e-02  -6.785025e-02  -7.068750e-02  -7.355591e-02  -7.633334e-02  -7.887277e-02  -8.108788e-02  -8.287346e-02  -8.421923e-02  -8.524850e-02  -8.613048e-02  -8.713568e-02  -8.847938e-02  -9.038272e-02  -9.310061e-02  -9.695742e-02  -1.024097e-01  -1.100558e-01  -1.206742e-01  -1.352120e-01  -1.547195e-01  -1.801590e-01  -2.120310e-01  -2.496041e-01  -2.903303e-01  -3.291961e-01  -3.596296e-01  -3.764685e-01  -3.794858e-01  -3.735100e-01  -3.636776e-01  -3.515882e-01
    7  -4.651117e-02  -4.656362e-02  -4.657932e-02  -4.662771e-02  -4.667304e-02  -4.675153e-02  -4.683517e-02  -4.697763e-02  -4.715754e-02  -4.744002e-02  -4.781761e-02  -4.832544e-02  -4.905581e-02  -4.999048e-02  -5.113103e-02  -5.264000e-02  -5.437964e-02  -5.632827e-02  -5.854749e-02  -6.091799e-02  -6.342615e-02  -6.600858e-02  -6.861297e-02  -7.112748e-02  -7.341836e-02  -7.540831e-02  -7.700301e-02  -7.819429e-02  -7.909332e-02  -7.985072e-02  -8.070538e-02  -8.184382e-02  -8.345539e-02  -8.575557e-02  -8.901694e-02  -9.362241e-02  -1.000702e-01  -1.090031e-01  -1.211913e-01  -1.374643e-01  -1.585309e-01  -1.846411e-01  -2.149128e-01  -2.468842e-01  -2.761065e-01  -2.972160e-01  -3.067275e-01  -3.057105e-01  -2.987993e-01  -2.896622e-01  -2.788279e-01
    8  -4.353327e-02  -4.358128e-02  -4.359565e-02  -4.363994e-02  -4.368143e-02  -4.375327e-02  -4.382981e-02  -4.396018e-02  -4.412482e-02  -4.438331e-02  -4.472878e-02  -4.519333e-02  -4.586134e-02  -4.671593e-02  -4.775821e-02  -4.913639e-02  -5.072387e-02  -5.249997e-02  -5.452010e-02  -5.667452e-02  -5.894997e-02  -6.128798e-02  -6.364059e-02  -6.590598e-02  -6.796321e-02  -6.974334e-02  -7.116224e-02  -7.221352e-02  -7.299695e-02  -7.364614e-02  -7.437149e-02  -7.533428e-02  -7.669640e-02  -7.863985e-02  -8.139352e-02  -8.527854e-02  -9.071005e-02  -9.821995e-02  -1.084363e-01  -1.220176e-01  -1.394864e-01  -1.609275e-01  -1.854058e-01  -2.106255e-01  -2.326896e-01  -2.472342e-01  -2.519653e-01  -2.486672e-01  -2.416008e-01  -2.333683e-01  -2.238238e-01
    9  -4.057438e-02  -4.061809e-02  -4.063117e-02  -4.067149e-02  -4.070927e-02  -4.077468e-02  -4.084436e-02  -4.096305e-02  -4.111293e-02  -4.134823e-02  -4.166268e-02  -4.208544e-02  -4.269324e-02  -4.347056e-02  -4.441814e-02  -4.567041e-02  -4.711165e-02  -4.872232e-02  -5.055204e-02  -5.250043e-02  -5.455476e-02  -5.666141e-02  -5.877667e-02  -6.080839e-02  -6.264772e-02  -6.423351e-02  -6.549107e-02  -6.641548e-02  -6.709595e-02  -6.765058e-02  -6.826400e-02  -6.907528e-02  -7.022237e-02  -7.185851e-02  -7.417525e-02  -7.744111e-02  -8.200103e-02  -8.829399e-02  -9.683099e-02  -1.081331e-01  -1.225802e-01  -1.401455e-01  -1.598976e-01  -1.797466e-01  -1.963283e-01  -2.061319e-01  -2.077266e-01  -2.032255e-01  -1.964058e-01  -1.891082e-01  -1.809092e-01
   10  -3.769635e-02  -3.773597e-02  -3.774783e-02  -3.778438e-02  -3.781861e-02  -3.787789e-02  -3.794104e-02  -3.804861e-02  -3.818442e-02  -3.839763e-02  -3.868254e-02  -3.906551e-02  -3.961600e-02  -4.031983e-02  -4.117739e-02  -4.231009e-02  -4.361266e-02  -4.506675e-02  -4.671661e-02  -4.847086e-02  -5.031739e-02  -5.220733e-02  -5.410103e-02  -5.591547e-02  -5.755315e-02  -5.896008e-02  -6.007026e-02  -6.088003e-02  -6.146883e-02  -6.194064e-02  -6.245690e-02  -6.313702e-02  -6.409810e-02  -6.546850e-02  -6.740770e-02  -7.013905e-02  -7.394764e-02  -7.919374e-02  -8.629037e-02  -9.564600e-02  -1.075285e-01  -1.218353e-01  -1.376654e-01  -1.531497e-01  -1.654258e-01  -1.717062e-01  -1.712038e-01  -1.661284e-01  -1.597451e-01  -1.533377e-01  -1.463214e-01
   11  -3.493349e-02  -3.496924e-02  -3.497994e-02  -3.501292e-02  -3.504381e-02  -3.509731e-02  -3.515429e-02  -3.525135e-02  -3.537389e-02  -3.556625e-02  -3.582328e-02  -3.616870e-02  -3.666514e-02  -3.729968e-02  -3.807243e-02  -3.909258e-02  -4.026476e-02  -4.157185e-02  -4.305316e-02  -4.462586e-02  -4.627854e-02  -4.796684e-02  -4.965499e-02  -5.126854e-02  -5.272054e-02  -5.396356e-02  -5.493952e-02  -5.564585e-02  -5.615299e-02  -5.655213e-02  -5.698380e-02  -5.755007e-02  -5.834974e-02  -5.948961e-02  -6.110148e-02  -6.336978e-02  -6.652821e-02  -7.086986e-02  -7.672506e-02  -8.440863e-02  -9.409936e-02  -1.056409e-01  -1.181826e-01  -1.300688e-01  -1.388918e-01  -1.424811e-01  -1.405298e-01  -1.352223e-01  -1.293334e-01  -1.237324e-01  -1.177594e-01
   12  -3.230629e-02  -3.233841e-02  -3.234803e-02  -3.237766e-02  -3.240542e-02  -3.245349e-02  -3.250469e-02  -3.259189e-02  -3.270199e-02  -3.287480e-02  -3.310568e-02  -3.341591e-02  -3.386169e-02  -3.443131e-02  -3.512466e-02  -3.603950e-02  -3.708981e-02  -3.825972e-02  -3.958394e-02  -4.098776e-02  -4.246050e-02  -4.396207e-02  -4.546035e-02  -4.688887e-02  -4.817046e-02  -4.926365e-02  -5.011761e-02  -5.073066e-02  -5.116502e-02  -5.150026e-02  -5.185813e-02  -5.232529e-02  -5.298453e-02  -5.392388e-02  -5.525116e-02  -5.711712e-02  -5.971118e-02  -6.326882e-02  -6.805002e-02  -7.429131e-02  -8.209930e-02  -9.128031e-02  -1.010397e-01  -1.099259e-01  -1.159317e-01  -1.174071e-01  -1.144072e-01  -1.090292e-01  -1.036115e-01  -9.871304e-02  -9.363564e-02
   13  -2.982740e-02  -2.985614e-02  -2.986474e-02  -2.989125e-02  -2.991609e-02  -2.995909e-02  -3.000489e-02  -3.008290e-02  -3.018138e-02  -3.033595e-02  -3.054244e-02  -3.081985e-02  -3.121839e-02  -3.172750e-02  -3.234687e-02  -3.316366e-02  -3.410060e-02  -3.514304e-02  -3.632150e-02  -3.756889e-02  -3.887523e-02  -4.020448e-02  -4.152793e-02  -4.278653e-02  -4.391210e-02  -4.486861e-02  -4.561182e-02  -4.614081e-02  -4.651026e-02  -4.678925e-02  -4.708259e-02  -4.746333e-02  -4.800015e-02  -4.876473e-02  -4.984409e-02  -5.135973e-02  -5.346280e-02  -5.633916e-02  -6.018869e-02  -6.518190e-02  -7.136647e-02  -7.852095e-02  -8.591318e-02  -9.227265e-02  -9.594343e-02  -9.570986e-02  -9.189961e-02  -8.649909e-02  -8.147962e-02  -7.717143e-02  -7.284987e-02
   14  -2.750393e-02  -2.752953e-02  -2.753719e-02  -2.756080e-02  -2.758292e-02  -2.762121e-02  -2.766200e-02  -2.773146e-02  -2.781916e-02  -2.795678e-02  -2.814062e-02  -2.838754e-02  -2.874222e-02  -2.919514e-02  -2.974588e-02  -3.047173e-02  -3.130362e-02  -3.222807e-02  -3.327178e-02  -3.437473e-02  -3.552770e-02  -3.669840e-02  -3.786131e-02  -3.896422e-02  -3.994723e-02  -4.077925e-02  -4.142203e-02  -4.187529e-02  -4.218683e-02  -4.241624e-02  -4.265312e-02  -4.295841e-02  -4.338841e-02  -4.400052e-02  -4.486365e-02  -4.607388e-02  -4.774923e-02  -5.003269e-02  -5.307257e-02  -5.698342e-02  -6.176420e-02  -6.717558e-02  -7.253843e-02  -7.675014e-02  -7.845723e-02  -7.679727e-02  -7.230892e-02  -6.686774e-02  -6.215135e-02  -5.831745e-02  -5.462216e-02
   15  -2.533868e-02  -2.536137e-02  -2.536815e-02  -2.538908e-02  -2.540868e-02  -2.544262e-02  -2.547876e-02  -2.554032e-02  -2.561803e-02  -2.573996e-02  -2.590283e-02  -2.612154e-02  -2.643563e-02  -2.683659e-02  -2.732387e-02  -2.796567e-02  -2.870054e-02  -2.951613e-02  -3.043563e-02  -3.140563e-02  -3.241760e-02  -3.344279e-02  -3.445860e-02  -3.541915e-02  -3.627212e-02  -3.699090e-02  -3.754268e-02  -3.792775e-02  -3.818763e-02  -3.837333e-02  -3.856080e-02  -3.880022e-02  -3.913697e-02  -3.961601e-02  -4.029049e-02  -4.123437e-02  -4.253690e-02  -4.430400e-02  -4.663960e-02  -4.961047e-02  -5.317491e-02  -5.707913e-02  -6.069689e-02  -6.306882e-02  -6.309557e-02  -6.021008e-02  -5.510876e-02  -4.956750e-02  -4.504466e-02  -4.157627e-02  -3.839194e-02
   16  -2.333100e-02  -2.335100e-02  -2.335698e-02  -2.337543e-02  -2.339271e-02  -2.342263e-02  -2.345449e-02  -2.350875e-02  -2.357723e-02  -2.368470e-02  -2.382822e-02  -2.402090e-02  -2.429756e-02  -2.465059e-02  -2.507936e-02  -2.564373e-02  -2.628925e-02  -2.700467e-02  -2.780999e-02  -2.865790e-02  -2.954056e-02  -3.043248e-02  -3.131378e-02  -3.214437e-02  -3.287889e-02  -3.349479e-02  -3.396421e-02  -3.428789e-02  -3.450169e-02  -3.464887e-02  -3.479310e-02  -3.497503e-02  -3.523043e-02  -3.559338e-02  -3.610331e-02  -3.681495e-02  -3.779256e-02  -3.910992e-02  -4.083265e-02  -4.298656e-02  -4.549552e-02  -4.809423e-02  -5.020342e-02  -5.098732e-02  -4.955633e-02  -4.558360e-02  -3.988926e-02  -3.417215e-02  -2.972900e-02  -2.652303e-02  -2.374933e-02
   17  -2.147758e-02  -2.149511e-02  -2.150035e-02  -2.151652e-02  -2.153166e-02  -2.155788e-02  -2.158579e-02  -2.163334e-02  -2.169334e-02  -2.178749e-02  -2.191320e-02  -2.208194e-02  -2.232416e-02  -2.263312e-02  -2.300809e-02  -2.350128e-02  -2.406473e-02  -2.468820e-02  -2.538880e-02  -2.612482e-02  -2.688913e-02  -2.765922e-02  -2.841773e-02  -2.912986e-02  -2.975663e-02  -3.027915e-02  -3.067407e-02  -3.094254e-02  -3.111524e-02  -3.122849e-02  -3.133491e-02  -3.146670e-02  -3.165119e-02  -3.191294e-02  -3.227947e-02  -3.278874e-02  -3.348333e-02  -3.440911e-02  -3.559857e-02  -3.704215e-02  -3.863421e-02  -4.010059e-02  -4.090097e-02  -4.029916e-02  -3.758743e-02  -3.262721e-02  -2.633107e-02  -2.035146e-02  -1.588176e-02  -1.284202e-02  -1.039214e-02
   18  -1.977312e-02  -1.978838e-02  -1.979294e-02  -1.980701e-02  -1.982019e-02  -1.984301e-02  -1.986731e-02  -1.990868e-02  -1.996090e-02  -2.004282e-02  -2.015219e-02  -2.029895e-02  -2.050955e-02  -2.077806e-02  -2.110369e-02  -2.153160e-02  -2.201981e-02  -2.255906e-02  -2.316378e-02  -2.379750e-02  -2.445366e-02  -2.511256e-02  -2.575912e-02  -2.636343e-02  -2.689228e-02  -2.733013e-02  -2.765770e-02  -2.787652e-02  -2.801259e-02  -2.809596e-02  -2.816936e-02  -2.825750e-02  -2.838023e-02  -2.855388e-02  -2.879556e-02  -2.912868e-02  -2.957622e-02  -3.016202e-02  -3.088760e-02  -3.171348e-02  -3.248916e-02  -3.298921e-02  -3.264728e-02  -3.083434e-02  -2.697929e-02  -2.109998e-02  -1.418521e-02  -7.856144e-03  -3.257502e-03  -2.966937e-04   1.904969e-03
   19  -1.821090e-02  -1.822407e-02  -1.822801e-02  -1.824017e-02  -1.825155e-02  -1.827125e-02  -1.829223e-02  -1.832795e-02  -1.837304e-02  -1.844375e-02  -1.853815e-02  -1.866477e-02  -1.884642e-02  -1.907788e-02  -1.935832e-02  -1.972647e-02  -2.014586e-02  -2.060808e-02  -2.112520e-02  -2.166548e-02  -2.222298e-02  -2.278054e-02  -2.332518e-02  -2.383145e-02  -2.427139e-02  -2.463253e-02  -2.489925e-02  -2.507344e-02  -2.517688e-02  -2.523397e-02  -2.527856e-02  -2.532872e-02  -2.539777e-02  -2.549480e-02  -2.562794e-02  -2.580789e-02  -2.604200e-02  -2.633085e-02  -2.665285e-02  -2.694178e-02  -2.702553e-02  -2.666504e-02  -2.532481e-02  -2.244061e-02  -1.755687e-02  -1.080861e-02  -3.248988e-03   3.510671e-03   8.330624e-03   1.129175e-02   1.331135e-02
   20  -1.678323e-02  -1.679451e-02  -1.679788e-02  -1.680827e-02  -1.681801e-02  -1.683487e-02  -1.685281e-02  -1.688337e-02  -1.692192e-02  -1.698239e-02  -1.706309e-02  -1.717130e-02  -1.732646e-02  -1.752405e-02  -1.776318e-02  -1.807673e-02  -1.843323e-02  -1.882512e-02  -1.926230e-02  -1.971739e-02  -2.018498e-02  -2.065029e-02  -2.110224e-02  -2.151943e-02  -2.187874e-02  -2.217040e-02  -2.238218e-02  -2.251627e-02  -2.259064e-02  -2.262463e-02  -2.264412e-02  -2.266130e-02  -2.268374e-02  -2.271391e-02  -2.275313e-02  -2.279969e-02  -2.284816e-02  -2.287967e-02  -2.285113e-02  -2.267285e-02  -2.215624e-02  -2.104170e-02  -1.882473e-02  -1.498927e-02  -9.168750e-03  -1.591918e-03   6.639214e-03   1.390005e-02   1.902574e-02   2.205826e-02   2.395346e-02
   21  -1.548189e-02  -1.549142e-02  -1.549427e-02  -1.550307e-02  -1.551130e-02  -1.552555e-02  -1.554072e-02  -1.556656e-02  -1.559915e-02  -1.565026e-02  -1.571845e-02  -1.580984e-02  -1.594082e-02  -1.610748e-02  -1.630891e-02  -1.657261e-02  -1.687174e-02  -1.719952e-02  -1.756383e-02  -1.794132e-02  -1.832709e-02  -1.870849e-02  -1.907622e-02  -1.941255e-02  -1.969876e-02  -1.992755e-02  -2.008974e-02  -2.018781e-02  -2.023628e-02  -2.024997e-02  -2.024693e-02  -2.023523e-02  -2.021824e-02  -2.019106e-02  -2.014820e-02  -2.007975e-02  -1.996643e-02  -1.977451e-02  -1.944144e-02  -1.885670e-02  -1.781674e-02  -1.604247e-02  -1.305299e-02  -8.367426e-03  -1.688402e-03   6.686876e-03   1.560996e-02   2.343317e-02   2.893726e-02   3.210749e-02   3.392918e-02
   22  -1.429833e-02  -1.430628e-02  -1.430866e-02  -1.431599e-02  -1.432285e-02  -1.433473e-02  -1.434737e-02  -1.436890e-02  -1.439605e-02  -1.443862e-02  -1.449540e-02  -1.457145e-02  -1.468037e-02  -1.481883e-02  -1.498588e-02  -1.520415e-02  -1.545100e-02  -1.572036e-02  -1.601834e-02  -1.632522e-02  -1.663658e-02  -1.694173e-02  -1.723298e-02  -1.749598e-02  -1.771594e-02  -1.788786e-02  -1.800530e-02  -1.807102e-02  -1.809644e-02  -1.809231e-02  -1.807045e-02  -1.803406e-02  -1.798183e-02  -1.790468e-02  -1.779100e-02  -1.762255e-02  -1.736885e-02  -1.698351e-02  -1.638587e-02  -1.544743e-02  -1.395043e-02  -1.159767e-02  -7.924884e-03  -2.476785e-03   4.994358e-03   1.413728e-02   2.376981e-02   3.220537e-02   3.815152e-02   4.151738e-02   4.331018e-02
   23  -1.322399e-02  -1.323049e-02  -1.323244e-02  -1.323843e-02  -1.324404e-02  -1.325376e-02  -1.326410e-02  -1.328170e-02  -1.330390e-02  -1.333869e-02  -1.338507e-02  -1.344714e-02  -1.353597e-02  -1.364873e-02  -1.378446e-02  -1.396135e-02  -1.416061e-02  -1.437681e-02  -1.461444e-02  -1.485712e-02  -1.510087e-02  -1.533679e-02  -1.555864e-02  -1.575513e-02  -1.591510e-02  -1.603559e-02  -1.611265e-02  -1.614931e-02  -1.615421e-02  -1.613475e-02  -1.609624e-02  -1.603850e-02  -1.595576e-02  -1.583539e-02  -1.566042e-02  -1.540564e-02  -1.503054e-02  -1.447688e-02  -1.364941e-02  -1.240297e-02  -1.050603e-02  -7.645187e-03  -3.366710e-03   2.769355e-03   1.097371e-02   2.085664e-02   3.120773e-02   4.029519e-02   4.673522e-02   5.034826e-02   5.215243e-02
   24  -1.225041e-02  -1.225559e-02  -1.225714e-02  -1.226193e-02  -1.226640e-02  -1.227415e-02  -1.228239e-02  -1.229642e-02  -1.231410e-02  -1.234180e-02  -1.237871e-02  -1.242805e-02  -1.249859e-02  -1.258796e-02  -1.269518e-02  -1.283443e-02  -1.299038e-02  -1.315824e-02  -1.334101e-02  -1.352536e-02  -1.370771e-02  -1.388079e-02  -1.403969e-02  -1.417591e-02  -1.428157e-02  -1.435555e-02  -1.439619e-02  -1.440675e-02  -1.439337e-02  -1.435986e-02  -1.430750e-02  -1.423130e-02  -1.412219e-02  -1.396444e-02  -1.373645e-02  -1.340664e-02  -1.292669e-02  -1.222702e-02  -1.119981e-02  -9.684974e-03  -7.438937e-03  -4.130003e-03   6.882140e-04   7.445151e-03   1.632968e-02   2.692541e-02   3.799701e-02   4.776384e-02   5.474060e-02   5.864498e-02   6.049698e-02
   25  -1.136939e-02  -1.137337e-02  -1.137456e-02  -1.137824e-02  -1.138168e-02  -1.138764e-02  -1.139396e-02  -1.140474e-02  -1.141832e-02  -1.143957e-02  -1.146787e-02  -1.150563e-02  -1.155952e-02  -1.162760e-02  -1.170890e-02  -1.181391e-02  -1.193049e-02  -1.205441e-02  -1.218734e-02  -1.231871e-02  -1.244533e-02  -1.256140e-02  -1.266323e-02  -1.274484e-02  -1.280134e-02  -1.283327e-02  -1.284106e-02  -1.282817e-02  -1.279850e-02  -1.275294e-02  -1.268829e-02  -1.259615e-02  -1.246425e-02  -1.227418e-02  -1.200035e-02  -1.160561e-02  -1.103484e-02  -1.020848e-02  -9.007575e-03  -7.257674e-03  -4.706623e-03  -1.002609e-03   4.296904e-03   1.161713e-02   2.113291e-02   3.241220e-02   4.419959e-02   5.466317e-02   6.220887e-02   6.644290e-02   6.837564e-02
   26  -1.057306e-02  -1.057596e-02  -1.057682e-02  -1.057949e-02  -1.058199e-02  -1.058631e-02  -1.059091e-02  -1.059872e-02  -1.060856e-02  -1.062395e-02  -1.064442e-02  -1.067165e-02  -1.071040e-02  -1.075914e-02  -1.081687e-02  -1.089075e-02  -1.097155e-02  -1.105555e-02  -1.114321e-02  -1.122650e-02  -1.130254e-02  -1.136691e-02  -1.141701e-02  -1.144916e-02  -1.146115e-02  -1.145507e-02  -1.143322e-02  -1.139926e-02  -1.135509e-02  -1.129894e-02  -1.122363e-02  -1.111772e-02  -1.096612e-02  -1.074814e-02  -1.043479e-02  -9.983715e-03  -9.334248e-03  -8.397664e-03  -7.043923e-03  -5.092854e-03  -2.272015e-03   1.781933e-03   7.511264e-03   1.534295e-02   2.544510e-02   3.737690e-02   4.986781e-02   6.103496e-02   6.917272e-02   7.376807e-02   7.580944e-02
   27  -9.853975e-03  -9.855880e-03  -9.856449e-03  -9.858206e-03  -9.859847e-03  -9.862691e-03  -9.865703e-03  -9.870830e-03  -9.877275e-03  -9.887334e-03  -9.900672e-03  -9.918331e-03  -9.943324e-03  -9.974472e-03  -1.001078e-02  -1.005638e-02  -1.010468e-02  -1.015243e-02  -1.019900e-02  -1.023864e-02  -1.026880e-02  -1.028629e-02  -1.028951e-02  -1.027686e-02  -1.024858e-02  -1.020815e-02  -1.015955e-02  -1.010648e-02  -1.004954e-02  -9.984123e-03  -9.899632e-03  -9.781721e-03  -9.613113e-03  -9.370996e-03  -9.023233e-03  -8.523608e-03  -7.805908e-03  -6.773991e-03  -5.290239e-03  -3.159516e-03  -1.012457e-04   4.262145e-03   1.037573e-02   1.867310e-02   2.931832e-02   4.187026e-02   5.504707e-02   6.691625e-02   7.566053e-02   8.064067e-02   8.281562e-02
   28  -9.205126e-03  -9.206130e-03  -9.206429e-03  -9.207355e-03  -9.208219e-03  -9.209715e-03  -9.211292e-03  -9.213974e-03  -9.217332e-03  -9.222547e-03  -9.229410e-03  -9.238368e-03  -9.250858e-03  -9.266024e-03  -9.282871e-03  -9.302774e-03  -9.321554e-03  -9.336386e-03  -9.345654e-03  -9.345694e-03  -9.334249e-03  -9.309237e-03  -9.269197e-03  -9.216712e-03  -9.151666e-03  -9.080544e-03  -9.008251e-03  -8.936972e-03  -8.869241e-03  -8.795621e-03  -8.703027e-03  -8.574929e-03  -8.391607e-03  -8.128618e-03  -7.751175e-03  -7.209373e-03  -6.432460e-03  -5.317421e-03  -3.718792e-03  -1.432293e-03   1.834851e-03   6.473123e-03   1.293145e-02   2.165068e-02   3.279872e-02   4.593681e-02   5.977643e-02   7.233687e-02   8.169247e-02   8.707611e-02   8.940369e-02
   29  -8.619971e-03  -8.620157e-03  -8.620211e-03  -8.620382e-03  -8.620538e-03  -8.620810e-03  -8.621083e-03  -8.621544e-03  -8.622160e-03  -8.622908e-03  -8.623889e-03  -8.624941e-03  -8.626069e-03  -8.626715e-03  -8.625882e-03  -8.622545e-03  -8.614422e-03  -8.599372e-03  -8.574787e-03  -8.538902e-03  -8.490520e-03  -8.426188e-03  -8.348439e-03  -8.258478e-03  -8.160793e-03  -8.061217e-03  -7.967686e-03  -7.879875e-03  -7.802521e-03  -7.721704e-03  -7.622130e-03  -7.485139e-03  -7.289085e-03  -7.008027e-03  -6.604872e-03  -6.026480e-03  -5.197761e-03  -4.010702e-03  -2.311728e-03   1.109811e-04   3.568091e-03   8.445303e-03   1.521206e-02   2.431457e-02   3.592698e-02   4.961601e-02   6.408994e-02   7.732460e-02   8.728831e-02   9.308559e-02   9.558351e-02
   30  -8.092446e-03  -8.091888e-03  -8.091720e-03  -8.091205e-03  -8.090718e-03  -8.089877e-03  -8.088965e-03  -8.087407e-03  -8.085411e-03  -8.082222e-03  -8.077857e-03  -8.071727e-03  -8.062830e-03  -8.049988e-03  -8.033096e-03  -8.008468e-03  -7.976101e-03  -7.933927e-03  -7.878623e-03  -7.810149e-03  -7.726756e-03  -7.628303e-03  -7.515686e-03  -7.392460e-03  -7.264939e-03  -7.139981e-03  -7.027283e-03  -6.924594e-03  -6.838652e-03  -6.751493e-03  -6.645849e-03  -6.500495e-03  -6.294073e-03  -5.997357e-03  -5.571902e-03  -4.961730e-03  -4.088191e-03  -2.838084e-03  -1.051337e-03   1.495659e-03   5.112193e-03   1.020465e-02   1.724889e-02   2.669880e-02   3.873773e-02   5.294157e-02   6.801738e-02   8.190211e-02   9.246414e-02   9.867943e-02   1.013593e-01
   31  -7.616955e-03  -7.615722e-03  -7.615351e-03  -7.614213e-03  -7.613142e-03  -7.611290e-03  -7.609301e-03  -7.605909e-03  -7.601597e-03  -7.594914e-03  -7.585387e-03  -7.572897e-03  -7.554325e-03  -7.529798e-03  -7.498320e-03  -7.454446e-03  -7.399980e-03  -7.333186e-03  -7.250007e-03  -7.151974e-03  -7.037558e-03  -6.907462e-03  -6.763257e-03  -6.609914e-03  -6.455398e-03  -6.307496e-03  -6.175585e-03  -6.061418e-03  -5.967807e-03  -5.875055e-03  -5.764124e-03  -5.611986e-03  -5.396104e-03  -5.085801e-03  -4.640978e-03  -4.003169e-03  -3.090584e-03  -1.785424e-03   7.820202e-05   2.731308e-03   6.491931e-03   1.177641e-02   1.906838e-02   2.883249e-02   4.126217e-02   5.594356e-02   7.158608e-02   8.609126e-02   9.723332e-02   1.038645e-01   1.067342e-01
   32  -7.188364e-03  -7.186516e-03  -7.185962e-03  -7.184257e-03  -7.182656e-03  -7.179885e-03  -7.176918e-03  -7.171859e-03  -7.165444e-03  -7.155521e-03  -7.141684e-03  -7.123100e-03  -7.096010e-03  -7.060598e-03  -7.015874e-03  -6.954521e-03  -6.879991e-03  -6.790852e-03  -6.682383e-03  -6.557540e-03  -6.414999e-03  -6.256227e-03  -6.083412e-03  -5.902804e-03  -5.723867e-03  -5.555227e-03  -5.407303e-03  -5.281480e-03  -5.181018e-03  -5.083327e-03  -4.967784e-03  -4.809753e-03  -4.585658e-03  -4.263549e-03  -3.801881e-03  -3.140213e-03  -2.193356e-03  -8.400572e-04   1.090986e-03   3.837490e-03   7.725512e-03   1.318036e-02   2.069451e-02   3.074215e-02   4.352793e-02   5.864936e-02   7.481968e-02   8.991104e-02   1.016084e-01   1.086468e-01   1.117109e-01
   33  -6.801976e-03  -6.799571e-03  -6.798850e-03  -6.796630e-03  -6.794547e-03  -6.790941e-03  -6.787085e-03  -6.780512e-03  -6.772185e-03  -6.759057e-03  -6.741416e-03  -6.717446e-03  -6.682617e-03  -6.637319e-03  -6.580563e-03  -6.503339e-03  -6.410595e-03  -6.301177e-03  -6.169762e-03  -6.020606e-03  -5.852569e-03  -5.667815e-03  -5.469090e-03  -5.263804e-03  -5.062779e-03  -4.875371e-03  -4.713025e-03  -4.576710e-03  -4.470124e-03  -4.368068e-03  -4.248497e-03  -4.085340e-03  -3.854103e-03  -3.521720e-03  -3.045382e-03  -2.362753e-03  -1.386114e-03   9.322961e-06   1.999547e-03   4.828309e-03   8.828979e-03   1.443551e-02   2.214765e-02   3.245044e-02   4.555789e-02   6.108170e-02   7.774022e-02   9.337857e-02   1.056023e-01   1.130339e-01   1.162913e-01
   34  -6.453515e-03  -6.450603e-03  -6.449730e-03  -6.447043e-03  -6.444521e-03  -6.440157e-03  -6.435493e-03  -6.427544e-03  -6.417480e-03  -6.401627e-03  -6.380344e-03  -6.351481e-03  -6.309623e-03  -6.255344e-03  -6.187662e-03  -6.096026e-03  -5.986747e-03  -5.858925e-03  -5.706695e-03  -5.535492e-03  -5.344348e-03  -5.136056e-03  -4.913871e-03  -4.686256e-03  -4.465259e-03  -4.260948e-03  -4.085539e-03  -3.939781e-03  -3.827721e-03  -3.721803e-03  -3.598710e-03  -3.431086e-03  -3.193632e-03  -2.852297e-03  -2.363165e-03  -1.662234e-03  -6.595519e-04   7.728067e-04   2.815008e-03   5.716227e-03   9.816439e-03   1.555724e-02   2.344641e-02   3.397627e-02   4.737335e-02   6.326222e-02   8.036679e-02   9.651025e-02   1.092258e-01   1.170305e-01   1.204772e-01
   35  -6.139095e-03  -6.135722e-03  -6.134712e-03  -6.131600e-03  -6.128681e-03  -6.123627e-03  -6.118229e-03  -6.109031e-03  -6.097389e-03  -6.079059e-03  -6.054467e-03  -6.021159e-03  -5.972915e-03  -5.910480e-03  -5.832875e-03  -5.728154e-03  -5.603866e-03  -5.459345e-03  -5.288235e-03  -5.097046e-03  -4.884961e-03  -4.655353e-03  -4.411935e-03  -4.164121e-03  -3.925074e-03  -3.705475e-03  -3.518311e-03  -3.364059e-03  -3.247105e-03  -3.137768e-03  -3.011591e-03  -2.840072e-03  -2.597198e-03  -2.248053e-03  -1.747753e-03  -1.030828e-03  -5.355027e-06   1.459369e-03   3.547227e-03   6.512239e-03   1.070030e-02   1.655986e-02   2.460547e-02   3.533790e-02   4.899363e-02   6.520999e-02   8.271784e-02   9.932138e-02   1.124897e-01   1.206433e-01   1.242711e-01
   36  -5.855199e-03  -5.851408e-03  -5.850272e-03  -5.846774e-03  -5.843493e-03  -5.837814e-03  -5.831749e-03  -5.821415e-03  -5.808339e-03  -5.787759e-03  -5.760162e-03  -5.722817e-03  -5.668773e-03  -5.598930e-03  -5.512315e-03  -5.395715e-03  -5.257805e-03  -5.098135e-03  -4.909905e-03  -4.700599e-03  -4.469548e-03  -4.220642e-03  -3.958013e-03  -3.691939e-03  -3.436585e-03  -3.203191e-03  -3.005435e-03  -2.843544e-03  -2.722216e-03  -2.609853e-03  -2.480974e-03  -2.306055e-03  -2.058452e-03  -1.702490e-03  -1.192433e-03  -4.615226e-04   5.838995e-04   2.076994e-03   4.204723e-03   7.226043e-03   1.149147e-02   1.745569e-02   2.563923e-02   3.655041e-02   5.043534e-02   6.694204e-02   8.480976e-02   1.018268e-01   1.154050e-01   1.238786e-01   1.276756e-01
   37  -5.598647e-03  -5.594476e-03  -5.593227e-03  -5.589378e-03  -5.585769e-03  -5.579521e-03  -5.572850e-03  -5.561484e-03  -5.547107e-03  -5.524483e-03  -5.494156e-03  -5.453144e-03  -5.393832e-03  -5.317263e-03  -5.222468e-03  -5.095086e-03  -4.944817e-03  -4.771407e-03  -4.567656e-03  -4.341938e-03  -4.093712e-03  -3.827345e-03  -3.547346e-03  -3.264773e-03  -2.994702e-03  -2.748868e-03  -2.541575e-03  -2.372822e-03  -2.247589e-03  -2.132547e-03  -2.001301e-03  -1.823411e-03  -1.571681e-03  -1.209766e-03  -6.911855e-04   5.195190e-05   1.114831e-03   2.632776e-03   4.795651e-03   7.866195e-03   1.219952e-02   1.825563e-02   2.656026e-02   3.762776e-02   5.171254e-02   6.847350e-02   8.665736e-02   1.040394e-01   1.179827e-01   1.267436e-01   1.306950e-01
   38  -5.366573e-03  -5.362056e-03  -5.360704e-03  -5.356536e-03  -5.352629e-03  -5.345864e-03  -5.338644e-03  -5.326341e-03  -5.310781e-03  -5.286302e-03  -5.253495e-03  -5.209154e-03  -5.145060e-03  -5.062385e-03  -4.960166e-03  -4.823000e-03  -4.661520e-03  -4.475654e-03  -4.257840e-03  -4.017258e-03  -3.753490e-03  -3.471334e-03  -3.175641e-03  -2.878175e-03  -2.594831e-03  -2.337794e-03  -2.121924e-03  -1.947014e-03  -1.818297e-03  -1.700885e-03  -1.567565e-03  -1.387083e-03  -1.131753e-03  -7.646414e-04  -2.386185e-04   5.152004e-04   1.593336e-03   3.133012e-03   5.326633e-03   8.440233e-03   1.283291e-02   1.896936e-02   2.737872e-02   3.858136e-02   5.283880e-02   6.981886e-02   8.827528e-02   1.059731e-01   1.202335e-01   1.292461e-01   1.333344e-01
   39  -5.156395e-03  -5.151565e-03  -5.150119e-03  -5.145662e-03  -5.141484e-03  -5.134251e-03  -5.126531e-03  -5.113378e-03  -5.096744e-03  -5.070580e-03  -5.035523e-03  -4.988159e-03  -4.919725e-03  -4.831508e-03  -4.722554e-03  -4.576515e-03  -4.404870e-03  -4.207717e-03  -3.977166e-03  -3.723134e-03  -3.445312e-03  -3.148891e-03  -2.839031e-03  -2.528135e-03  -2.232838e-03  -1.965722e-03  -1.742152e-03  -1.561726e-03  -1.429905e-03  -1.310400e-03  -1.175265e-03  -9.925223e-04  -7.340547e-04  -3.624145e-04   1.700962e-04   9.332293e-04   2.024671e-03   3.583297e-03   5.803721e-03   8.954811e-03   1.339903e-02   1.960121e-02   2.810454e-02   3.942270e-02   5.382572e-02   7.099020e-02   8.967611e-02   1.076401e-01   1.221686e-01   1.313949e-01   1.355995e-01
   40  -4.965795e-03  -4.960680e-03  -4.959149e-03  -4.954430e-03  -4.950006e-03  -4.942347e-03  -4.934174e-03  -4.920249e-03  -4.902641e-03  -4.874948e-03  -4.837849e-03  -4.787744e-03  -4.715372e-03  -4.622129e-03  -4.507067e-03  -4.352983e-03  -4.172129e-03  -3.964754e-03  -3.722678e-03  -3.456483e-03  -3.165964e-03  -2.856668e-03  -2.534036e-03  -2.211046e-03  -1.904999e-03  -1.628834e-03  -1.398361e-03  -1.213003e-03  -1.078425e-03  -9.570741e-04  -8.203553e-04  -6.356454e-04  -3.744504e-04   1.127792e-06   5.392791e-04   1.310509e-03   2.413515e-03   3.988601e-03   6.232274e-03   9.415803e-03   1.390444e-02   2.016584e-02   2.874564e-02   4.016032e-02   5.468377e-02   7.199969e-02   9.087210e-02   1.090526e-01   1.237987e-01   1.331991e-01   1.374987e-01
   41  -4.792689e-03  -4.787317e-03  -4.785709e-03  -4.780751e-03  -4.776104e-03  -4.768059e-03  -4.759476e-03  -4.744851e-03  -4.726359e-03  -4.697279e-03  -4.658329e-03  -4.605737e-03  -4.529795e-03  -4.431996e-03  -4.311399e-03  -4.150029e-03  -3.960836e-03  -3.744213e-03  -3.491717e-03  -3.214536e-03  -2.912559e-03  -2.591659e-03  -2.257527e-03  -1.923664e-03  -1.607967e-03  -1.323692e-03  -1.087047e-03  -8.972910e-04  -7.602693e-04  -6.372973e-04  -4.992002e-04  -3.127849e-04  -4.922768e-05   3.297610e-04   8.727958e-04   1.651034e-03   2.764039e-03   4.353339e-03   6.617036e-03   9.828400e-03   1.435490e-02   2.066628e-02   2.930985e-02   4.080306e-02   5.542302e-02   7.285753e-02   9.187518e-02   1.102221e-01   1.251359e-01   1.346691e-01   1.390405e-01
   42  -4.635212e-03  -4.629605e-03  -4.627927e-03  -4.622754e-03  -4.617905e-03  -4.609510e-03  -4.600554e-03  -4.585295e-03  -4.566002e-03  -4.535666e-03  -4.495038e-03  -4.440193e-03  -4.361018e-03  -4.259092e-03  -4.133484e-03  -3.965518e-03  -3.768783e-03  -3.543801e-03  -3.281895e-03  -2.994803e-03  -2.682502e-03  -2.351158e-03  -2.006692e-03  -1.663073e-03  -1.338733e-03  -1.047209e-03  -8.050601e-04  -6.113938e-04  -4.722156e-04  -3.478252e-04  -2.085349e-04  -2.064908e-05   2.449427e-04   6.268682e-04   1.174105e-03   1.958368e-03   3.079958e-03   4.681431e-03   6.962220e-03   1.019720e-02   1.475552e-02   2.110829e-02   2.980325e-02   4.135857e-02   5.605182e-02   7.357339e-02   9.269525e-02   1.111611e-01   1.261917e-01   1.358166e-01   1.402353e-01
   43  -4.491689e-03  -4.485871e-03  -4.484129e-03  -4.478761e-03  -4.473729e-03  -4.465018e-03  -4.455724e-03  -4.439890e-03  -4.419873e-03  -4.388399e-03  -4.346252e-03  -4.289369e-03  -4.207266e-03  -4.101606e-03  -3.971467e-03  -3.797539e-03  -3.593989e-03  -3.361462e-03  -3.091069e-03  -2.795050e-03  -2.473462e-03  -2.132738e-03  -1.779005e-03  -1.426653e-03  -1.094593e-03  -7.966089e-04  -5.495693e-04  -3.524401e-04  -2.113676e-04  -8.574343e-05   5.457246e-05   2.437166e-04   5.110470e-04   8.954807e-04   1.446303e-03   2.235700e-03   3.364586e-03   4.976373e-03   7.271560e-03   1.052626e-02   1.511081e-02   2.149696e-02   3.023247e-02   4.183355e-02   5.657778e-02   7.415645e-02   9.334339e-02   1.118797e-01   1.269780e-01   1.366524e-01   1.410946e-01
   44  -4.360625e-03  -4.354615e-03  -4.352816e-03  -4.347271e-03  -4.342074e-03  -4.333076e-03  -4.323478e-03  -4.307124e-03  -4.286451e-03  -4.253949e-03  -4.210428e-03  -4.151702e-03  -4.066954e-03  -3.957920e-03  -3.823686e-03  -3.644375e-03  -3.434678e-03  -3.195351e-03  -2.917319e-03  -2.613274e-03  -2.283350e-03  -1.934219e-03  -1.572198e-03  -1.212050e-03  -8.731181e-04  -5.693980e-04  -3.180307e-04  -1.178494e-04   2.487673e-05   1.515657e-04   2.927545e-04   4.829640e-04   7.517636e-04   1.138315e-03   1.692160e-03   2.485876e-03   3.620882e-03   5.241273e-03   7.548382e-03   1.081921e-02   1.542478e-02   2.183683e-02   3.060193e-02   4.223400e-02   5.700858e-02   7.461527e-02   9.382921e-02   1.123897e-01   1.275067e-01   1.371905e-01   1.416315e-01
   45  -4.240679e-03  -4.234497e-03  -4.232646e-03  -4.226941e-03  -4.221595e-03  -4.212338e-03  -4.202464e-03  -4.185641e-03  -4.164376e-03  -4.130945e-03  -4.086185e-03  -4.025794e-03  -3.938658e-03  -3.826580e-03  -3.688655e-03  -3.504492e-03  -3.289258e-03  -3.043815e-03  -2.758920e-03  -2.447676e-03  -2.110287e-03  -1.753645e-03  -1.384233e-03  -1.017153e-03  -6.721258e-04  -3.633358e-04  -1.081585e-04   9.469694e-05   2.388553e-04   3.664539e-04   5.083756e-04   6.994739e-04   9.694959e-04   1.357808e-03   1.914159e-03   2.711446e-03   3.851486e-03   5.478907e-03   7.795643e-03   1.107927e-02   1.570101e-02   2.213196e-02   3.091662e-02   4.256542e-02   5.734995e-02   7.495745e-02   9.416133e-02   1.127018e-01   1.277899e-01   1.374432e-01   1.418593e-01
   46  -4.130655e-03  -4.124317e-03  -4.122420e-03  -4.116571e-03  -4.111090e-03  -4.101600e-03  -4.091478e-03  -4.074232e-03  -4.052433e-03  -4.018165e-03  -3.972287e-03  -3.910397e-03  -3.821110e-03  -3.706290e-03  -3.565042e-03  -3.376515e-03  -3.156306e-03  -2.905374e-03  -2.614327e-03  -2.296643e-03  -1.952591e-03  -1.589259e-03  -1.213282e-03  -8.400615e-04  -4.896558e-04  -1.764088e-04   8.210137e-05   2.872826e-04   4.326689e-04   5.610341e-04   7.035600e-04   8.953840e-04   1.166401e-03   1.556143e-03   2.114524e-03   2.914690e-03   4.058762e-03   5.691750e-03   8.015981e-03   1.130928e-02   1.594267e-02   2.238596e-02   3.118084e-02   4.283290e-02   5.760822e-02   7.519016e-02   9.434902e-02   1.128259e-01   1.278402e-01   1.374249e-01   1.417934e-01
   47  -4.029484e-03  -4.023005e-03  -4.021066e-03  -4.015088e-03  -4.009485e-03  -3.999785e-03  -3.989440e-03  -3.971814e-03  -3.949535e-03  -3.914514e-03  -3.867630e-03  -3.804392e-03  -3.713172e-03  -3.595888e-03  -3.451656e-03  -3.259213e-03  -3.034545e-03  -2.778699e-03  -2.482157e-03  -2.158732e-03  -1.808752e-03  -1.439486e-03  -1.057703e-03  -6.790720e-04  -3.239471e-04  -6.807950e-06   2.545953e-04   4.617807e-04   6.082063e-04   7.372057e-04   8.811950e-04   1.072615e-03   1.344416e-03   1.735282e-03   2.295251e-03   3.097654e-03   4.244823e-03   5.882018e-03   8.211755e-03   1.151183e-02   1.615261e-02   2.260206e-02   3.139808e-02   4.304065e-02   5.778910e-02   7.532007e-02   9.440032e-02   1.127734e-01   1.276702e-01   1.371499e-01   1.414490e-01
   48  -3.936209e-03  -3.929604e-03  -3.927628e-03  -3.921533e-03  -3.915822e-03  -3.905934e-03  -3.895388e-03  -3.877420e-03  -3.854711e-03  -3.819014e-03  -3.771229e-03  -3.706782e-03  -3.613827e-03  -3.494336e-03  -3.347432e-03  -3.151485e-03  -2.922831e-03  -2.662603e-03  -2.361169e-03  -2.032644e-03  -1.677414e-03  -1.302911e-03  -9.160212e-04  -5.326526e-04  -1.734165e-04   1.470934e-04   4.109834e-04   6.198758e-04   7.671658e-04   8.966764e-04   1.041049e-03   1.232893e-03   1.505282e-03   1.896986e-03   2.458130e-03   3.262170e-03   4.411565e-03   6.051693e-03   8.385075e-03   1.168919e-02   1.633338e-02   2.278320e-02   3.157200e-02   4.319306e-02   5.789739e-02   7.535369e-02   9.432383e-02   1.125533e-01   1.272923e-01   1.366328e-01   1.408430e-01
   49  -3.849979e-03  -3.843261e-03  -3.841251e-03  -3.835053e-03  -3.829244e-03  -3.819187e-03  -3.808462e-03  -3.790189e-03  -3.767094e-03  -3.730793e-03  -3.682201e-03  -3.616673e-03  -3.522169e-03  -3.400706e-03  -3.251416e-03  -3.052344e-03  -2.820143e-03  -2.556021e-03  -2.250249e-03  -1.917217e-03  -1.557363e-03  -1.178264e-03  -7.869133e-04  -3.994271e-04  -3.664125e-05   2.867579e-04   5.527589e-04   7.630831e-04   9.110751e-04   1.040982e-03   1.185634e-03   1.377771e-03   1.650563e-03   2.042839e-03   2.604771e-03   3.409886e-03   4.560689e-03   6.202556e-03   8.537836e-03   1.184344e-02   1.648729e-02   2.293201e-02   3.170579e-02   4.329412e-02   5.793806e-02   7.529708e-02   9.412650e-02   1.121765e-01   1.267191e-01   1.358891e-01   1.399917e-01
   50  -3.770032e-03  -3.763214e-03  -3.761173e-03  -3.754882e-03  -3.748987e-03  -3.738780e-03  -3.727895e-03  -3.709349e-03  -3.685911e-03  -3.649071e-03  -3.599761e-03  -3.533270e-03  -3.437386e-03  -3.314167e-03  -3.162758e-03  -2.960911e-03  -2.725565e-03  -2.457999e-03  -2.148403e-03  -1.811409e-03  -1.447508e-03  -1.064405e-03  -6.691890e-04  -2.781583e-04   8.765832e-05   4.135013e-04   6.812656e-04   8.927664e-04   1.041310e-03   1.171506e-03   1.316337e-03   1.508646e-03   1.781668e-03   2.174264e-03   2.736620e-03   3.542281e-03   4.693723e-03   6.336207e-03   8.671740e-03   1.197641e-02   1.661639e-02   2.305088e-02   3.180217e-02   4.334679e-02   5.791539e-02   7.515573e-02   9.381653e-02   1.116522e-01   1.259630e-01   1.349336e-01   1.389127e-01
   51  -3.695689e-03  -3.688782e-03  -3.686715e-03  -3.680342e-03  -3.674369e-03  -3.664029e-03  -3.653001e-03  -3.634214e-03  -3.610471e-03  -3.573153e-03  -3.523205e-03  -3.455860e-03  -3.358753e-03  -3.233980e-03  -3.080694e-03  -2.876396e-03  -2.638277e-03  -2.367683e-03  -2.054735e-03  -1.714285e-03  -1.346868e-03  -9.603098e-04  -5.617791e-04  -1.677339e-04   2.006335e-04   5.285080e-04   7.977132e-04   1.010154e-03   1.159107e-03   1.289494e-03   1.434411e-03   1.626775e-03   1.899865e-03   2.292542e-03   2.854980e-03   3.660689e-03   4.812044e-03   6.454085e-03   8.788319e-03   1.208979e-02   1.672258e-02   2.314198e-02   3.186361e-02   4.335479e-02   5.783329e-02   7.493507e-02   9.340051e-02   1.109902e-01   1.250366e-01   1.337820e-01   1.376232e-01
   52  -3.626346e-03  -3.619360e-03  -3.617269e-03  -3.610823e-03  -3.604782e-03  -3.594324e-03  -3.583171e-03  -3.564171e-03  -3.540158e-03  -3.502418e-03  -3.451908e-03  -3.383810e-03  -3.285624e-03  -3.159481e-03  -3.004545e-03  -2.798095e-03  -2.557546e-03  -2.284309e-03  -1.968446e-03  -1.625005e-03  -1.254566e-03  -8.650578e-04  -4.637222e-04  -6.715312e-05   3.033205e-04   6.328444e-04   9.031915e-04   1.116352e-03   1.265585e-03   1.396067e-03   1.540982e-03   1.733293e-03   2.006294e-03   2.398830e-03   2.961025e-03   3.766310e-03   4.916891e-03   6.557488e-03   8.888960e-03   1.218509e-02   1.680754e-02   2.320729e-02   3.189292e-02   4.332083e-02   5.769605e-02   7.464019e-02   9.288539e-02   1.101998e-01   1.239522e-01   1.324493e-01   1.361412e-01
   53  -3.561461e-03  -3.554406e-03  -3.552294e-03  -3.545785e-03  -3.539684e-03  -3.529123e-03  -3.517860e-03  -3.498672e-03  -3.474423e-03  -3.436313e-03  -3.385310e-03  -3.316551e-03  -3.217421e-03  -3.090080e-03  -2.933703e-03  -2.725375e-03  -2.482715e-03  -2.207191e-03  -1.888818e-03  -1.542818e-03  -1.169812e-03  -7.778224e-04  -3.741537e-04   2.448490e-05   3.966527e-04   7.274715e-04   9.986829e-04   1.212359e-03   1.361748e-03   1.492237e-03   1.637067e-03   1.829221e-03   2.101988e-03   2.494169e-03   3.055813e-03   3.860227e-03   5.009386e-03   6.647591e-03   8.974914e-03   1.226367e-02   1.687283e-02   2.324862e-02   3.189180e-02   4.324777e-02   5.750681e-02   7.427600e-02   9.227812e-02   1.092899e-01   1.227218e-01   1.309512e-01   1.344834e-01
   54  -3.500555e-03  -3.493439e-03  -3.491310e-03  -3.484744e-03  -3.478592e-03  -3.467940e-03  -3.456582e-03  -3.437231e-03  -3.412776e-03  -3.374344e-03  -3.322911e-03  -3.253579e-03  -3.153628e-03  -3.025247e-03  -2.867622e-03  -2.657674e-03  -2.413197e-03  -2.135715e-03  -1.815207e-03  -1.467047e-03  -1.091897e-03  -6.978598e-04  -2.922955e-04   1.079913e-04   4.814709e-04   8.132556e-04   1.085073e-03   1.299074e-03   1.448505e-03   1.578918e-03   1.723585e-03   1.915483e-03   2.187876e-03   2.579500e-03   3.140301e-03   3.943419e-03   5.090539e-03   6.725455e-03   9.047320e-03   1.232679e-02   1.691986e-02   2.326763e-02   3.186271e-02   4.313813e-02   5.726910e-02   7.384689e-02   9.158479e-02   1.082697e-01   1.213575e-01   1.293022e-01   1.326675e-01
   55  -3.443197e-03  -3.436030e-03  -3.433885e-03  -3.427272e-03  -3.421074e-03  -3.410345e-03  -3.398904e-03  -3.379412e-03  -3.354780e-03  -3.316070e-03  -3.264268e-03  -3.194441e-03  -3.093786e-03  -2.964512e-03  -2.805818e-03  -2.594486e-03  -2.348464e-03  -2.069330e-03  -1.747034e-03  -1.397085e-03  -1.020183e-03  -6.245012e-04  -2.174470e-04   1.840969e-04   5.585334e-04   8.909783e-04   1.163162e-03   1.377310e-03   1.526676e-03   1.656935e-03   1.801363e-03   1.992912e-03   2.264799e-03   2.655673e-03   3.215353e-03   4.016773e-03   5.161269e-03   6.792044e-03   9.107209e-03   1.237558e-02   1.694993e-02   2.326587e-02   3.180732e-02   4.299423e-02   5.698609e-02   7.335753e-02   9.081193e-02   1.071478e-01   1.198713e-01   1.275172e-01   1.307103e-01
   56  -3.389007e-03  -3.381796e-03  -3.379637e-03  -3.372983e-03  -3.366748e-03  -3.355952e-03  -3.344440e-03  -3.324829e-03  -3.300046e-03  -3.261100e-03  -3.208982e-03  -3.138736e-03  -3.037482e-03  -2.907452e-03  -2.747856e-03  -2.535359e-03  -2.288047e-03  -2.007543e-03  -1.683782e-03  -1.332388e-03  -9.540963e-04  -5.571446e-04  -1.489771e-04   2.534607e-04   6.285244e-04   9.613454e-04   1.233672e-03   1.447802e-03   1.597003e-03   1.727033e-03   1.871152e-03   2.062262e-03   2.333516e-03   2.723457e-03   3.281752e-03   4.081091e-03   5.222408e-03   6.848233e-03   9.155523e-03   1.241109e-02   1.696423e-02   2.324473e-02   3.172723e-02   4.281868e-02   5.666125e-02   7.281218e-02   8.996528e-02   1.059327e-01   1.182740e-01   1.256109e-01   1.286277e-01
   57  -3.337645e-03  -3.330396e-03  -3.328226e-03  -3.321538e-03  -3.315270e-03  -3.304419e-03  -3.292848e-03  -3.273136e-03  -3.248227e-03  -3.209082e-03  -3.156702e-03  -3.086104e-03  -2.984350e-03  -2.853691e-03  -2.693347e-03  -2.479890e-03  -2.231523e-03  -1.949913e-03  -1.624985e-03  -1.272466e-03  -8.931225e-04  -4.952477e-04  -8.631705e-05   3.166772e-04   6.920615e-04   1.024994e-03   1.297256e-03   1.511214e-03   1.660155e-03   1.789887e-03   1.933629e-03   2.124216e-03   2.394716e-03   2.783550e-03   3.340208e-03   4.137101e-03   5.274711e-03   6.894821e-03   9.193121e-03   1.243426e-02   1.696384e-02   2.320553e-02   3.162415e-02   4.261317e-02   5.629685e-02   7.221456e-02   8.905050e-02   1.046323e-01   1.165774e-01   1.235966e-01   1.264361e-01
   58  -3.288806e-03  -3.281527e-03  -3.279348e-03  -3.272631e-03  -3.266338e-03  -3.255440e-03  -3.243821e-03  -3.224027e-03  -3.199013e-03  -3.159706e-03  -3.107110e-03  -3.036226e-03  -2.934064e-03  -2.802892e-03  -2.641944e-03  -2.427718e-03  -2.178514e-03  -1.896042e-03  -1.570226e-03  -1.216878e-03  -8.367972e-04  -4.383222e-04  -2.895378e-05   3.742830e-04   7.497027e-04   1.082501e-03   1.354505e-03   1.568146e-03   1.716739e-03   1.846107e-03   1.989408e-03   2.179391e-03   2.449023e-03   2.836584e-03   3.391365e-03   4.185465e-03   5.318866e-03   6.932534e-03   9.220788e-03   1.244597e-02   1.694979e-02   2.314948e-02   3.150004e-02   4.238007e-02   5.589601e-02   7.156881e-02   8.807332e-02   1.032547e-01   1.147919e-01   1.214883e-01   1.241505e-01
   59  -3.242223e-03  -3.234919e-03  -3.232733e-03  -3.225994e-03  -3.219679e-03  -3.208745e-03  -3.197087e-03  -3.177227e-03  -3.152130e-03  -3.112694e-03  -3.059926e-03  -2.988815e-03  -2.886330e-03  -2.754757e-03  -2.593338e-03  -2.378518e-03  -2.128681e-03  -1.845575e-03  -1.519130e-03  -1.165229e-03  -7.847026e-04  -3.859278e-04   2.357569e-05   4.267630e-04   8.019527e-04   1.134388e-03   1.405953e-03   1.619143e-03   1.767305e-03   1.896248e-03   2.039047e-03   2.228347e-03   2.497002e-03   2.883131e-03   3.435808e-03   4.226785e-03   5.355501e-03   6.962036e-03   9.239248e-03   1.244703e-02   1.692300e-02   2.307773e-02   3.135567e-02   4.212111e-02   5.546126e-02   7.087848e-02   8.703908e-02   1.018075e-01   1.129279e-01   1.192986e-01   1.217849e-01
   60  -3.197654e-03  -3.190331e-03  -3.188140e-03  -3.181383e-03  -3.175052e-03  -3.164090e-03  -3.152403e-03  -3.132493e-03  -3.107333e-03  -3.067799e-03  -3.014900e-03  -2.943617e-03  -2.840890e-03  -2.709016e-03  -2.547251e-03  -2.332002e-03  -2.081720e-03  -1.798193e-03  -1.471359e-03  -1.117163e-03  -7.364622e-04  -3.376672e-04   7.168947e-05   4.745555e-04   8.492680e-04   1.181126e-03   1.452084e-03   1.664699e-03   1.812353e-03   1.940810e-03   2.083050e-03   2.271595e-03   2.539167e-03   2.923715e-03   3.474069e-03   4.261610e-03   5.385187e-03   6.983936e-03   9.249160e-03   1.243818e-02   1.688434e-02   2.299132e-02   3.119300e-02   4.183795e-02   5.499498e-02   7.014723e-02   8.595284e-02   1.002981e-01   1.109951e-01   1.170399e-01   1.193537e-01
   61  -3.154887e-03  -3.147551e-03  -3.145355e-03  -3.138587e-03  -3.132244e-03  -3.121262e-03  -3.109554e-03  -3.089608e-03  -3.064403e-03  -3.024799e-03  -2.971809e-03  -2.900405e-03  -2.797510e-03  -2.665431e-03  -2.503436e-03  -2.287911e-03  -2.037361e-03  -1.753609e-03  -1.426611e-03  -1.072359e-03  -6.917369e-04  -2.931820e-04   1.157654e-04   5.180570e-04   8.920623e-04   1.223145e-03   1.493339e-03   1.705260e-03   1.852334e-03   1.980251e-03   2.121876e-03   2.309595e-03   2.575987e-03   2.958808e-03   3.506634e-03   4.290441e-03   5.408451e-03   6.998794e-03   9.251135e-03   1.242010e-02   1.683463e-02   2.289124e-02   3.101285e-02   4.153262e-02   5.449973e-02   6.937832e-02   8.481965e-02   9.873358e-02   1.090033e-01   1.147238e-01   1.168695e-01
   62  -3.113732e-03  -3.106388e-03  -3.104190e-03  -3.097413e-03  -3.091063e-03  -3.080069e-03  -3.068348e-03  -3.048379e-03  -3.023147e-03  -2.983500e-03  -2.930454e-03  -2.858978e-03  -2.755984e-03  -2.623788e-03  -2.461670e-03  -2.246012e-03  -1.995359e-03  -1.711565e-03  -1.384613e-03  -1.030527e-03  -6.502206e-04  -2.521484e-04   1.561453e-04   5.576266e-04   9.307101e-04   1.260833e-03   1.530116e-03   1.741235e-03   1.887659e-03   2.014985e-03   2.155942e-03   2.342769e-03   2.607885e-03   2.988844e-03   3.533945e-03   4.313735e-03   5.425769e-03   7.007120e-03   9.245737e-03   1.239345e-02   1.677461e-02   2.277843e-02   3.081661e-02   4.120637e-02   5.397742e-02   6.857513e-02   8.364410e-02   9.712047e-02   1.069618e-01   1.123615e-01   1.143440e-01
   63  -3.074021e-03  -3.066673e-03  -3.064473e-03  -3.057694e-03  -3.051341e-03  -3.040341e-03  -3.028614e-03  -3.008635e-03  -2.983392e-03  -2.943727e-03  -2.890658e-03  -2.819155e-03  -2.716127e-03  -2.583897e-03  -2.421757e-03  -2.206098e-03  -1.955495e-03  -1.671832e-03  -1.345120e-03  -9.914095e-04  -6.116372e-04  -2.142738e-04   1.931384e-04   5.935896e-04   9.655516e-04   1.294541e-03   1.562778e-03   1.765612e-03   1.918704e-03   2.045388e-03   2.185628e-03   2.371500e-03   2.635250e-03   3.014217e-03   3.556407e-03   4.331911e-03   5.437584e-03   7.009397e-03   9.233485e-03   1.235880e-02   1.670499e-02   2.265374e-02   3.060523e-02   4.086095e-02   5.343057e-02   6.774078e-02   8.243090e-02   9.546545e-02   1.048787e-01   1.099632e-01   1.117889e-01
   64  -3.035604e-03  -3.028256e-03  -3.026057e-03  -3.019277e-03  -3.012925e-03  -3.001926e-03  -2.990200e-03  -2.970224e-03  -2.944983e-03  -2.905324e-03  -2.852263e-03  -2.780775e-03  -2.677773e-03  -2.545586e-03  -2.383519e-03  -2.167985e-03  -1.917575e-03  -1.634202e-03  -1.307912e-03  -9.547700e-04  -5.757373e-04  -1.792934e-04   2.270249e-04   6.262412e-04   9.968956e-04   1.324591e-03   1.591655e-03   1.793512e-03   1.945808e-03   2.071804e-03   2.211281e-03   2.396136e-03   2.658436e-03   3.035287e-03   3.574389e-03   4.345353e-03   5.444300e-03   7.006041e-03   9.214859e-03   1.231671e-02   1.662642e-02   2.251800e-02   3.038014e-02   4.049780e-02   5.286103e-02   6.687795e-02   8.118431e-02   9.377483e-02   1.027627e-01   1.075384e-01   1.092141e-01
   65  -2.998347e-03  -2.991004e-03  -2.988806e-03  -2.982031e-03  -2.975683e-03  -2.964691e-03  -2.952973e-03  -2.933010e-03  -2.907786e-03  -2.868154e-03  -2.815131e-03  -2.743697e-03  -2.640777e-03  -2.508705e-03  -2.346798e-03  -2.131504e-03  -1.881421e-03  -1.598487e-03  -1.272789e-03  -9.203974e-04  -5.422954e-04  -1.469677e-04   2.580587e-04   6.558492e-04   1.025022e-03   1.351274e-03   1.617046e-03   1.817841e-03   1.969282e-03   2.094546e-03   2.233215e-03   2.416997e-03   2.677764e-03   3.052384e-03   3.588230e-03   4.354414e-03   5.446289e-03   6.997455e-03   9.190307e-03   1.226770e-02   1.653951e-02   2.237199e-02   3.014203e-02   4.011839e-02   5.227078e-02   6.599007e-02   7.990866e-02   9.205426e-02   1.006209e-01   1.050963e-01   1.066296e-01
   66  -2.962134e-03  -2.954799e-03  -2.952604e-03  -2.945837e-03  -2.939496e-03  -2.928517e-03  -2.916812e-03  -2.896872e-03  -2.871678e-03  -2.832094e-03  -2.779136e-03  -2.707793e-03  -2.605008e-03  -2.473118e-03  -2.311453e-03  -2.096508e-03  -1.846876e-03  -1.564521e-03  -1.239574e-03  -8.881007e-04  -5.111079e-04  -1.170796e-04   2.864702e-04   6.826571e-04   1.050188e-03   1.374856e-03   1.639226e-03   1.838879e-03   1.989410e-03   2.113900e-03   2.251719e-03   2.434373e-03   2.693532e-03   3.065809e-03   3.598241e-03   4.359416e-03   5.443894e-03   6.984030e-03   9.160245e-03   1.221224e-02   1.644485e-02   2.221642e-02   2.989185e-02   3.972355e-02   5.166170e-02   6.507938e-02   7.860763e-02   9.030943e-02   9.846059e-02   1.026452e-01   1.040438e-01
   67  -2.926859e-03  -2.919536e-03  -2.917345e-03  -2.910588e-03  -2.904258e-03  -2.893297e-03  -2.881612e-03  -2.861705e-03  -2.836553e-03  -2.797035e-03  -2.744168e-03  -2.672949e-03  -2.570348e-03  -2.438704e-03  -2.277357e-03  -2.062862e-03  -1.813798e-03  -1.532153e-03  -1.208104e-03  -8.577075e-04  -4.819902e-04  -8.943240e-05   3.124688e-04   7.068862e-04   1.072623e-03   1.395578e-03   1.658443e-03   1.856882e-03   2.006449e-03   2.130128e-03   2.267057e-03   2.448532e-03   2.706010e-03   3.075839e-03   3.604707e-03   4.360659e-03   5.437432e-03   6.966100e-03   9.125058e-03   1.215079e-02   1.634298e-02   2.205198e-02   2.963071e-02   3.931518e-02   5.103569e-02   6.414870e-02   7.728515e-02   8.854531e-02   9.628890e-02   1.001927e-01   1.014646e-01
   68  -2.892430e-03  -2.885122e-03  -2.882935e-03  -2.876193e-03  -2.869876e-03  -2.858938e-03  -2.847277e-03  -2.827413e-03  -2.802314e-03  -2.762881e-03  -2.710128e-03  -2.639066e-03  -2.536695e-03  -2.405355e-03  -2.244399e-03  -2.030448e-03  -1.782061e-03  -1.501247e-03  -1.178234e-03  -8.290617e-04  -4.547754e-04  -6.384749e-05   3.362447e-04   7.287381e-04   1.092542e-03   1.413662e-03   1.674927e-03   1.872081e-03   2.020637e-03   2.143468e-03   2.279469e-03   2.459717e-03   2.715445e-03   3.082728e-03   3.607891e-03   4.358416e-03   5.427197e-03   6.943987e-03   9.085107e-03   1.208375e-02   1.623442e-02   2.187933e-02   2.935950e-02   3.889411e-02   5.039430e-02   6.320047e-02   7.594485e-02   8.676712e-02   9.411151e-02   9.774575e-02   9.889918e-02
   69  -2.858765e-03  -2.851476e-03  -2.849294e-03  -2.842569e-03  -2.836268e-03  -2.825357e-03  -2.813726e-03  -2.793912e-03  -2.768877e-03  -2.729545e-03  -2.676928e-03  -2.606053e-03  -2.503956e-03  -2.372975e-03  -2.212476e-03  -1.999159e-03  -1.751550e-03  -1.471681e-03  -1.149834e-03  -8.020225e-04  -4.293119e-04  -4.016275e-05   3.579708e-04   7.483964e-04   1.110136e-03   1.429310e-03   1.688886e-03   1.884691e-03   2.032189e-03   2.154139e-03   2.289177e-03   2.468152e-03   2.722065e-03   3.086709e-03   3.608034e-03   4.352943e-03   5.413460e-03   6.917986e-03   9.040728e-03   1.201154e-02   1.611963e-02   2.169909e-02   2.907870e-02   3.846162e-02   4.973918e-02   6.223699e-02   7.459042e-02   8.497965e-02   9.193470e-02   9.531071e-02   9.635321e-02
   70  -2.825791e-03  -2.818523e-03  -2.816348e-03  -2.809642e-03  -2.803359e-03  -2.792481e-03  -2.780884e-03  -2.761128e-03  -2.736167e-03  -2.696952e-03  -2.644493e-03  -2.573832e-03  -2.472048e-03  -2.341478e-03  -2.181499e-03  -1.968898e-03  -1.722163e-03  -1.443345e-03  -1.122784e-03  -7.764620e-04  -4.054626e-04  -1.823077e-05   3.778048e-04   7.660286e-04   1.125583e-03   1.442706e-03   1.700509e-03   1.894906e-03   2.041306e-03   2.162342e-03   2.296384e-03   2.474043e-03   2.726080e-03   3.087998e-03   3.605358e-03   4.344473e-03   5.396472e-03   6.888376e-03   8.992234e-03   1.193451e-02   1.599908e-02   2.151182e-02   2.878951e-02   3.801862e-02   4.907201e-02   6.126064e-02   7.322429e-02   8.318678e-02   8.976339e-02   9.289335e-02   9.383330e-02
   71  -2.793444e-03  -2.786200e-03  -2.784032e-03  -2.777349e-03  -2.771086e-03  -2.760244e-03  -2.748685e-03  -2.728995e-03  -2.704118e-03  -2.665034e-03  -2.612751e-03  -2.542331e-03  -2.440899e-03  -2.310787e-03  -2.151387e-03  -1.939580e-03  -1.693807e-03  -1.416140e-03  -1.096978e-03  -7.522648e-04  -3.831026e-04   2.082556e-06   3.958904e-04   7.817878e-04   1.139044e-03   1.454018e-03   1.709974e-03   1.902907e-03   2.048169e-03   2.168261e-03   2.301276e-03   2.477579e-03   2.727683e-03   3.086791e-03   3.600071e-03   4.333223e-03   5.376467e-03   6.855414e-03   8.939922e-03   1.185301e-02   1.587321e-02   2.131810e-02   2.849230e-02   3.756621e-02   4.839422e-02   6.027361e-02   7.185029e-02   8.139278e-02   8.760248e-02   9.049853e-02   9.134372e-02
   72  -2.761667e-03  -2.754449e-03  -2.752289e-03  -2.745631e-03  -2.739391e-03  -2.728589e-03  -2.717073e-03  -2.697455e-03  -2.672669e-03  -2.633731e-03  -2.581643e-03  -2.511489e-03  -2.410443e-03  -2.280835e-03  -2.122068e-03  -1.911127e-03  -1.666400e-03  -1.389976e-03  -1.072318e-03  -7.293260e-04  -3.621186e-04   2.089938e-05   4.123587e-04   7.958137e-04   1.150667e-03   1.463403e-03   1.717439e-03   1.908857e-03   2.052945e-03   2.172066e-03   2.304025e-03   2.478933e-03   2.727050e-03   3.083272e-03   3.592361e-03   4.319395e-03   5.353662e-03   6.819341e-03   8.884066e-03   1.176739e-02   1.574240e-02   2.111844e-02   2.818805e-02   3.710553e-02   4.770724e-02   5.927770e-02   7.047081e-02   7.960172e-02   8.545638e-02   8.813110e-02   8.888907e-02
   73  -2.730410e-03  -2.723222e-03  -2.721070e-03  -2.714438e-03  -2.708224e-03  -2.697465e-03  -2.685995e-03  -2.666456e-03  -2.641771e-03  -2.602990e-03  -2.551115e-03  -2.481249e-03  -2.380622e-03  -2.251560e-03  -2.093478e-03  -1.883470e-03  -1.639868e-03  -1.364773e-03  -1.048717e-03  -7.075505e-04  -3.424077e-04   3.833107e-05   4.273295e-04   8.082345e-04   1.160588e-03   1.471001e-03   1.723053e-03   1.912908e-03   2.055788e-03   2.173913e-03   2.304788e-03   2.478266e-03   2.724346e-03   3.077611e-03   3.582406e-03   4.303176e-03   5.328260e-03   6.780383e-03   8.824925e-03   1.167793e-02   1.560706e-02   2.091335e-02   2.787732e-02   3.663737e-02   4.701216e-02   5.827512e-02   6.908883e-02   7.781659e-02   8.332921e-02   8.579451e-02   8.647264e-02
   74  -2.699630e-03  -2.692472e-03  -2.690330e-03  -2.683727e-03  -2.677540e-03  -2.666827e-03  -2.655407e-03  -2.635954e-03  -2.611376e-03  -2.572765e-03  -2.521117e-03  -2.451562e-03  -2.351385e-03  -2.222908e-03  -2.065559e-03  -1.856548e-03  -1.614142e-03  -1.340457e-03  -1.026096e-03  -6.868519e-04  -3.238758e-04   5.447925e-05   4.409123e-04   8.191674e-04   1.168931e-03   1.476945e-03   1.726951e-03   1.915200e-03   2.056841e-03   2.173944e-03   2.303711e-03   2.475726e-03   2.719722e-03   3.069962e-03   3.570368e-03   4.284738e-03   5.300450e-03   6.738750e-03   8.762743e-03   1.158494e-02   1.546753e-02   2.070329e-02   2.756078e-02   3.616259e-02   4.631066e-02   5.726733e-02   6.770657e-02   7.604070e-02   8.122436e-02   8.349301e-02   8.409810e-02
   75  -2.669287e-03  -2.662162e-03  -2.660030e-03  -2.653458e-03  -2.647299e-03  -2.636636e-03  -2.625270e-03  -2.605907e-03  -2.581444e-03  -2.543013e-03  -2.491609e-03  -2.422383e-03  -2.322686e-03  -2.194831e-03  -2.038260e-03  -1.830305e-03  -1.589163e-03  -1.316965e-03  -1.004382e-03  -6.671519e-04  -3.064376e-04   6.943677e-05   4.532075e-04   8.287199e-04   1.175810e-03   1.481353e-03   1.729257e-03   1.915860e-03   2.056233e-03   2.172294e-03   2.300928e-03   2.471449e-03   2.713318e-03   3.060470e-03   3.556399e-03   4.264244e-03   5.270406e-03   6.694639e-03   8.697748e-03   1.148869e-02   1.532418e-02   2.048872e-02   2.723898e-02   3.568228e-02   4.560379e-02   5.625651e-02   6.632656e-02   7.427729e-02   7.914524e-02   8.122935e-02   8.176792e-02
   76  -2.639347e-03  -2.632258e-03  -2.630136e-03  -2.623596e-03  -2.617468e-03  -2.606857e-03  -2.595547e-03  -2.576280e-03  -2.551939e-03  -2.513700e-03  -2.462553e-03  -2.393676e-03  -2.294484e-03  -2.167286e-03  -2.011535e-03  -1.804691e-03  -1.564876e-03  -1.294235e-03  -9.835118e-04  -6.483789e-04  -2.900149e-04   8.328857e-05   4.643069e-04   8.369910e-04   1.181330e-03   1.484337e-03   1.730089e-03   1.915008e-03   2.054087e-03   2.169085e-03   2.296564e-03   2.465563e-03   2.705264e-03   3.049271e-03   3.540641e-03   4.241844e-03   5.238295e-03   6.648235e-03   8.630156e-03   1.138945e-02   1.517732e-02   2.027006e-02   2.691257e-02   3.519693e-02   4.489249e-02   5.524384e-02   6.495106e-02   7.252880e-02   7.709470e-02   7.900558e-02   7.948409e-02
   77  -2.609780e-03  -2.602728e-03  -2.600617e-03  -2.594111e-03  -2.588015e-03  -2.577460e-03  -2.566209e-03  -2.547043e-03  -2.522829e-03  -2.484791e-03  -2.433915e-03  -2.365404e-03  -2.266744e-03  -2.140234e-03  -1.985342e-03  -1.779661e-03  -1.541233e-03  -1.272214e-03  -9.634247e-04  -6.304679e-04  -2.745365e-04   9.611240e-05   4.742951e-04   8.440714e-04   1.185589e-03   1.485999e-03   1.729550e-03   1.912752e-03   2.050513e-03   2.164429e-03   2.290734e-03   2.458183e-03   2.695680e-03   3.036487e-03   3.523223e-03   4.217679e-03   5.204269e-03   6.599713e-03   8.560169e-03   1.128744e-02   1.502727e-02   2.004772e-02   2.658213e-02   3.470746e-02   4.417810e-02   5.423108e-02   6.358191e-02   7.079757e-02   7.507471e-02   7.682434e-02   7.724868e-02
   78  -2.580560e-03  -2.573546e-03  -2.571447e-03  -2.564977e-03  -2.558914e-03  -2.548417e-03  -2.537228e-03  -2.518168e-03  -2.494087e-03  -2.456260e-03  -2.405666e-03  -2.337538e-03  -2.239432e-03  -2.113642e-03  -1.959645e-03  -1.755175e-03  -1.518189e-03  -1.250854e-03  -9.440672e-04  -6.133597e-04  -2.599372e-04   1.079796e-04   4.832496e-04   8.500449e-04   1.188675e-03   1.486433e-03   1.727741e-03   1.909194e-03   2.045615e-03   2.158432e-03   2.283543e-03   2.449420e-03   2.684676e-03   3.022237e-03   3.504268e-03   4.191879e-03   5.168474e-03   6.549235e-03   8.487980e-03   1.118292e-02   1.487432e-02   1.982210e-02   2.624808e-02   3.421474e-02   4.346155e-02   5.321965e-02   6.222116e-02   6.908583e-02   7.308830e-02   7.468787e-02   7.506287e-02
   79  -2.551663e-03  -2.544690e-03  -2.542604e-03  -2.536170e-03  -2.530143e-03  -2.519706e-03  -2.508581e-03  -2.489630e-03  -2.465689e-03  -2.428081e-03  -2.377780e-03  -2.310050e-03  -2.212522e-03  -2.087478e-03  -1.934411e-03  -1.731197e-03  -1.495705e-03  -1.230111e-03  -9.253906e-04  -5.970002e-04  -2.461574e-04   1.189555e-04   4.912416e-04   8.549885e-04   1.190672e-03   1.485727e-03   1.724751e-03   1.904428e-03   2.039489e-03   2.151191e-03   2.275092e-03   2.439373e-03   2.672359e-03   3.006626e-03   3.483890e-03   4.164567e-03   5.131043e-03   6.496956e-03   8.413768e-03   1.107610e-02   1.471875e-02   1.959355e-02   2.591092e-02   3.371929e-02   4.274403e-02   5.221090e-02   6.087038e-02   6.739587e-02   7.113682e-02   7.259700e-02   7.292767e-02
   80  -2.523071e-03  -2.516140e-03  -2.514065e-03  -2.507671e-03  -2.501679e-03  -2.491305e-03  -2.480247e-03  -2.461410e-03  -2.437613e-03  -2.400232e-03  -2.350235e-03  -2.282918e-03  -2.185987e-03  -2.061717e-03  -1.909611e-03  -1.707694e-03  -1.473744e-03  -1.209944e-03  -9.073503e-04  -5.813400e-04  -2.331425e-04   1.291003e-04   4.983368e-04   8.589735e-04   1.191655e-03   1.483960e-03   1.720666e-03   1.898541e-03   2.032224e-03   2.142796e-03   2.265472e-03   2.428137e-03   2.658823e-03   2.989757e-03   3.462195e-03   4.135858e-03   5.092105e-03   6.443019e-03   8.337704e-03   1.096719e-02   1.456083e-02   1.936242e-02   2.557124e-02   3.322167e-02   4.202606e-02   5.120589e-02   5.953120e-02   6.572907e-02   6.922199e-02   7.055266e-02   7.084415e-02
   81  -2.494765e-03  -2.487877e-03  -2.485815e-03  -2.479460e-03  -2.473506e-03  -2.463197e-03  -2.452208e-03  -2.433488e-03  -2.409840e-03  -2.372693e-03  -2.323011e-03  -2.256120e-03  -2.159805e-03  -2.036333e-03  -1.885218e-03  -1.684638e-03  -1.452274e-03  -1.190317e-03  -8.899058e-04  -5.663338e-04  -2.208422e-04   1.384692e-04   5.045960e-04   8.620655e-04   1.191695e-03   1.481208e-03   1.715563e-03   1.891613e-03   2.023902e-03   2.133332e-03   2.254769e-03   2.415799e-03   2.644158e-03   2.971722e-03   3.439283e-03   4.105859e-03   5.051778e-03   6.387561e-03   8.259949e-03   1.085638e-02   1.440080e-02   1.912905e-02   2.522933e-02   3.272279e-02   4.130874e-02   5.020603e-02   5.820499e-02   6.408711e-02   6.734504e-02   6.855613e-02   6.881235e-02
   82  -2.466730e-03  -2.459886e-03  -2.457838e-03  -2.451524e-03  -2.445608e-03  -2.435365e-03  -2.424448e-03  -2.405849e-03  -2.382354e-03  -2.345449e-03  -2.296091e-03  -2.229637e-03  -2.133957e-03  -2.011305e-03  -1.861209e-03  -1.662003e-03  -1.431265e-03  -1.171198e-03  -8.730200e-04  -5.519403e-04  -2.092105e-04   1.471134e-04   5.100750e-04   8.643256e-04   1.190857e-03   1.477541e-03   1.709515e-03   1.883719e-03   2.014599e-03   2.122877e-03   2.243061e-03   2.402440e-03   2.628450e-03   2.952610e-03   3.415247e-03   4.074671e-03   5.010174e-03   6.330711e-03   8.180656e-03   1.074387e-02   1.423891e-02   1.889375e-02   2.488578e-02   3.222291e-02   4.059288e-02   4.921227e-02   5.689318e-02   6.247136e-02   6.550695e-02   6.660781e-02   6.683256e-02
   83  -2.438953e-03  -2.432154e-03  -2.430120e-03  -2.423848e-03  -2.417972e-03  -2.407797e-03  -2.396953e-03  -2.378479e-03  -2.355141e-03  -2.318483e-03  -2.269457e-03  -2.203453e-03  -2.108424e-03  -1.986614e-03  -1.837562e-03  -1.639763e-03  -1.410692e-03  -1.152556e-03  -8.566592e-04  -5.381215e-04  -1.982050e-04   1.550797e-04   5.148256e-04   8.658100e-04   1.189202e-03   1.473022e-03   1.702590e-03   1.874930e-03   2.004389e-03   2.111503e-03   2.230423e-03   2.388136e-03   2.611775e-03   2.932502e-03   3.390173e-03   4.042389e-03   4.967399e-03   6.272589e-03   8.099969e-03   1.062983e-02   1.407538e-02   1.865683e-02   2.454089e-02   3.172298e-02   3.987915e-02   4.822551e-02   5.559694e-02   6.088307e-02   6.370876e-02   6.470790e-02   6.490497e-02
   84  -2.411422e-03  -2.404670e-03  -2.402650e-03  -2.396421e-03  -2.390585e-03  -2.380481e-03  -2.369711e-03  -2.351365e-03  -2.328188e-03  -2.291784e-03  -2.243099e-03  -2.177555e-03  -2.083193e-03  -1.962244e-03  -1.814260e-03  -1.617899e-03  -1.390529e-03  -1.134364e-03  -8.407925e-04  -5.248428e-04  -1.877867e-04   1.624115e-04   5.188956e-04   8.665710e-04   1.186787e-03   1.467712e-03   1.694850e-03   1.865311e-03   1.993337e-03   2.099278e-03   2.216925e-03   2.372958e-03   2.594208e-03   2.911474e-03   3.364144e-03   4.009102e-03   4.923551e-03   6.213309e-03   8.018023e-03   1.051443e-02   1.391043e-02   1.841856e-02   2.419521e-02   3.122318e-02   3.916838e-02   4.724691e-02   5.431743e-02   5.932296e-02   6.195097e-02   6.285692e-02   6.302914e-02
   85  -2.384128e-03  -2.377424e-03  -2.375418e-03  -2.369233e-03  -2.363439e-03  -2.353406e-03  -2.342712e-03  -2.324496e-03  -2.301485e-03  -2.265340e-03  -2.217002e-03  -2.151929e-03  -2.058248e-03  -1.938178e-03  -1.791285e-03  -1.596391e-03  -1.370756e-03  -1.116598e-03  -8.253917e-04  -5.120720e-04  -1.779197e-04   1.691490e-04   5.223294e-04   8.666572e-04   1.183664e-03   1.461666e-03   1.686355e-03   1.854922e-03   1.981505e-03   2.086266e-03   2.202631e-03   2.356973e-03   2.575817e-03   2.889600e-03   3.337236e-03   3.974892e-03   4.878725e-03   6.152980e-03   7.934948e-03   1.039782e-02   1.374426e-02   1.817921e-02   2.384879e-02   3.072412e-02   3.846100e-02   4.627722e-02   5.305552e-02   5.779236e-02   6.023403e-02   6.105458e-02   6.120489e-02
   86  -2.357062e-03  -2.350407e-03  -2.348415e-03  -2.342276e-03  -2.336523e-03  -2.326564e-03  -2.315948e-03  -2.297865e-03  -2.275021e-03  -2.239141e-03  -2.191158e-03  -2.126565e-03  -2.033577e-03  -1.914405e-03  -1.768622e-03  -1.575223e-03  -1.351352e-03  -1.099234e-03  -8.104308e-04  -4.997797e-04  -1.685708e-04   1.753293e-04   5.251683e-04   8.661138e-04   1.179881e-03   1.454937e-03   1.677158e-03   1.843819e-03   1.968952e-03   2.072526e-03   2.187601e-03   2.340241e-03   2.556665e-03   2.866946e-03   3.309522e-03   3.939839e-03   4.833009e-03   6.091705e-03   7.850866e-03   1.028017e-02   1.357706e-02   1.793905e-02   2.350217e-02   3.022630e-02   3.775808e-02   4.531704e-02   5.181181e-02   5.629167e-02   5.855835e-02   5.930023e-02   5.943147e-02
   87  -2.330217e-03  -2.323611e-03  -2.321635e-03  -2.315541e-03  -2.309832e-03  -2.299946e-03  -2.289410e-03  -2.271462e-03  -2.248790e-03  -2.213179e-03  -2.165557e-03  -2.101452e-03  -2.009171e-03  -1.890910e-03  -1.746258e-03  -1.554377e-03  -1.332299e-03  -1.082253e-03  -7.958860e-04  -4.879388e-04  -1.597092e-04   1.809869e-04   5.274504e-04   8.649827e-04   1.175484e-03   1.447573e-03   1.667312e-03   1.832057e-03   1.955732e-03   2.058114e-03   2.171892e-03   2.322823e-03   2.536814e-03   2.843576e-03   3.281067e-03   3.904017e-03   4.786485e-03   6.029578e-03   7.765893e-03   1.016161e-02   1.340903e-02   1.769830e-02   2.315584e-02   2.973017e-02   3.705970e-02   4.436735e-02   5.058751e-02   5.482121e-02   5.692390e-02   5.759441e-02   5.770856e-02
   88  -2.303586e-03  -2.297032e-03  -2.295070e-03  -2.289023e-03  -2.283357e-03  -2.273548e-03  -2.263092e-03  -2.245282e-03  -2.222784e-03  -2.187447e-03  -2.140192e-03  -2.076583e-03  -1.985020e-03  -1.867686e-03  -1.724180e-03  -1.533841e-03  -1.313582e-03  -1.065634e-03  -7.817356e-04  -4.765243e-04  -1.513065e-04   1.861537e-04   5.292115e-04   8.633032e-04   1.170516e-03   1.439620e-03   1.656863e-03   1.819684e-03   1.941896e-03   2.043081e-03   2.155557e-03   2.304771e-03   2.516320e-03   2.819548e-03   3.251938e-03   3.867495e-03   4.739233e-03   5.966692e-03   7.680138e-03   1.004229e-02   1.324033e-02   1.745721e-02   2.280977e-02   2.923603e-02   3.636665e-02   4.342861e-02   4.938305e-02   5.338179e-02   5.533073e-02   5.593590e-02   5.603490e-02
   89  -2.277166e-03  -2.270663e-03  -2.268716e-03  -2.262717e-03  -2.257095e-03  -2.247362e-03  -2.236989e-03  -2.219318e-03  -2.196996e-03  -2.161937e-03  -2.115055e-03  -2.051950e-03  -1.961115e-03  -1.844720e-03  -1.702378e-03  -1.513601e-03  -1.295184e-03  -1.049362e-03  -7.679594e-04  -4.655132e-04  -1.433364e-04   1.908595e-04   5.304846e-04   8.611119e-04   1.165017e-03   1.431120e-03   1.645857e-03   1.806748e-03   1.927491e-03   2.027476e-03   2.138646e-03   2.286137e-03   2.495236e-03   2.794919e-03   3.222193e-03   3.830339e-03   4.691326e-03   5.903132e-03   7.593704e-03   9.922320e-03   1.307114e-02   1.721599e-02   2.246449e-02   2.874437e-02   3.567948e-02   4.250142e-02   4.819872e-02   5.197360e-02   5.377878e-02   5.432437e-02   5.441042e-02
   90  -2.250951e-03  -2.244499e-03  -2.242569e-03  -2.236617e-03  -2.231040e-03  -2.221385e-03  -2.211095e-03  -2.193565e-03  -2.171423e-03  -2.136645e-03  -2.090140e-03  -2.027546e-03  -1.937449e-03  -1.822006e-03  -1.680841e-03  -1.493646e-03  -1.277094e-03  -1.033420e-03  -7.545390e-04  -4.548839e-04  -1.357744e-04   1.951318e-04   5.313007e-04   8.584428e-04   1.159023e-03   1.422113e-03   1.634336e-03   1.793290e-03   1.912563e-03   2.011344e-03   2.121205e-03   2.266968e-03   2.473611e-03   2.769742e-03   3.191888e-03   3.792612e-03   4.642834e-03   5.838980e-03   7.506691e-03   9.801834e-03   1.290160e-02   1.697484e-02   2.212013e-02   2.825561e-02   3.499843e-02   4.158641e-02   4.703540e-02   5.059672e-02   5.226747e-02   5.275896e-02   5.283360e-02
   91  -2.224937e-03  -2.218538e-03  -2.216624e-03  -2.210720e-03  -2.205189e-03  -2.195613e-03  -2.185406e-03  -2.168021e-03  -2.146059e-03  -2.111567e-03  -2.065444e-03  -2.003366e-03  -1.914015e-03  -1.799536e-03  -1.659562e-03  -1.473966e-03  -1.259297e-03  -1.017793e-03  -7.414572e-04  -4.446167e-04  -1.285979e-04   1.989965e-04   5.316886e-04   8.553279e-04   1.152569e-03   1.412636e-03   1.622339e-03   1.779353e-03   1.897153e-03   1.994730e-03   2.103278e-03   2.247311e-03   2.451493e-03   2.744066e-03   3.161077e-03   3.754370e-03   4.593824e-03   5.774314e-03   7.419191e-03   9.680946e-03   1.273186e-02   1.673397e-02   2.177708e-02   2.776981e-02   3.432413e-02   4.068385e-02   4.589326e-02   4.925155e-02   5.079674e-02   5.123894e-02   5.130373e-02
   92  -2.199123e-03  -2.192777e-03  -2.190878e-03  -2.185024e-03  -2.179539e-03  -2.170042e-03  -2.159920e-03  -2.142680e-03  -2.120901e-03  -2.086697e-03  -2.040960e-03  -1.979405e-03  -1.890809e-03  -1.777303e-03  -1.638533e-03  -1.454552e-03  -1.241784e-03  -1.002468e-03  -7.286983e-04  -4.346933e-04  -1.217857e-04   2.024776e-04   5.316754e-04   8.517970e-04   1.145689e-03   1.402725e-03   1.609902e-03   1.764975e-03   1.881301e-03   1.977672e-03   2.084908e-03   2.227208e-03   2.428926e-03   2.717937e-03   3.129810e-03   3.715671e-03   4.544358e-03   5.709207e-03   7.331292e-03   9.559764e-03   1.256207e-02   1.649354e-02   2.143546e-02   2.728763e-02   3.365687e-02   3.979437e-02   4.477265e-02   4.793768e-02   4.936607e-02   4.976384e-02   4.981999e-02
   93  -2.173504e-03  -2.167212e-03  -2.165329e-03  -2.159525e-03  -2.154086e-03  -2.144670e-03  -2.134634e-03  -2.117540e-03  -2.095946e-03  -2.062033e-03  -2.016687e-03  -1.955658e-03  -1.867824e-03  -1.755301e-03  -1.617745e-03  -1.435394e-03  -1.224543e-03  -9.874331e-04  -7.162476e-04  -4.250967e-04  -1.153181e-04   2.055974e-04   5.312863e-04   8.478783e-04   1.138412e-03   1.392412e-03   1.597061e-03   1.750192e-03   1.865044e-03   1.960209e-03   2.066131e-03   2.206697e-03   2.405951e-03   2.691399e-03   3.098135e-03   3.676566e-03   4.494495e-03   5.643726e-03   7.243078e-03   9.438393e-03   1.239236e-02   1.625373e-02   2.109548e-02   2.680912e-02   3.299700e-02   3.891819e-02   4.367378e-02   4.665554e-02   4.797482e-02   4.833193e-02   4.838072e-02
   94  -2.148080e-03  -2.141842e-03  -2.139975e-03  -2.134221e-03  -2.128829e-03  -2.119494e-03  -2.109545e-03  -2.092598e-03  -2.071192e-03  -2.037573e-03  -1.992620e-03  -1.932123e-03  -1.845057e-03  -1.733525e-03  -1.597194e-03  -1.416485e-03  -1.207566e-03  -9.726766e-04  -7.040918e-04  -4.158108e-04  -1.091767e-04   2.083771e-04   5.305449e-04   8.435980e-04   1.130767e-03   1.381727e-03   1.583848e-03   1.735038e-03   1.848417e-03   1.942377e-03   2.046985e-03   2.185818e-03   2.382607e-03   2.664494e-03   3.066096e-03   3.637103e-03   4.444291e-03   5.577939e-03   7.154628e-03   9.316931e-03   1.222285e-02   1.601472e-02   2.075746e-02   2.633463e-02   3.234477e-02   3.805560e-02   4.259692e-02   4.540455e-02   4.662254e-02   4.694344e-02   4.698503e-02
   95  -2.122848e-03  -2.116665e-03  -2.114815e-03  -2.109111e-03  -2.103767e-03  -2.094513e-03  -2.084652e-03  -2.067854e-03  -2.046635e-03  -2.013312e-03  -1.968756e-03  -1.908795e-03  -1.822504e-03  -1.711971e-03  -1.576873e-03  -1.397817e-03  -1.190843e-03  -9.581881e-04  -6.922182e-04  -4.068211e-04  -1.033445e-04   2.108361e-04   5.294734e-04   8.389807e-04   1.122781e-03   1.370701e-03   1.570294e-03   1.719544e-03   1.831452e-03   1.924208e-03   2.027505e-03   2.164606e-03   2.358932e-03   2.637261e-03   3.033734e-03   3.597331e-03   4.393800e-03   5.511907e-03   7.066016e-03   9.195472e-03   1.205366e-02   1.577664e-02   2.042152e-02   2.586437e-02   3.170051e-02   3.720704e-02   4.154210e-02   4.418468e-02   4.530859e-02   4.559629e-02   4.563227e-02
   96  -2.097809e-03  -2.091681e-03  -2.089847e-03  -2.084193e-03  -2.078897e-03  -2.069726e-03  -2.059952e-03  -2.043304e-03  -2.022275e-03  -1.989251e-03  -1.945094e-03  -1.885673e-03  -1.800162e-03  -1.690634e-03  -1.556777e-03  -1.379385e-03  -1.174366e-03  -9.439578e-04  -6.806151e-04  -3.981137e-04  -9.780534e-05   2.129929e-04   5.280927e-04   8.340497e-04   1.114480e-03   1.359360e-03   1.556428e-03   1.703741e-03   1.814182e-03   1.905736e-03   2.007722e-03   2.143093e-03   2.334960e-03   2.609736e-03   3.001091e-03   3.557292e-03   4.343070e-03   5.445687e-03   6.977313e-03   9.074102e-03   1.188491e-02   1.553964e-02   2.008794e-02   2.539862e-02   3.106449e-02   3.637246e-02   4.050945e-02   4.299556e-02   4.403207e-02   4.429009e-02   4.432088e-02
   97  -2.072960e-03  -2.066887e-03  -2.065070e-03  -2.059467e-03  -2.054219e-03  -2.045131e-03  -2.035446e-03  -2.018948e-03  -1.998111e-03  -1.965386e-03  -1.921631e-03  -1.862753e-03  -1.778027e-03  -1.669510e-03  -1.536902e-03  -1.361183e-03  -1.158129e-03  -9.299769e-04  -6.692718e-04  -3.896757e-04  -9.254426e-05   2.148648e-04   5.264222e-04   8.288268e-04   1.105887e-03   1.347730e-03   1.542277e-03   1.687657e-03   1.796633e-03   1.886989e-03   1.987667e-03   2.121311e-03   2.310724e-03   2.581955e-03   2.968203e-03   3.517028e-03   4.292149e-03   5.379337e-03   6.888586e-03   8.952905e-03   1.171669e-02   1.530672e-02   1.975686e-02   2.493760e-02   3.043694e-02   3.555224e-02   3.949882e-02   4.183699e-02   4.279254e-02   4.302346e-02   4.305032e-02
   98  -2.048301e-03  -2.042284e-03  -2.040483e-03  -2.034932e-03  -2.029732e-03  -2.020727e-03  -2.011131e-03  -1.994786e-03  -1.974140e-03  -1.941716e-03  -1.898366e-03  -1.840034e-03  -1.756096e-03  -1.648596e-03  -1.517242e-03  -1.343204e-03  -1.142124e-03  -9.162370e-04  -6.581781e-04  -3.814952e-04  -8.754717e-05   2.164680e-04   5.244805e-04   8.233324e-04   1.097026e-03   1.335835e-03   1.527866e-03   1.671319e-03   1.778836e-03   1.867996e-03   1.967369e-03   2.099291e-03   2.286255e-03   2.553951e-03   2.935106e-03   3.476580e-03   4.241082e-03   5.312907e-03   6.799898e-03   8.831958e-03   1.154911e-02   1.507225e-02   1.942828e-02   2.448138e-02   2.981818e-02   3.474643e-02   3.851040e-02   4.070859e-02   4.158857e-02   4.179551e-02   4.181883e-02
   99  -2.023831e-03  -2.017870e-03  -2.016086e-03  -2.010587e-03  -2.005435e-03  -1.996515e-03  -1.987008e-03  -1.970815e-03  -1.950362e-03  -1.918242e-03  -1.875297e-03  -1.817514e-03  -1.734369e-03  -1.627889e-03  -1.497796e-03  -1.325445e-03  -1.126345e-03  -9.027303e-04  -6.473247e-04  -3.735609e-04  -8.280088e-05   2.178177e-04   5.222847e-04   8.175860e-04   1.087917e-03   1.323699e-03   1.513220e-03   1.654753e-03   1.760814e-03   1.848783e-03   1.946855e-03   2.077059e-03   2.261582e-03   2.525753e-03   2.901833e-03   3.435982e-03   4.189911e-03   5.246448e-03   6.711308e-03   8.711337e-03   1.138226e-02   1.483926e-02   1.910259e-02   2.403030e-02   2.920817e-02   3.395541e-02   3.754395e-02   3.960975e-02   4.042014e-02   4.060546e-02   4.062558e-02
  100  -1.999551e-03  -1.993647e-03  -1.991880e-03  -1.986432e-03  -1.981329e-03  -1.972493e-03  -1.963076e-03  -1.947036e-03  -1.926776e-03  -1.894961e-03  -1.852424e-03  -1.795192e-03  -1.712842e-03  -1.607387e-03  -1.478558e-03  -1.307900e-03  -1.110787e-03  -8.894496e-04  -6.367026e-04  -3.658622e-04  -7.829296e-05   2.189282e-04   5.198513e-04   8.116058e-04   1.078580e-03   1.311342e-03   1.498362e-03   1.637981e-03   1.742593e-03   1.829376e-03   1.926151e-03   2.054644e-03   2.236734e-03   2.497393e-03   2.868416e-03   3.395272e-03   4.138676e-03   5.180006e-03   6.622874e-03   8.591110e-03   1.121623e-02   1.460783e-02   1.877964e-02   2.358433e-02   2.860709e-02   3.317877e-02   3.659946e-02   3.854016e-02   3.928628e-02   3.945180e-02   3.946923e-02
