# l loading Love number for a Heaviside load
# Computed by ISSM on 19-Mar-2026 11:30:39
#
#   n         l_n(t)
    1  -8.911701e-01  -8.912546e-01  -8.912800e-01  -8.913580e-01  -8.914311e-01  -8.915576e-01  -8.916925e-01  -8.919224e-01  -8.922127e-01  -8.926688e-01  -8.932787e-01  -8.941000e-01  -8.952825e-01  -8.967985e-01  -8.986540e-01  -9.011171e-01  -9.039710e-01  -9.071896e-01  -9.108823e-01  -9.148630e-01  -9.191186e-01  -9.235527e-01  -9.280833e-01  -9.325262e-01  -9.366530e-01  -9.403227e-01  -9.433639e-01  -9.458371e-01  -9.477067e-01  -9.495127e-01  -9.516521e-01  -9.545833e-01  -9.587344e-01  -9.646798e-01  -9.731583e-01  -9.852233e-01  -1.002305e+00  -1.026336e+00  -1.059830e+00  -1.105858e+00  -1.167807e+00  -1.248684e+00  -1.349451e+00  -1.467142e+00  -1.592217e+00  -1.708311e+00  -1.796812e+00  -1.846540e+00  -1.861421e+00  -1.855709e+00  -1.840766e+00
    2   1.185581e-02   1.174339e-02   1.170974e-02   1.160608e-02   1.150894e-02   1.134076e-02   1.116157e-02   1.085640e-02   1.047102e-02   9.866148e-03   9.057835e-03   7.971336e-03   6.409709e-03   4.413106e-03   1.980396e-03  -1.232538e-03  -4.927681e-03  -9.053820e-03  -1.373795e-02  -1.872430e-02  -2.398319e-02  -2.938277e-02  -3.481932e-02  -4.006811e-02  -4.486457e-02  -4.906772e-02  -5.250604e-02  -5.518850e-02  -5.737697e-02  -5.942506e-02  -6.187140e-02  -6.522245e-02  -6.994856e-02  -7.666608e-02  -8.614645e-02  -9.944258e-02  -1.178927e-01  -1.431534e-01  -1.771114e-01  -2.216789e-01  -2.782336e-01  -3.480365e-01  -4.295425e-01  -5.197600e-01  -6.117780e-01  -6.940653e-01  -7.526190e-01  -7.780449e-01  -7.727751e-01  -7.489872e-01  -7.183628e-01
    3   6.373137e-02   6.367584e-02   6.365922e-02   6.360800e-02   6.355998e-02   6.347686e-02   6.338821e-02   6.323718e-02   6.304629e-02   6.274626e-02   6.234468e-02   6.180316e-02   6.102232e-02   6.001893e-02   5.878625e-02   5.714380e-02   5.523063e-02   5.305961e-02   5.055479e-02   4.783973e-02   4.492385e-02   4.187465e-02   3.875228e-02   3.568746e-02   3.284222e-02   3.031946e-02   2.824244e-02   2.657236e-02   2.533793e-02   2.417220e-02   2.281074e-02   2.095234e-02   1.832312e-02   1.455817e-02   9.192373e-03   1.564227e-03  -9.215821e-03  -2.433485e-02  -4.529130e-02  -7.382906e-02  -1.115679e-01  -1.600658e-01  -2.186100e-01  -2.845692e-01  -3.518068e-01  -4.110631e-01  -4.523168e-01  -4.697934e-01  -4.665192e-01  -4.519944e-01  -4.337225e-01
    4   5.564616e-02   5.560468e-02   5.559226e-02   5.555399e-02   5.551811e-02   5.545600e-02   5.538973e-02   5.527682e-02   5.513407e-02   5.490957e-02   5.460889e-02   5.420295e-02   5.361687e-02   5.286233e-02   5.193252e-02   5.068962e-02   4.923537e-02   4.757613e-02   4.565190e-02   4.355497e-02   4.129185e-02   3.891478e-02   3.647232e-02   3.406872e-02   3.183457e-02   2.985639e-02   2.823754e-02   2.695382e-02   2.603454e-02   2.519841e-02   2.424008e-02   2.295419e-02   2.112649e-02   1.850266e-02   1.475191e-02   9.397185e-03   1.788282e-03  -8.959504e-03  -2.398912e-02  -4.466958e-02  -7.232154e-02  -1.082716e-01  -1.520363e-01  -2.015272e-01  -2.517415e-01  -2.953248e-01  -3.248601e-01  -3.366903e-01  -3.337410e-01  -3.231210e-01  -3.095194e-01
    5   4.335422e-02   4.331596e-02   4.330451e-02   4.326920e-02   4.323611e-02   4.317881e-02   4.311768e-02   4.301353e-02   4.288185e-02   4.267476e-02   4.239741e-02   4.202296e-02   4.148234e-02   4.078635e-02   3.992874e-02   3.878244e-02   3.744143e-02   3.591186e-02   3.413880e-02   3.220795e-02   3.012611e-02   2.794236e-02   2.570243e-02   2.350331e-02   2.146602e-02   1.967052e-02   1.821234e-02   1.706995e-02   1.627257e-02   1.556692e-02   1.477310e-02   1.371483e-02   1.221206e-02   1.005502e-02   6.973321e-03   2.576807e-03  -3.663381e-03  -1.246358e-02  -2.474022e-02  -4.157283e-02  -6.403661e-02  -9.283084e-02  -1.275231e-01  -1.659608e-01  -2.036943e-01  -2.347084e-01  -2.537510e-01  -2.593028e-01  -2.547458e-01  -2.455487e-01  -2.344930e-01
    6   3.510801e-02   3.507173e-02   3.506087e-02   3.502738e-02   3.499600e-02   3.494166e-02   3.488369e-02   3.478492e-02   3.466006e-02   3.446370e-02   3.420074e-02   3.384578e-02   3.333340e-02   3.267393e-02   3.186170e-02   3.077657e-02   2.950806e-02   2.806257e-02   2.638872e-02   2.456825e-02   2.260827e-02   2.055582e-02   1.845459e-02   1.639648e-02   1.449558e-02   1.282681e-02   1.147964e-02   1.043379e-02   9.717903e-03   9.097576e-03   8.410026e-03   7.498331e-03   6.204884e-03   4.349025e-03   1.699810e-03  -2.075729e-03  -7.426012e-03  -1.495468e-02  -2.542491e-02  -3.971778e-02  -5.867105e-02  -8.273497e-02  -1.112889e-01  -1.421340e-01  -1.710801e-01  -1.928729e-01  -2.036751e-01  -2.037203e-01  -1.972113e-01  -1.885886e-01  -1.790913e-01
    7   3.004019e-02   3.000617e-02   2.999598e-02   2.996459e-02   2.993516e-02   2.988421e-02   2.982987e-02   2.973727e-02   2.962021e-02   2.943613e-02   2.918963e-02   2.885695e-02   2.837678e-02   2.775892e-02   2.699822e-02   2.598234e-02   2.479550e-02   2.344418e-02   2.188077e-02   2.018228e-02   1.835590e-02   1.644615e-02   1.449423e-02   1.258621e-02   1.082852e-02   9.290589e-03   8.055371e-03   7.138859e-03   6.463715e-03   5.919489e-03   5.324631e-03   4.539827e-03   3.427259e-03   1.831271e-03  -4.456649e-04  -3.688355e-03  -8.278413e-03  -1.472728e-02  -2.367558e-02  -3.585069e-02  -5.191556e-02  -7.215429e-02  -9.585068e-02  -1.208502e-01  -1.432377e-01  -1.583409e-01  -1.632491e-01  -1.593022e-01  -1.512645e-01  -1.429009e-01  -1.343171e-01
    8   2.686256e-02   2.683109e-02   2.682167e-02   2.679264e-02   2.676542e-02   2.671830e-02   2.666805e-02   2.658241e-02   2.647416e-02   2.630394e-02   2.607602e-02   2.576843e-02   2.532452e-02   2.475342e-02   2.405049e-02   2.311203e-02   2.201617e-02   2.076924e-02   1.932765e-02   1.776296e-02   1.608227e-02   1.432715e-02   1.253592e-02   1.078820e-02   9.182026e-03   7.780990e-03   6.661078e-03   5.836829e-03   5.238084e-03   4.765459e-03   4.256225e-03   3.587905e-03   2.641145e-03   1.283115e-03  -6.535441e-04  -3.410334e-03  -7.309442e-03  -1.278122e-02  -2.036041e-02  -3.064494e-02  -4.415717e-02  -6.106043e-02  -8.060342e-02  -1.007440e-01  -1.179056e-01  -1.279807e-01  -1.287712e-01  -1.222346e-01  -1.133126e-01  -1.052057e-01  -9.729497e-02
    9   2.480117e-02   2.477241e-02   2.476380e-02   2.473727e-02   2.471240e-02   2.466934e-02   2.462341e-02   2.454515e-02   2.444623e-02   2.429068e-02   2.408240e-02   2.380135e-02   2.339577e-02   2.287403e-02   2.223199e-02   2.137500e-02   2.037463e-02   1.923693e-02   1.792239e-02   1.649673e-02   1.496684e-02   1.337105e-02   1.174468e-02   1.016056e-02   8.708054e-03   7.444825e-03   6.439762e-03   5.705949e-03   5.180393e-03   4.774562e-03   4.344056e-03   3.782315e-03   2.987110e-03   1.846449e-03   2.202765e-04  -2.093785e-03  -5.364620e-03  -9.950348e-03  -1.629241e-02  -2.487662e-02  -3.610740e-02  -5.005482e-02  -6.596608e-02  -8.194752e-02  -9.479354e-02  -1.009669e-01  -9.886264e-02  -9.078632e-02  -8.154252e-02  -7.382144e-02  -6.656993e-02
   10   2.343658e-02   2.341058e-02   2.340280e-02   2.337880e-02   2.335632e-02   2.331738e-02   2.327586e-02   2.320510e-02   2.311566e-02   2.297503e-02   2.278672e-02   2.253263e-02   2.216596e-02   2.169432e-02   2.111398e-02   2.033946e-02   1.943556e-02   1.840793e-02   1.722112e-02   1.593482e-02   1.455562e-02   1.311854e-02   1.165580e-02   1.023340e-02   8.932077e-03   7.803648e-03   6.910027e-03   6.262900e-03   5.806252e-03   5.461972e-03   5.103148e-03   4.638048e-03   3.980162e-03   3.036367e-03   1.691172e-03  -2.226431e-04  -2.926316e-03  -6.713709e-03  -1.194398e-02  -1.900521e-02  -2.820162e-02  -3.953077e-02  -5.225425e-02  -6.464360e-02  -7.387007e-02  -7.695089e-02  -7.279592e-02  -6.388559e-02  -5.472234e-02  -4.751295e-02  -4.097160e-02
   11   2.253177e-02   2.250851e-02   2.250154e-02   2.248007e-02   2.245995e-02   2.242511e-02   2.238795e-02   2.232463e-02   2.224459e-02   2.211873e-02   2.195022e-02   2.172284e-02   2.139471e-02   2.097263e-02   2.045330e-02   1.976021e-02   1.895143e-02   1.803213e-02   1.697077e-02   1.582100e-02   1.458906e-02   1.330663e-02   1.200288e-02   1.073709e-02   9.581575e-03   8.582553e-03   7.795215e-03   7.229936e-03   6.837393e-03   6.549335e-03   6.255301e-03   5.877235e-03   5.342939e-03   4.576269e-03   3.483714e-03   1.929488e-03  -2.652344e-04  -3.337347e-03  -7.573550e-03  -1.327683e-02  -2.066593e-02  -2.967984e-02  -3.960835e-02  -4.888987e-02  -5.505897e-02  -5.564844e-02  -5.002517e-02  -4.073016e-02  -3.188520e-02  -2.526165e-02  -1.945581e-02
   12   2.194020e-02   2.191959e-02   2.191343e-02   2.189441e-02   2.187659e-02   2.184573e-02   2.181283e-02   2.175675e-02   2.168586e-02   2.157440e-02   2.142515e-02   2.122376e-02   2.093311e-02   2.055923e-02   2.009916e-02   1.948513e-02   1.876857e-02   1.795411e-02   1.701393e-02   1.599581e-02   1.490554e-02   1.377154e-02   1.261999e-02   1.150371e-02   1.048692e-02   9.610528e-03   8.923344e-03   8.434540e-03   8.101128e-03   7.864093e-03   7.628300e-03   7.328211e-03   6.904581e-03   6.296470e-03   5.429950e-03   4.197232e-03   2.457109e-03   2.304588e-05  -3.327988e-03  -7.824906e-03  -1.361352e-02  -2.058639e-02  -2.806835e-02  -3.465525e-02  -3.822566e-02  -3.678820e-02  -3.008534e-02  -2.066818e-02  -1.225119e-02  -6.225865e-03  -1.138847e-03
   13   2.156322e-02   2.154518e-02   2.153978e-02   2.152312e-02   2.150751e-02   2.148048e-02   2.145166e-02   2.140254e-02   2.134044e-02   2.124280e-02   2.111205e-02   2.093560e-02   2.068093e-02   2.035329e-02   1.995003e-02   1.941172e-02   1.878340e-02   1.806912e-02   1.724458e-02   1.635185e-02   1.539628e-02   1.440312e-02   1.339568e-02   1.242062e-02   1.153447e-02   1.077317e-02   1.017953e-02   9.761617e-03   9.482394e-03   9.291421e-03   9.107734e-03   8.877188e-03   8.552044e-03   8.085402e-03   7.420236e-03   6.473760e-03   5.138036e-03   3.270938e-03   7.052951e-04  -2.723375e-03  -7.098507e-03  -1.227638e-02  -1.761524e-02  -2.186552e-02  -2.321706e-02  -2.009717e-02  -1.257737e-02  -3.168001e-03   4.803024e-03   1.026841e-02   1.469112e-02
   14   2.133075e-02   2.131513e-02   2.131046e-02   2.129604e-02   2.128253e-02   2.125914e-02   2.123419e-02   2.119168e-02   2.113794e-02   2.105342e-02   2.094024e-02   2.078747e-02   2.056695e-02   2.028318e-02   1.993381e-02   1.946727e-02   1.892251e-02   1.830299e-02   1.758769e-02   1.681326e-02   1.598456e-02   1.512383e-02   1.425165e-02   1.340886e-02   1.264477e-02   1.199067e-02   1.148380e-02   1.113120e-02   1.090138e-02   1.075179e-02   1.061452e-02   1.044572e-02   1.020828e-02   9.866873e-03   9.380316e-03   8.687637e-03   7.710240e-03   6.345076e-03   4.473892e-03   1.988313e-03  -1.141596e-03  -4.741538e-03  -8.206330e-03  -1.042510e-02  -9.868873e-03  -5.330122e-03   2.847189e-03   1.221086e-02   1.978034e-02   2.475604e-02   2.859103e-02
   15   2.119165e-02   2.117832e-02   2.117433e-02   2.116202e-02   2.115049e-02   2.113052e-02   2.110922e-02   2.107293e-02   2.102705e-02   2.095488e-02   2.085823e-02   2.072775e-02   2.053935e-02   2.029685e-02   1.999812e-02   1.959902e-02   1.913271e-02   1.860208e-02   1.798916e-02   1.732544e-02   1.661534e-02   1.587822e-02   1.513211e-02   1.441238e-02   1.376160e-02   1.320676e-02   1.277991e-02   1.248718e-02   1.230217e-02   1.218962e-02   1.209350e-02   1.197928e-02   1.181920e-02   1.158858e-02   1.125978e-02   1.079121e-02   1.013006e-02   9.207595e-03   7.948385e-03   6.292908e-03   4.257344e-03   2.041197e-03   2.146079e-04  -2.352811e-04   1.976337e-03   7.737728e-03   1.648353e-02   2.582243e-02   3.307474e-02   3.764720e-02   4.098287e-02
   16   2.110846e-02   2.109726e-02   2.109391e-02   2.108358e-02   2.107389e-02   2.105712e-02   2.103924e-02   2.100875e-02   2.097021e-02   2.090958e-02   2.082837e-02   2.071869e-02   2.056029e-02   2.035630e-02   2.010484e-02   1.976864e-02   1.937547e-02   1.892763e-02   1.841000e-02   1.784924e-02   1.724931e-02   1.662687e-02   1.599757e-02   1.539168e-02   1.484553e-02   1.438213e-02   1.402875e-02   1.379066e-02   1.364616e-02   1.356661e-02   1.350682e-02   1.344064e-02   1.334861e-02   1.321544e-02   1.302539e-02   1.275388e-02   1.237073e-02   1.183726e-02   1.111549e-02   1.018849e-02   9.112409e-03   8.108967e-03   7.714342e-03   8.811227e-03   1.246921e-02   1.930767e-02   2.858147e-02   3.795584e-02   4.499764e-02   4.926523e-02   5.218468e-02
   17   2.105394e-02   2.104473e-02   2.104197e-02   2.103346e-02   2.102549e-02   2.101169e-02   2.099697e-02   2.097187e-02   2.094015e-02   2.089022e-02   2.082334e-02   2.073297e-02   2.060239e-02   2.043413e-02   2.022650e-02   1.994861e-02   1.962321e-02   1.925205e-02   1.882261e-02   1.835707e-02   1.785892e-02   1.734235e-02   1.682075e-02   1.631969e-02   1.586974e-02   1.549023e-02   1.520403e-02   1.501563e-02   1.490760e-02   1.485735e-02   1.482951e-02   1.480542e-02   1.477298e-02   1.472547e-02   1.465662e-02   1.455767e-02   1.441792e-02   1.422498e-02   1.397360e-02   1.368401e-02   1.344728e-02   1.350265e-02   1.436285e-02   1.681395e-02   2.174703e-02   2.955774e-02   3.935095e-02   4.884371e-02   5.578898e-02   5.985145e-02   6.244087e-02
   18   2.100862e-02   2.100123e-02   2.099903e-02   2.099221e-02   2.098582e-02   2.097476e-02   2.096296e-02   2.094284e-02   2.091740e-02   2.087735e-02   2.082369e-02   2.075114e-02   2.064624e-02   2.051093e-02   2.034373e-02   2.011963e-02   1.985671e-02   1.955621e-02   1.920800e-02   1.883009e-02   1.842557e-02   1.800630e-02   1.758361e-02   1.717871e-02   1.681686e-02   1.651404e-02   1.628907e-02   1.614572e-02   1.607045e-02   1.604612e-02   1.604624e-02   1.606027e-02   1.607837e-02   1.610498e-02   1.614239e-02   1.619394e-02   1.626646e-02   1.637054e-02   1.652948e-02   1.679647e-02   1.729206e-02   1.827376e-02   2.023139e-02   2.387297e-02   2.994099e-02   3.864531e-02   4.897077e-02   5.867274e-02   6.563780e-02   6.959171e-02   7.192816e-02
   19   2.095896e-02   2.095326e-02   2.095155e-02   2.094628e-02   2.094135e-02   2.093280e-02   2.092368e-02   2.090814e-02   2.088847e-02   2.085750e-02   2.081598e-02   2.075980e-02   2.067848e-02   2.057345e-02   2.044337e-02   2.026864e-02   2.006307e-02   1.982741e-02   1.955370e-02   1.925615e-02   1.893743e-02   1.860725e-02   1.827506e-02   1.795807e-02   1.767666e-02   1.744375e-02   1.727444e-02   1.717181e-02   1.712587e-02   1.712439e-02   1.714891e-02   1.719448e-02   1.725802e-02   1.734925e-02   1.747868e-02   1.766093e-02   1.791852e-02   1.828010e-02   1.879584e-02   1.954686e-02   2.068083e-02   2.247153e-02   2.539039e-02   3.008277e-02   3.716875e-02   4.670828e-02   5.758923e-02   6.759365e-02   7.469115e-02   7.862583e-02   8.078036e-02
   20   2.089593e-02   2.089177e-02   2.089052e-02   2.088667e-02   2.088307e-02   2.087682e-02   2.087016e-02   2.085879e-02   2.084441e-02   2.082175e-02   2.079134e-02   2.075012e-02   2.069038e-02   2.061304e-02   2.051691e-02   2.038734e-02   2.023422e-02   2.005784e-02   1.985223e-02   1.962809e-02   1.938773e-02   1.913888e-02   1.888925e-02   1.865240e-02   1.844424e-02   1.827489e-02   1.815604e-02   1.809015e-02   1.807041e-02   1.808901e-02   1.813528e-02   1.820756e-02   1.831039e-02   1.845750e-02   1.866650e-02   1.896214e-02   1.937890e-02   1.996426e-02   2.078935e-02   2.196055e-02   2.364979e-02   2.614590e-02   2.990740e-02   3.553062e-02   4.353679e-02   5.386620e-02   6.533172e-02   7.572490e-02   8.305902e-02   8.706062e-02   8.909912e-02
   21   2.081390e-02   2.081114e-02   2.081032e-02   2.080776e-02   2.080537e-02   2.080122e-02   2.079680e-02   2.078924e-02   2.077968e-02   2.076458e-02   2.074430e-02   2.071673e-02   2.067666e-02   2.062456e-02   2.055939e-02   2.047098e-02   2.036566e-02   2.024329e-02   2.009973e-02   1.994248e-02   1.977348e-02   1.959867e-02   1.942417e-02   1.926019e-02   1.911857e-02   1.900687e-02   1.893368e-02   1.890087e-02   1.890449e-02   1.894070e-02   1.900513e-02   1.910106e-02   1.923772e-02   1.943297e-02   1.971053e-02   2.010311e-02   2.065795e-02   2.143655e-02   2.252909e-02   2.406779e-02   2.623582e-02   2.934677e-02   3.384909e-02   4.029971e-02   4.914245e-02   6.022586e-02   7.230220e-02   8.316368e-02   9.082735e-02   9.497524e-02   9.695400e-02
   22   2.070978e-02   2.070829e-02   2.070784e-02   2.070646e-02   2.070517e-02   2.070294e-02   2.070054e-02   2.069645e-02   2.069127e-02   2.068322e-02   2.067177e-02   2.065681e-02   2.063460e-02   2.060545e-02   2.056841e-02   2.051741e-02   2.045553e-02   2.038226e-02   2.029509e-02   2.019860e-02   2.009443e-02   1.998688e-02   1.988057e-02   1.978271e-02   1.970142e-02   1.964192e-02   1.961177e-02   1.960690e-02   1.963131e-02   1.968292e-02   1.976300e-02   1.987921e-02   2.004491e-02   2.028145e-02   2.061787e-02   2.109428e-02   2.176727e-02   2.271223e-02   2.403543e-02   2.588738e-02   2.847533e-02   3.212303e-02   3.727618e-02   4.446446e-02   5.407253e-02   6.587853e-02   7.859040e-02   8.998781e-02   9.806306e-02   1.024276e-01   1.044007e-01
   23   2.058230e-02   2.058196e-02   2.058187e-02   2.058155e-02   2.058126e-02   2.058075e-02   2.058020e-02   2.057925e-02   2.057803e-02   2.057605e-02   2.057331e-02   2.056939e-02   2.056363e-02   2.055503e-02   2.054349e-02   2.052640e-02   2.050390e-02   2.047514e-02   2.043909e-02   2.039770e-02   2.035230e-02   2.030569e-02   2.026118e-02   2.022320e-02   2.019652e-02   2.018421e-02   2.019037e-02   2.021307e-02   2.025595e-02   2.032101e-02   2.041453e-02   2.054808e-02   2.073859e-02   2.101044e-02   2.139719e-02   2.194538e-02   2.271963e-02   2.382104e-02   2.531930e-02   2.745035e-02   3.040345e-02   3.451896e-02   4.024571e-02   4.809324e-02   5.840461e-02   7.090499e-02   8.426918e-02   9.625911e-02   1.048175e-01   1.094617e-01   1.114775e-01
   24   2.043154e-02   2.043226e-02   2.043247e-02   2.043312e-02   2.043373e-02   2.043478e-02   2.043590e-02   2.043779e-02   2.044043e-02   2.044381e-02   2.044862e-02   2.045486e-02   2.046351e-02   2.047395e-02   2.048547e-02   2.049906e-02   2.051218e-02   2.052369e-02   2.053389e-02   2.054235e-02   2.055012e-02   2.055865e-02   2.057004e-02   2.058621e-02   2.060886e-02   2.063915e-02   2.067791e-02   2.072570e-02   2.078472e-02   2.086148e-02   2.096652e-02   2.111483e-02   2.132648e-02   2.162840e-02   2.205807e-02   2.266753e-02   2.352833e-02   2.472823e-02   2.643873e-02   2.878496e-02   3.205209e-02   3.657767e-02   4.280920e-02   5.124843e-02   6.220622e-02   7.537544e-02   8.940254e-02   1.020280e-01   1.111282e-01   1.161085e-01   1.182121e-01
   25   2.025851e-02   2.026017e-02   2.026066e-02   2.026218e-02   2.026361e-02   2.026607e-02   2.026869e-02   2.027314e-02   2.027874e-02   2.028749e-02   2.029910e-02   2.031451e-02   2.033638e-02   2.036379e-02   2.039612e-02   2.043739e-02   2.048268e-02   2.053055e-02   2.058252e-02   2.063600e-02   2.069180e-02   2.075013e-02   2.081201e-02   2.087706e-02   2.094424e-02   2.101293e-02   2.108184e-02   2.115196e-02   2.122462e-02   2.131156e-02   2.142643e-02   2.158727e-02   2.181687e-02   2.214432e-02   2.261047e-02   2.327208e-02   2.420665e-02   2.552138e-02   2.735970e-02   2.991478e-02   3.345325e-02   3.833769e-02   4.501535e-02   5.398528e-02   6.554115e-02   7.935000e-02   9.404447e-02   1.073375e-01   1.170263e-01   1.223912e-01   1.246211e-01
   26   2.006481e-02   2.006731e-02   2.006806e-02   2.007036e-02   2.007252e-02   2.007625e-02   2.008022e-02   2.008698e-02   2.009550e-02   2.010882e-02   2.012656e-02   2.015023e-02   2.018401e-02   2.022670e-02   2.027778e-02   2.034400e-02   2.041827e-02   2.049891e-02   2.058854e-02   2.068262e-02   2.078174e-02   2.088500e-02   2.099240e-02   2.110155e-02   2.120886e-02   2.131227e-02   2.140815e-02   2.149826e-02   2.158298e-02   2.167876e-02   2.180201e-02   2.197344e-02   2.221822e-02   2.256730e-02   2.306436e-02   2.377023e-02   2.476754e-02   2.617147e-02   2.813494e-02   3.086213e-02   3.463648e-02   3.983388e-02   4.690632e-02   5.635373e-02   6.846107e-02   8.288207e-02   9.824005e-02   1.122219e-01   1.225356e-01   1.283268e-01   1.307175e-01
   27   1.985240e-02   1.985567e-02   1.985665e-02   1.985965e-02   1.986247e-02   1.986734e-02   1.987253e-02   1.988136e-02   1.989250e-02   1.990994e-02   1.993319e-02   1.996429e-02   2.000876e-02   2.006520e-02   2.013314e-02   2.022180e-02   2.032215e-02   2.043228e-02   2.055582e-02   2.068646e-02   2.082460e-02   2.096832e-02   2.111674e-02   2.126560e-02   2.140905e-02   2.154345e-02   2.166379e-02   2.177178e-02   2.186718e-02   2.197062e-02   2.210099e-02   2.228135e-02   2.253894e-02   2.290627e-02   2.342945e-02   2.417280e-02   2.522380e-02   2.670323e-02   2.877372e-02   3.164892e-02   3.563344e-02   4.109841e-02   4.852054e-02   5.839836e-02   7.101396e-02   8.601788e-02   1.020294e-01   1.167097e-01   1.276750e-01   1.339253e-01   1.365086e-01
   28   1.962348e-02   1.962743e-02   1.962861e-02   1.963225e-02   1.963566e-02   1.964156e-02   1.964784e-02   1.965853e-02   1.967202e-02   1.969315e-02   1.972135e-02   1.975911e-02   1.981319e-02   1.988197e-02   1.996505e-02   2.007386e-02   2.019764e-02   2.033428e-02   2.048830e-02   2.065183e-02   2.082506e-02   2.100519e-02   2.119052e-02   2.137511e-02   2.155107e-02   2.171344e-02   2.185561e-02   2.197959e-02   2.208442e-02   2.219451e-02   2.233091e-02   2.251878e-02   2.278714e-02   2.316982e-02   2.371501e-02   2.448983e-02   2.558619e-02   2.713011e-02   2.929201e-02   3.229497e-02   3.645699e-02   4.216080e-02   4.989198e-02   6.015723e-02   7.324214e-02   8.879796e-02   1.054480e-01   1.208276e-01   1.324590e-01   1.391947e-01   1.419977e-01
   29   1.938029e-02   1.938485e-02   1.938622e-02   1.939042e-02   1.939436e-02   1.940118e-02   1.940844e-02   1.942079e-02   1.943639e-02   1.946083e-02   1.949346e-02   1.953719e-02   1.959988e-02   1.967972e-02   1.977638e-02   1.990326e-02   2.004806e-02   2.020850e-02   2.038989e-02   2.058295e-02   2.078772e-02   2.100057e-02   2.121908e-02   2.143579e-02   2.164096e-02   2.182845e-02   2.199020e-02   2.212845e-02   2.224161e-02   2.235746e-02   2.249897e-02   2.269403e-02   2.297052e-02   2.336609e-02   2.392978e-02   2.473123e-02   2.586581e-02   2.746445e-02   2.970437e-02   3.281644e-02   3.713288e-02   4.304542e-02   5.105102e-02   6.166589e-02   7.518108e-02   9.125764e-02   1.085248e-01   1.245955e-01   1.368997e-01   1.441398e-01   1.471858e-01
   30   1.912506e-02   1.913017e-02   1.913170e-02   1.913641e-02   1.914082e-02   1.914846e-02   1.915659e-02   1.917044e-02   1.918792e-02   1.921532e-02   1.925191e-02   1.930099e-02   1.937139e-02   1.946112e-02   1.956994e-02   1.971301e-02   1.987664e-02   2.005841e-02   2.026435e-02   2.048391e-02   2.071698e-02   2.095921e-02   2.120751e-02   2.145306e-02   2.168447e-02   2.189449e-02   2.207378e-02   2.222478e-02   2.234530e-02   2.246612e-02   2.261194e-02   2.281236e-02   2.309629e-02   2.350263e-02   2.408183e-02   2.490566e-02   2.607247e-02   2.771751e-02   3.002393e-02   3.322958e-02   3.767990e-02   4.377487e-02   5.202391e-02   6.295288e-02   7.686316e-02   9.342817e-02   1.112870e-01   1.280337e-01   1.410085e-01   1.487646e-01   1.520711e-01
   31   1.885993e-02   1.886552e-02   1.886720e-02   1.887236e-02   1.887720e-02   1.888557e-02   1.889448e-02   1.890966e-02   1.892882e-02   1.895888e-02   1.899901e-02   1.905286e-02   1.913015e-02   1.922873e-02   1.934841e-02   1.950596e-02   1.968644e-02   1.988731e-02   2.011523e-02   2.035854e-02   2.061698e-02   2.088556e-02   2.116059e-02   2.143201e-02   2.168694e-02   2.191717e-02   2.211216e-02   2.227453e-02   2.240154e-02   2.252666e-02   2.267611e-02   2.288100e-02   2.317112e-02   2.358645e-02   2.417860e-02   2.502120e-02   2.621514e-02   2.789941e-02   3.026245e-02   3.355691e-02   3.811465e-02   4.436951e-02   5.283356e-02   6.404469e-02   7.831659e-02   9.533723e-02   1.137581e-01   1.311586e-01   1.447936e-01   1.530707e-01   1.566519e-01
   32   1.858691e-02   1.859294e-02   1.859475e-02   1.860031e-02   1.860553e-02   1.861455e-02   1.862416e-02   1.864053e-02   1.866120e-02   1.869361e-02   1.873690e-02   1.879501e-02   1.887844e-02   1.898492e-02   1.911431e-02   1.928479e-02   1.948033e-02   1.969827e-02   1.994586e-02   2.021042e-02   2.049158e-02   2.078377e-02   2.108274e-02   2.137735e-02   2.165336e-02   2.190169e-02   2.211072e-02   2.228322e-02   2.241596e-02   2.254480e-02   2.269729e-02   2.290588e-02   2.320113e-02   2.362393e-02   2.422687e-02   2.508515e-02   2.630184e-02   2.801924e-02   3.043041e-02   3.379448e-02   3.845175e-02   4.484663e-02   5.350104e-02   6.496530e-02   7.956568e-02   9.700774e-02   1.159588e-01   1.339849e-01   1.482641e-01   1.570596e-01   1.609255e-01
   33   1.830788e-02   1.831430e-02   1.831622e-02   1.832214e-02   1.832769e-02   1.833730e-02   1.834754e-02   1.836496e-02   1.838696e-02   1.842148e-02   1.846758e-02   1.852949e-02   1.861839e-02   1.873191e-02   1.886995e-02   1.905196e-02   1.926093e-02   1.949412e-02   1.975928e-02   2.004284e-02   2.034432e-02   2.065763e-02   2.097803e-02   2.129339e-02   2.158827e-02   2.185279e-02   2.207437e-02   2.225009e-02   2.239368e-02   2.252572e-02   2.268076e-02   2.289241e-02   2.319189e-02   2.362086e-02   2.423274e-02   2.510407e-02   2.633982e-02   2.808509e-02   3.053709e-02   3.396073e-02   3.870399e-02   4.522090e-02   5.404322e-02   6.573338e-02   8.063122e-02   9.846103e-02   1.179075e-01   1.365280e-01   1.514270e-01   1.607336e-01   1.648886e-01
   34   1.802453e-02   1.803130e-02   1.803332e-02   1.803957e-02   1.804541e-02   1.805554e-02   1.806632e-02   1.808469e-02   1.810788e-02   1.814426e-02   1.819287e-02   1.825815e-02   1.835193e-02   1.847170e-02   1.861744e-02   1.880972e-02   1.903066e-02   1.927744e-02   1.955827e-02   1.985879e-02   2.017843e-02   2.051060e-02   2.085015e-02   2.118407e-02   2.149583e-02   2.177481e-02   2.200758e-02   2.219099e-02   2.233936e-02   2.247415e-02   2.263131e-02   2.284548e-02   2.314842e-02   2.358247e-02   2.420173e-02   2.508387e-02   2.633548e-02   2.810415e-02   3.059069e-02   3.406517e-02   3.888255e-02   4.550571e-02   5.447589e-02   6.636655e-02   8.153301e-02   9.971661e-02   1.196210e-01   1.387997e-01   1.542905e-01   1.640930e-01   1.685376e-01
   35   1.773840e-02   1.774548e-02   1.774760e-02   1.775412e-02   1.776023e-02   1.777082e-02   1.778209e-02   1.780129e-02   1.782554e-02   1.786358e-02   1.791440e-02   1.798268e-02   1.808078e-02   1.820612e-02   1.835869e-02   1.856010e-02   1.879169e-02   1.905056e-02   1.934535e-02   1.966099e-02   1.999681e-02   2.034582e-02   2.070247e-02   2.105295e-02   2.137976e-02   2.167165e-02   2.191439e-02   2.210462e-02   2.225721e-02   2.239437e-02   2.255328e-02   2.276950e-02   2.307526e-02   2.351344e-02   2.413875e-02   2.502979e-02   2.629455e-02   2.808274e-02   3.059837e-02   3.411559e-02   3.899715e-02   4.571208e-02   5.481224e-02   6.688057e-02   8.228633e-02   1.007902e-01   1.211152e-01   1.408123e-01   1.568612e-01   1.671405e-01   1.718703e-01
   36   1.745087e-02   1.745821e-02   1.746041e-02   1.746719e-02   1.747353e-02   1.748452e-02   1.749623e-02   1.751617e-02   1.754135e-02   1.758086e-02   1.763365e-02   1.770458e-02   1.780651e-02   1.793677e-02   1.809541e-02   1.830491e-02   1.854595e-02   1.881557e-02   1.912277e-02   1.945185e-02   1.980209e-02   2.016609e-02   2.053797e-02   2.090321e-02   2.124344e-02   2.154682e-02   2.179844e-02   2.199471e-02   2.215100e-02   2.229018e-02   2.245054e-02   2.266841e-02   2.297644e-02   2.341797e-02   2.404817e-02   2.494648e-02   2.622204e-02   2.802644e-02   3.056642e-02   3.412024e-02   3.905624e-02   4.585090e-02   5.506319e-02   6.728774e-02   8.290580e-02   1.016964e-01   1.224032e-01   1.425772e-01   1.591465e-01   1.698778e-01   1.748854e-01
   37   1.716312e-02   1.717071e-02   1.717298e-02   1.717998e-02   1.718653e-02   1.719788e-02   1.720997e-02   1.723056e-02   1.725657e-02   1.729737e-02   1.735190e-02   1.742518e-02   1.753049e-02   1.766510e-02   1.782911e-02   1.804577e-02   1.829518e-02   1.857432e-02   1.889254e-02   1.923356e-02   1.959659e-02   1.997393e-02   2.035935e-02   2.073772e-02   2.108988e-02   2.140348e-02   2.166296e-02   2.186458e-02   2.202411e-02   2.216502e-02   2.232656e-02   2.254574e-02   2.285557e-02   2.329976e-02   2.393389e-02   2.483806e-02   2.612241e-02   2.794012e-02   3.050034e-02   3.408490e-02   3.906713e-02   4.593028e-02   5.523962e-02   6.759990e-02   8.340411e-02   1.024487e-01   1.234979e-01   1.441050e-01   1.611536e-01   1.723079e-01   1.775806e-01
   38   1.687624e-02   1.688403e-02   1.688637e-02   1.689356e-02   1.690030e-02   1.691196e-02   1.692439e-02   1.694556e-02   1.697228e-02   1.701423e-02   1.707029e-02   1.714563e-02   1.725392e-02   1.739238e-02   1.756111e-02   1.778410e-02   1.804090e-02   1.832846e-02   1.865642e-02   1.900802e-02   1.938240e-02   1.977156e-02   2.016900e-02   2.055901e-02   2.092176e-02   2.124442e-02   2.151087e-02   2.171720e-02   2.187956e-02   2.202193e-02   2.218441e-02   2.240462e-02   2.271584e-02   2.316211e-02   2.379932e-02   2.470814e-02   2.599954e-02   2.782805e-02   3.040489e-02   3.401503e-02   3.903613e-02   4.595719e-02   5.534977e-02   6.782689e-02   8.379195e-02   1.030588e-01   1.244106e-01   1.454059e-01   1.628896e-01   1.744342e-01   1.799567e-01
   39   1.659112e-02   1.659910e-02   1.660149e-02   1.660885e-02   1.661575e-02   1.662769e-02   1.664041e-02   1.666208e-02   1.668945e-02   1.673240e-02   1.678980e-02   1.686695e-02   1.697786e-02   1.711969e-02   1.729258e-02   1.752113e-02   1.778445e-02   1.807943e-02   1.841599e-02   1.877693e-02   1.916134e-02   1.956095e-02   1.996902e-02   2.036934e-02   2.074145e-02   2.107212e-02   2.134472e-02   2.155519e-02   2.172001e-02   2.186361e-02   2.202684e-02   2.224782e-02   2.256008e-02   2.300793e-02   2.364750e-02   2.455992e-02   2.585685e-02   2.769395e-02   3.028423e-02   3.391533e-02   3.896871e-02   4.593807e-02   5.540113e-02   6.797659e-02   8.407946e-02   1.035373e-01   1.251521e-01   1.464897e-01   1.643624e-01   1.762609e-01   1.820147e-01
   40   1.630856e-02   1.631670e-02   1.631914e-02   1.632665e-02   1.633369e-02   1.634587e-02   1.635885e-02   1.638096e-02   1.640888e-02   1.645271e-02   1.651128e-02   1.659003e-02   1.670323e-02   1.684801e-02   1.702454e-02   1.725797e-02   1.752699e-02   1.782850e-02   1.817262e-02   1.854178e-02   1.893502e-02   1.934385e-02   1.976130e-02   2.017070e-02   2.055107e-02   2.088878e-02   2.116679e-02   2.138089e-02   2.154784e-02   2.169246e-02   2.185625e-02   2.207780e-02   2.239080e-02   2.283978e-02   2.348108e-02   2.439619e-02   2.569731e-02   2.754106e-02   3.014196e-02   3.378991e-02   3.886959e-02   4.587870e-02   5.539990e-02   6.805760e-02   8.427466e-02   1.038930e-01   1.257320e-01   1.473650e-01   1.655792e-01   1.777934e-01   1.837564e-01
   41   1.602922e-02   1.603751e-02   1.603999e-02   1.604763e-02   1.605479e-02   1.606718e-02   1.608039e-02   1.610288e-02   1.613129e-02   1.617588e-02   1.623547e-02   1.631559e-02   1.643079e-02   1.657814e-02   1.675785e-02   1.699553e-02   1.726954e-02   1.757676e-02   1.792750e-02   1.830386e-02   1.870486e-02   1.912178e-02   1.954746e-02   1.996484e-02   2.035245e-02   2.069636e-02   2.097909e-02   2.119634e-02   2.136511e-02   2.151058e-02   2.167478e-02   2.189670e-02   2.221018e-02   2.265992e-02   2.330240e-02   2.421938e-02   2.552352e-02   2.737221e-02   2.998118e-02   3.364227e-02   3.874283e-02   4.578412e-02   5.535212e-02   6.807603e-02   8.438552e-02   1.041349e-01   1.261590e-01   1.480417e-01   1.665480e-01   1.790366e-01   1.851847e-01
   42   1.575368e-02   1.576209e-02   1.576460e-02   1.577235e-02   1.577962e-02   1.579220e-02   1.580560e-02   1.582842e-02   1.585725e-02   1.590249e-02   1.596297e-02   1.604429e-02   1.616121e-02   1.631079e-02   1.649325e-02   1.673462e-02   1.701297e-02   1.732515e-02   1.768166e-02   1.806432e-02   1.847208e-02   1.889607e-02   1.932894e-02   1.975330e-02   2.014724e-02   2.049654e-02   2.078339e-02   2.100337e-02   2.117369e-02   2.131982e-02   2.148430e-02   2.170643e-02   2.202016e-02   2.247032e-02   2.311348e-02   2.403163e-02   2.533775e-02   2.718983e-02   2.980462e-02   3.347548e-02   3.859194e-02   4.565359e-02   5.526229e-02   6.803756e-02   8.441867e-02   1.042703e-01   1.264427e-01   1.485279e-01   1.672767e-01   1.799976e-01   1.863051e-01
   43   1.548240e-02   1.549091e-02   1.549346e-02   1.550131e-02   1.550866e-02   1.552139e-02   1.553496e-02   1.555807e-02   1.558725e-02   1.563307e-02   1.569430e-02   1.577664e-02   1.589505e-02   1.604655e-02   1.623138e-02   1.647593e-02   1.675803e-02   1.707450e-02   1.743601e-02   1.782411e-02   1.823776e-02   1.866788e-02   1.910701e-02   1.953742e-02   1.993686e-02   2.029083e-02   2.058123e-02   2.080355e-02   2.097517e-02   2.112183e-02   2.128754e-02   2.150865e-02   2.182243e-02   2.227271e-02   2.291612e-02   2.383479e-02   2.514195e-02   2.699604e-02   2.961459e-02   3.329215e-02   3.841996e-02   4.549958e-02   5.513495e-02   6.794721e-02   8.438021e-02   1.043065e-01   1.265901e-01   1.488324e-01   1.677744e-01   1.806835e-01   1.871224e-01
   44   1.521576e-02   1.522436e-02   1.522694e-02   1.523487e-02   1.524230e-02   1.525517e-02   1.526888e-02   1.529223e-02   1.532171e-02   1.536801e-02   1.542989e-02   1.551311e-02   1.563278e-02   1.578591e-02   1.597276e-02   1.622004e-02   1.650534e-02   1.682550e-02   1.719130e-02   1.758410e-02   1.800280e-02   1.843823e-02   1.888274e-02   1.931838e-02   1.972254e-02   2.008053e-02   2.037398e-02   2.059828e-02   2.077098e-02   2.091803e-02   2.108380e-02   2.130481e-02   2.161846e-02   2.206860e-02   2.271187e-02   2.363049e-02   2.493784e-02   2.679269e-02   2.941311e-02   3.309457e-02   3.822952e-02   4.532084e-02   5.497339e-02   6.780949e-02   8.427558e-02   1.042499e-01   1.266085e-01   1.489627e-01   1.680485e-01   1.811021e-01   1.876444e-01
   45   1.495409e-02   1.496276e-02   1.496536e-02   1.497336e-02   1.498085e-02   1.499383e-02   1.500766e-02   1.503121e-02   1.506096e-02   1.510766e-02   1.517008e-02   1.525403e-02   1.537477e-02   1.552928e-02   1.571784e-02   1.596742e-02   1.625544e-02   1.657873e-02   1.694819e-02   1.734499e-02   1.776802e-02   1.820797e-02   1.865709e-02   1.909719e-02   1.950539e-02   1.986680e-02   2.016282e-02   2.038877e-02   2.056235e-02   2.070966e-02   2.087539e-02   2.109620e-02   2.140954e-02   2.185929e-02   2.250208e-02   2.342013e-02   2.472691e-02   2.658137e-02   2.920194e-02   3.288470e-02   3.802287e-02   4.512004e-02   5.478128e-02   6.762895e-02   8.410932e-02   1.041063e-01   1.265051e-01   1.489277e-01   1.681084e-01   1.812623e-01   1.878786e-01
   46   1.469762e-02   1.470635e-02   1.470897e-02   1.471703e-02   1.472457e-02   1.473764e-02   1.475157e-02   1.477529e-02   1.480525e-02   1.485229e-02   1.491516e-02   1.499972e-02   1.512134e-02   1.527699e-02   1.546698e-02   1.571848e-02   1.600877e-02   1.633469e-02   1.670723e-02   1.710740e-02   1.753409e-02   1.797786e-02   1.843088e-02   1.887475e-02   1.928634e-02   1.965062e-02   1.994878e-02   2.017609e-02   2.035035e-02   2.049781e-02   2.066341e-02   2.088391e-02   2.119680e-02   2.164595e-02   2.228792e-02   2.320493e-02   2.451042e-02   2.636344e-02   2.898257e-02   3.266423e-02   3.780199e-02   4.489954e-02   5.456117e-02   6.740807e-02   8.388584e-02   1.038813e-01   1.262869e-01   1.487348e-01   1.679623e-01   1.811730e-01   1.878339e-01
   47   1.444654e-02   1.445532e-02   1.445795e-02   1.446606e-02   1.447365e-02   1.448679e-02   1.450080e-02   1.452466e-02   1.455479e-02   1.460210e-02   1.466534e-02   1.475039e-02   1.487274e-02   1.502932e-02   1.522048e-02   1.547355e-02   1.576571e-02   1.609380e-02   1.646889e-02   1.687187e-02   1.730159e-02   1.774854e-02   1.820480e-02   1.865180e-02   1.906621e-02   1.943285e-02   1.973276e-02   1.996116e-02   2.013593e-02   2.028344e-02   2.044883e-02   2.066891e-02   2.098122e-02   2.142955e-02   2.207041e-02   2.298594e-02   2.428951e-02   2.614009e-02   2.875632e-02   3.243464e-02   3.756858e-02   4.466137e-02   5.431601e-02   6.715098e-02   8.360968e-02   1.035798e-01   1.259601e-01   1.483917e-01   1.676194e-01   1.808439e-01   1.875208e-01
   48   1.420099e-02   1.420982e-02   1.421246e-02   1.422060e-02   1.422822e-02   1.424143e-02   1.425550e-02   1.427946e-02   1.430973e-02   1.435725e-02   1.442078e-02   1.450623e-02   1.462914e-02   1.478647e-02   1.497855e-02   1.523289e-02   1.552656e-02   1.585640e-02   1.623355e-02   1.663881e-02   1.707100e-02   1.752056e-02   1.797945e-02   1.842900e-02   1.884570e-02   1.921425e-02   1.951555e-02   1.974478e-02   1.991990e-02   2.006737e-02   2.023246e-02   2.045205e-02   2.076363e-02   2.121097e-02   2.185045e-02   2.276409e-02   2.406511e-02   2.591237e-02   2.852432e-02   3.219719e-02   3.732414e-02   4.440734e-02   5.404754e-02   6.685983e-02   8.328396e-02   1.032061e-01   1.255300e-01   1.479062e-01   1.670888e-01   1.802854e-01   1.869497e-01
   49   1.396107e-02   1.396992e-02   1.397257e-02   1.398074e-02   1.398839e-02   1.400164e-02   1.401576e-02   1.403980e-02   1.407018e-02   1.411786e-02   1.418161e-02   1.426736e-02   1.439070e-02   1.454860e-02   1.474140e-02   1.499671e-02   1.529154e-02   1.562276e-02   1.600153e-02   1.640859e-02   1.684276e-02   1.729437e-02   1.775536e-02   1.820693e-02   1.862542e-02   1.899545e-02   1.929781e-02   1.952765e-02   1.970297e-02   1.985030e-02   2.001502e-02   2.023403e-02   2.054478e-02   2.099094e-02   2.162878e-02   2.254015e-02   2.383808e-02   2.568115e-02   2.828753e-02   3.195300e-02   3.706995e-02   4.413903e-02   5.375790e-02   6.653764e-02   8.291234e-02   1.027654e-01   1.250031e-01   1.472850e-01   1.663797e-01   1.795085e-01   1.861327e-01
   50   1.372682e-02   1.373570e-02   1.373836e-02   1.374654e-02   1.375421e-02   1.376749e-02   1.378164e-02   1.380575e-02   1.383619e-02   1.388400e-02   1.394790e-02   1.403386e-02   1.415752e-02   1.431582e-02   1.450914e-02   1.476516e-02   1.506086e-02   1.539310e-02   1.577310e-02   1.618153e-02   1.661718e-02   1.707037e-02   1.753296e-02   1.798604e-02   1.840589e-02   1.877701e-02   1.908012e-02   1.931035e-02   1.948574e-02   1.963286e-02   1.979714e-02   2.001549e-02   2.032529e-02   2.077012e-02   2.140607e-02   2.231482e-02   2.360912e-02   2.544721e-02   2.804680e-02   3.170303e-02   3.680716e-02   4.385782e-02   5.344921e-02   6.618631e-02   8.249744e-02   1.022613e-01   1.243847e-01   1.465360e-01   1.655016e-01   1.785240e-01   1.850820e-01
   51   1.349829e-02   1.350717e-02   1.350983e-02   1.351803e-02   1.352571e-02   1.353901e-02   1.355319e-02   1.357733e-02   1.360782e-02   1.365569e-02   1.371969e-02   1.380579e-02   1.392964e-02   1.408821e-02   1.428187e-02   1.453836e-02   1.483465e-02   1.516760e-02   1.554845e-02   1.595785e-02   1.639457e-02   1.684888e-02   1.731260e-02   1.776676e-02   1.818754e-02   1.855940e-02   1.886298e-02   1.909341e-02   1.926874e-02   1.941556e-02   1.957935e-02   1.979696e-02   2.010571e-02   2.054905e-02   2.118290e-02   2.208869e-02   2.337885e-02   2.521121e-02   2.780287e-02   3.144811e-02   3.653676e-02   4.356495e-02   5.312276e-02   6.580833e-02   8.204246e-02   1.016977e-01   1.236801e-01   1.456662e-01   1.644626e-01   1.773433e-01   1.838102e-01
   52   1.327545e-02   1.328434e-02   1.328701e-02   1.329521e-02   1.330290e-02   1.331620e-02   1.333039e-02   1.335454e-02   1.338505e-02   1.343296e-02   1.349701e-02   1.358317e-02   1.370712e-02   1.386582e-02   1.405965e-02   1.431640e-02   1.461302e-02   1.494638e-02   1.532776e-02   1.573776e-02   1.617515e-02   1.663017e-02   1.709460e-02   1.754943e-02   1.797076e-02   1.834302e-02   1.864682e-02   1.887726e-02   1.905241e-02   1.919888e-02   1.936211e-02   1.957891e-02   1.988651e-02   2.032821e-02   2.095973e-02   2.186225e-02   2.314780e-02   2.497372e-02   2.755659e-02   3.118898e-02   3.625963e-02   4.326152e-02   5.277982e-02   6.540536e-02   8.154998e-02   1.010786e-01   1.228943e-01   1.446827e-01   1.632733e-01   1.759778e-01   1.823312e-01
   53   1.305829e-02   1.306718e-02   1.306984e-02   1.307805e-02   1.308573e-02   1.309904e-02   1.311322e-02   1.313737e-02   1.316788e-02   1.321579e-02   1.327983e-02   1.336599e-02   1.348994e-02   1.364865e-02   1.384251e-02   1.409932e-02   1.439603e-02   1.472955e-02   1.511114e-02   1.552140e-02   1.595910e-02   1.641445e-02   1.687921e-02   1.733432e-02   1.775586e-02   1.812822e-02   1.843199e-02   1.866228e-02   1.883714e-02   1.898318e-02   1.914580e-02   1.936172e-02   1.966808e-02   2.010800e-02   2.073700e-02   2.163594e-02   2.291644e-02   2.473523e-02   2.730807e-02   3.092627e-02   3.597654e-02   4.294854e-02   5.242202e-02   6.497931e-02   8.102259e-02   1.004070e-01   1.220324e-01   1.435922e-01   1.619425e-01   1.744394e-01   1.806581e-01
   54   1.284675e-02   1.285564e-02   1.285830e-02   1.286649e-02   1.287417e-02   1.288747e-02   1.290164e-02   1.292578e-02   1.295626e-02   1.300413e-02   1.306812e-02   1.315422e-02   1.327809e-02   1.343670e-02   1.363045e-02   1.388713e-02   1.418373e-02   1.451715e-02   1.489868e-02   1.530890e-02   1.574657e-02   1.620191e-02   1.666663e-02   1.712168e-02   1.754310e-02   1.791528e-02   1.821881e-02   1.844878e-02   1.862327e-02   1.876881e-02   1.893076e-02   1.914575e-02   1.945077e-02   1.988878e-02   2.051506e-02   2.141013e-02   2.268515e-02   2.449618e-02   2.705803e-02   3.066055e-02   3.568820e-02   4.262687e-02   5.205020e-02   6.453192e-02   8.046250e-02   9.968678e-02   1.210991e-01   1.424016e-01   1.604799e-01   1.727398e-01   1.788052e-01
   55   1.264078e-02   1.264965e-02   1.265231e-02   1.266049e-02   1.266816e-02   1.268144e-02   1.269559e-02   1.271969e-02   1.275013e-02   1.279794e-02   1.286184e-02   1.294783e-02   1.307153e-02   1.322994e-02   1.342346e-02   1.367985e-02   1.397613e-02   1.430924e-02   1.469043e-02   1.510033e-02   1.553768e-02   1.599268e-02   1.645704e-02   1.691170e-02   1.733270e-02   1.770445e-02   1.800752e-02   1.823704e-02   1.841105e-02   1.855604e-02   1.871728e-02   1.893126e-02   1.923486e-02   1.967084e-02   2.029422e-02   2.118514e-02   2.245427e-02   2.425694e-02   2.680686e-02   3.039232e-02   3.539521e-02   4.229733e-02   5.166579e-02   6.406449e-02   7.987188e-02   9.892051e-02   1.200990e-01   1.411173e-01   1.588935e-01   1.708910e-01   1.767858e-01
   56   1.244029e-02   1.244915e-02   1.245180e-02   1.245997e-02   1.246762e-02   1.248087e-02   1.249499e-02   1.251905e-02   1.254943e-02   1.259714e-02   1.266092e-02   1.274674e-02   1.287021e-02   1.302832e-02   1.322149e-02   1.347743e-02   1.377323e-02   1.410582e-02   1.448644e-02   1.489576e-02   1.533250e-02   1.578686e-02   1.625056e-02   1.670453e-02   1.712485e-02   1.749592e-02   1.779835e-02   1.802728e-02   1.820072e-02   1.834511e-02   1.850558e-02   1.871851e-02   1.902060e-02   1.945442e-02   2.007472e-02   2.096125e-02   2.222410e-02   2.401782e-02   2.655494e-02   3.012200e-02   3.509812e-02   4.196064e-02   5.126952e-02   6.357853e-02   7.925278e-02   9.811172e-02   1.190369e-01   1.397461e-01   1.571935e-01   1.689048e-01   1.746149e-01
   57   1.224520e-02   1.225403e-02   1.225667e-02   1.226482e-02   1.227246e-02   1.228568e-02   1.229976e-02   1.232376e-02   1.235406e-02   1.240165e-02   1.246528e-02   1.255088e-02   1.267405e-02   1.283179e-02   1.302450e-02   1.327986e-02   1.357500e-02   1.390688e-02   1.428672e-02   1.469520e-02   1.513108e-02   1.558453e-02   1.604729e-02   1.650031e-02   1.691968e-02   1.728985e-02   1.759147e-02   1.781969e-02   1.799248e-02   1.813621e-02   1.829587e-02   1.850768e-02   1.880819e-02   1.923975e-02   1.985679e-02   2.073867e-02   2.199488e-02   2.377909e-02   2.630259e-02   2.984999e-02   3.479743e-02   4.161747e-02   5.086255e-02   6.307552e-02   7.860728e-02   9.726331e-02   1.179165e-01   1.382941e-01   1.553885e-01   1.667927e-01   1.723057e-01
   58   1.205540e-02   1.206421e-02   1.206684e-02   1.207497e-02   1.208258e-02   1.209576e-02   1.210980e-02   1.213372e-02   1.216394e-02   1.221138e-02   1.227482e-02   1.236017e-02   1.248298e-02   1.264026e-02   1.283242e-02   1.308706e-02   1.338140e-02   1.371239e-02   1.409124e-02   1.449869e-02   1.493346e-02   1.538576e-02   1.584732e-02   1.629911e-02   1.671731e-02   1.708638e-02   1.738702e-02   1.761442e-02   1.778648e-02   1.792950e-02   1.808831e-02   1.829896e-02   1.859781e-02   1.902698e-02   1.964061e-02   2.051760e-02   2.176682e-02   2.354100e-02   2.605008e-02   2.957664e-02   3.449358e-02   4.126843e-02   5.044561e-02   6.255652e-02   7.793712e-02   9.637783e-02   1.167425e-01   1.367679e-01   1.534868e-01   1.645665e-01   1.698719e-01
   59   1.187079e-02   1.187956e-02   1.188219e-02   1.189029e-02   1.189787e-02   1.191100e-02   1.192500e-02   1.194884e-02   1.197895e-02   1.202623e-02   1.208945e-02   1.217451e-02   1.229691e-02   1.245365e-02   1.264518e-02   1.289899e-02   1.319237e-02   1.352233e-02   1.390001e-02   1.430620e-02   1.473964e-02   1.519056e-02   1.565068e-02   1.610103e-02   1.651784e-02   1.688561e-02   1.718513e-02   1.741159e-02   1.758286e-02   1.772512e-02   1.788303e-02   1.809246e-02   1.838959e-02   1.881627e-02   1.942633e-02   2.029821e-02   2.154009e-02   2.330375e-02   2.579766e-02   2.930224e-02   3.418699e-02   4.091409e-02   5.001867e-02   6.202301e-02   7.724416e-02   9.545796e-02   1.155189e-01   1.351732e-01   1.514980e-01   1.622373e-01   1.673269e-01
   60   1.169125e-02   1.169999e-02   1.170261e-02   1.171067e-02   1.171823e-02   1.173131e-02   1.174525e-02   1.176900e-02   1.179899e-02   1.184609e-02   1.190907e-02   1.199380e-02   1.211573e-02   1.227188e-02   1.246269e-02   1.271555e-02   1.300787e-02   1.333663e-02   1.371296e-02   1.411773e-02   1.454964e-02   1.499896e-02   1.545742e-02   1.590610e-02   1.632132e-02   1.668763e-02   1.698587e-02   1.721130e-02   1.738171e-02   1.752318e-02   1.768015e-02   1.788832e-02   1.818364e-02   1.860773e-02   1.921408e-02   2.008063e-02   2.131486e-02   2.306751e-02   2.554555e-02   2.902707e-02   3.387802e-02   4.055495e-02   4.958432e-02   6.147569e-02   7.653024e-02   9.450646e-02   1.142496e-01   1.335160e-01   1.494296e-01   1.598165e-01   1.646847e-01
   61   1.151667e-02   1.152538e-02   1.152798e-02   1.153601e-02   1.154353e-02   1.155656e-02   1.157044e-02   1.159409e-02   1.162395e-02   1.167085e-02   1.173356e-02   1.181793e-02   1.193935e-02   1.209484e-02   1.228485e-02   1.253667e-02   1.282780e-02   1.315524e-02   1.353007e-02   1.393323e-02   1.436342e-02   1.481094e-02   1.526754e-02   1.571437e-02   1.612780e-02   1.649248e-02   1.678933e-02   1.701363e-02   1.718312e-02   1.732375e-02   1.747974e-02   1.768660e-02   1.798005e-02   1.840146e-02   1.900396e-02   1.986497e-02   2.109124e-02   2.283244e-02   2.529392e-02   2.875138e-02   3.356701e-02   4.019152e-02   4.914232e-02   6.091592e-02   7.579664e-02   9.352578e-02   1.129384e-01   1.318021e-01   1.472901e-01   1.573143e-01   1.619571e-01
   62   1.134693e-02   1.135559e-02   1.135819e-02   1.136618e-02   1.137367e-02   1.138663e-02   1.140045e-02   1.142398e-02   1.145371e-02   1.150040e-02   1.156281e-02   1.164680e-02   1.176765e-02   1.192243e-02   1.211158e-02   1.236227e-02   1.265209e-02   1.297808e-02   1.335127e-02   1.375266e-02   1.418097e-02   1.462651e-02   1.508106e-02   1.552583e-02   1.593732e-02   1.630022e-02   1.659555e-02   1.681865e-02   1.698715e-02   1.712690e-02   1.728188e-02   1.748738e-02   1.777891e-02   1.819754e-02   1.879605e-02   1.965132e-02   2.086935e-02   2.259867e-02   2.504295e-02   2.847539e-02   3.325427e-02   3.982422e-02   4.869334e-02   6.034460e-02   7.504520e-02   9.251831e-02   1.115888e-01   1.300369e-01   1.450875e-01   1.547415e-01   1.591564e-01
   63   1.118190e-02   1.119052e-02   1.119310e-02   1.120105e-02   1.120850e-02   1.122140e-02   1.123515e-02   1.125857e-02   1.128815e-02   1.133460e-02   1.139671e-02   1.148028e-02   1.160053e-02   1.175455e-02   1.194277e-02   1.219224e-02   1.248066e-02   1.280509e-02   1.317650e-02   1.357598e-02   1.400224e-02   1.444563e-02   1.489795e-02   1.534051e-02   1.574989e-02   1.611087e-02   1.640457e-02   1.662637e-02   1.679384e-02   1.693268e-02   1.708662e-02   1.729072e-02   1.758025e-02   1.799602e-02   1.859041e-02   1.943977e-02   2.064927e-02   2.236630e-02   2.479278e-02   2.819930e-02   3.294009e-02   3.945350e-02   4.823802e-02   5.976274e-02   7.427736e-02   9.148653e-02   1.102048e-01   1.282263e-01   1.428297e-01   1.521080e-01   1.562946e-01
   64   1.102146e-02   1.103003e-02   1.103260e-02   1.104051e-02   1.104792e-02   1.106075e-02   1.107443e-02   1.109772e-02   1.112714e-02   1.117335e-02   1.123513e-02   1.131825e-02   1.143787e-02   1.159108e-02   1.177832e-02   1.202649e-02   1.231342e-02   1.263618e-02   1.300568e-02   1.340311e-02   1.382718e-02   1.426826e-02   1.471821e-02   1.515839e-02   1.556551e-02   1.592444e-02   1.621641e-02   1.643685e-02   1.660323e-02   1.674112e-02   1.689398e-02   1.709664e-02   1.738413e-02   1.779695e-02   1.838710e-02   1.923036e-02   2.043108e-02   2.213543e-02   2.454354e-02   2.792329e-02   3.262473e-02   3.907974e-02   4.777696e-02   5.917149e-02   7.349442e-02   9.043230e-02   1.087898e-01   1.263746e-01   1.405240e-01   1.494234e-01   1.533830e-01
   65   1.086548e-02   1.087401e-02   1.087656e-02   1.088442e-02   1.089179e-02   1.090455e-02   1.091815e-02   1.094131e-02   1.097057e-02   1.101652e-02   1.107795e-02   1.116061e-02   1.127956e-02   1.143192e-02   1.161812e-02   1.186492e-02   1.215027e-02   1.247126e-02   1.283874e-02   1.323400e-02   1.365574e-02   1.409438e-02   1.454179e-02   1.497944e-02   1.538417e-02   1.574093e-02   1.603108e-02   1.625009e-02   1.641533e-02   1.655224e-02   1.670400e-02   1.690518e-02   1.719057e-02   1.760035e-02   1.818616e-02   1.902315e-02   2.021484e-02   2.190615e-02   2.429534e-02   2.764752e-02   3.230843e-02   3.870331e-02   4.731073e-02   5.857120e-02   7.269785e-02   8.935816e-02   1.073468e-01   1.244877e-01   1.381769e-01   1.466971e-01   1.504316e-01
   66   1.071384e-02   1.072231e-02   1.072485e-02   1.073267e-02   1.074000e-02   1.075268e-02   1.076620e-02   1.078923e-02   1.081831e-02   1.086398e-02   1.092505e-02   1.100723e-02   1.112548e-02   1.127695e-02   1.146206e-02   1.170742e-02   1.199112e-02   1.231025e-02   1.267561e-02   1.306858e-02   1.348786e-02   1.392392e-02   1.436866e-02   1.480365e-02   1.520586e-02   1.556035e-02   1.584859e-02   1.606609e-02   1.623016e-02   1.636606e-02   1.651668e-02   1.671634e-02   1.699958e-02   1.740626e-02   1.798760e-02   1.881817e-02   2.000059e-02   2.167852e-02   2.404830e-02   2.737216e-02   3.199143e-02   3.832457e-02   4.683987e-02   5.796336e-02   7.188918e-02   8.826580e-02   1.058790e-01   1.225701e-01   1.357959e-01   1.439376e-01   1.474509e-01
   67   1.056641e-02   1.057483e-02   1.057736e-02   1.058513e-02   1.059241e-02   1.060501e-02   1.061845e-02   1.064133e-02   1.067024e-02   1.071563e-02   1.077632e-02   1.085799e-02   1.097552e-02   1.112606e-02   1.131004e-02   1.155390e-02   1.183586e-02   1.215306e-02   1.251620e-02   1.290677e-02   1.332348e-02   1.375683e-02   1.419878e-02   1.463099e-02   1.503056e-02   1.538267e-02   1.566891e-02   1.588485e-02   1.604771e-02   1.618257e-02   1.633202e-02   1.653014e-02   1.681117e-02   1.721468e-02   1.779146e-02   1.861544e-02   1.978838e-02   2.145260e-02   2.380249e-02   2.709733e-02   3.167394e-02   3.794384e-02   4.636491e-02   5.734832e-02   7.106928e-02   8.715791e-02   1.043903e-01   1.206263e-01   1.333876e-01   1.411531e-01   1.444504e-01
   68   1.042307e-02   1.043144e-02   1.043395e-02   1.044167e-02   1.044890e-02   1.046143e-02   1.047477e-02   1.049751e-02   1.052623e-02   1.057133e-02   1.063164e-02   1.071278e-02   1.082956e-02   1.097913e-02   1.116193e-02   1.140424e-02   1.168441e-02   1.199959e-02   1.236042e-02   1.274850e-02   1.316252e-02   1.359306e-02   1.403209e-02   1.446140e-02   1.485824e-02   1.520787e-02   1.549203e-02   1.570637e-02   1.586797e-02   1.600176e-02   1.615003e-02   1.634656e-02   1.662534e-02   1.702561e-02   1.759773e-02   1.841499e-02   1.957824e-02   2.122845e-02   2.355800e-02   2.682317e-02   3.135616e-02   3.756145e-02   4.588633e-02   5.672682e-02   7.023960e-02   8.603543e-02   1.028828e-01   1.186612e-01   1.309577e-01   1.383512e-01   1.414387e-01
   69   1.028370e-02   1.029201e-02   1.029450e-02   1.030217e-02   1.030936e-02   1.032180e-02   1.033506e-02   1.035764e-02   1.038617e-02   1.043097e-02   1.049087e-02   1.057148e-02   1.068748e-02   1.083605e-02   1.101764e-02   1.125834e-02   1.153666e-02   1.184976e-02   1.220819e-02   1.259368e-02   1.300493e-02   1.343255e-02   1.386856e-02   1.429486e-02   1.468885e-02   1.503592e-02   1.531794e-02   1.553062e-02   1.569092e-02   1.582363e-02   1.597068e-02   1.616560e-02   1.644209e-02   1.683905e-02   1.740641e-02   1.821682e-02   1.937019e-02   2.100610e-02   2.331490e-02   2.654979e-02   3.103827e-02   3.717769e-02   4.540461e-02   5.609999e-02   6.940131e-02   8.490105e-02   1.013596e-01   1.166785e-01   1.285123e-01   1.355400e-01   1.384236e-01
   70   1.014818e-02   1.015643e-02   1.015890e-02   1.016652e-02   1.017366e-02   1.018601e-02   1.019918e-02   1.022161e-02   1.024994e-02   1.029443e-02   1.035392e-02   1.043397e-02   1.054917e-02   1.069672e-02   1.087706e-02   1.111611e-02   1.139251e-02   1.170346e-02   1.205942e-02   1.244224e-02   1.285062e-02   1.327522e-02   1.370811e-02   1.413131e-02   1.452236e-02   1.486679e-02   1.514661e-02   1.535757e-02   1.551656e-02   1.564815e-02   1.579396e-02   1.598724e-02   1.626140e-02   1.665500e-02   1.721752e-02   1.802095e-02   1.916425e-02   2.078560e-02   2.307326e-02   2.627731e-02   3.072047e-02   3.679285e-02   4.492020e-02   5.546817e-02   6.855566e-02   8.375626e-02   9.982367e-02   1.146824e-01   1.260569e-01   1.327257e-01   1.354126e-01
   71   1.001638e-02   1.002458e-02   1.002703e-02   1.003460e-02   1.004168e-02   1.005395e-02   1.006702e-02   1.008929e-02   1.011742e-02   1.016160e-02   1.022066e-02   1.030014e-02   1.041452e-02   1.056102e-02   1.074008e-02   1.097743e-02   1.125187e-02   1.156060e-02   1.191402e-02   1.229410e-02   1.269953e-02   1.312102e-02   1.355069e-02   1.397069e-02   1.435874e-02   1.470044e-02   1.497800e-02   1.518720e-02   1.534484e-02   1.547529e-02   1.561985e-02   1.581146e-02   1.608325e-02   1.647342e-02   1.703102e-02   1.782736e-02   1.896043e-02   2.056697e-02   2.283298e-02   2.600581e-02   3.040290e-02   3.640720e-02   4.443353e-02   5.483245e-02   6.770346e-02   8.260251e-02   9.827734e-02   1.126768e-01   1.235969e-01   1.299142e-01   1.324131e-01
   72   9.888201e-03   9.896338e-03   9.898774e-03   9.906280e-03   9.913314e-03   9.925491e-03   9.938469e-03   9.960575e-03   9.988498e-03   1.003235e-02   1.009098e-02   1.016988e-02   1.028342e-02   1.042885e-02   1.060659e-02   1.084220e-02   1.111463e-02   1.142110e-02   1.177192e-02   1.214918e-02   1.255157e-02   1.296987e-02   1.339625e-02   1.381297e-02   1.419792e-02   1.453684e-02   1.481207e-02   1.501949e-02   1.517574e-02   1.530504e-02   1.544832e-02   1.563824e-02   1.590762e-02   1.629432e-02   1.684692e-02   1.763606e-02   1.875873e-02   2.035024e-02   2.259441e-02   2.573540e-02   3.008574e-02   3.602099e-02   4.394502e-02   5.419296e-02   6.684592e-02   8.144179e-02   9.672327e-02   1.106657e-01   1.211367e-01   1.271125e-01   1.294311e-01
   73   9.763519e-03   9.771595e-03   9.774012e-03   9.781462e-03   9.788442e-03   9.800528e-03   9.813408e-03   9.835347e-03   9.863059e-03   9.906579e-03   9.964768e-03   1.004307e-02   1.015576e-02   1.030009e-02   1.047650e-02   1.071033e-02   1.098071e-02   1.128486e-02   1.163301e-02   1.200739e-02   1.240668e-02   1.282172e-02   1.324472e-02   1.365808e-02   1.403986e-02   1.437593e-02   1.464880e-02   1.485438e-02   1.500923e-02   1.513736e-02   1.527934e-02   1.546754e-02   1.573448e-02   1.611766e-02   1.666520e-02   1.744703e-02   1.855916e-02   2.013543e-02   2.235747e-02   2.546617e-02   2.976913e-02   3.563447e-02   4.345506e-02   5.355094e-02   6.598405e-02   8.027553e-02   9.516369e-02   1.086520e-01   1.186813e-01   1.243250e-01   1.264718e-01
   74   9.642226e-03   9.650239e-03   9.652637e-03   9.660030e-03   9.666956e-03   9.678949e-03   9.691729e-03   9.713499e-03   9.740996e-03   9.784180e-03   9.841919e-03   9.919617e-03   1.003143e-02   1.017465e-02   1.034969e-02   1.058172e-02   1.085000e-02   1.115178e-02   1.149722e-02   1.186866e-02   1.226478e-02   1.267649e-02   1.309604e-02   1.350597e-02   1.388452e-02   1.421768e-02   1.448813e-02   1.469186e-02   1.484528e-02   1.497221e-02   1.511288e-02   1.529934e-02   1.556381e-02   1.594343e-02   1.648583e-02   1.726027e-02   1.836173e-02   1.992255e-02   2.212217e-02   2.519818e-02   2.945321e-02   3.524787e-02   4.296403e-02   5.290644e-02   6.511872e-02   7.910515e-02   9.360116e-02   1.066393e-01   1.162348e-01   1.215574e-01   1.235410e-01
   75   9.524213e-03   9.532163e-03   9.534542e-03   9.541876e-03   9.548748e-03   9.560645e-03   9.573324e-03   9.594922e-03   9.622202e-03   9.665044e-03   9.722326e-03   9.799408e-03   9.910335e-03   1.005242e-02   1.022608e-02   1.045626e-02   1.072241e-02   1.102179e-02   1.136446e-02   1.173290e-02   1.212579e-02   1.253410e-02   1.295014e-02   1.335658e-02   1.373184e-02   1.406205e-02   1.433003e-02   1.453186e-02   1.468383e-02   1.480957e-02   1.494891e-02   1.513361e-02   1.539557e-02   1.577158e-02   1.630880e-02   1.707575e-02   1.816641e-02   1.971162e-02   2.188857e-02   2.493153e-02   2.913812e-02   3.486142e-02   4.247229e-02   5.226043e-02   6.425089e-02   7.793214e-02   9.203747e-02   1.046304e-01   1.138016e-01   1.188134e-01   1.206428e-01
   76   9.409376e-03   9.417262e-03   9.419621e-03   9.426896e-03   9.433712e-03   9.445513e-03   9.458090e-03   9.479512e-03   9.506571e-03   9.549066e-03   9.605885e-03   9.682343e-03   9.792372e-03   9.933305e-03   1.010556e-02   1.033387e-02   1.059785e-02   1.089479e-02   1.123465e-02   1.160004e-02   1.198965e-02   1.239450e-02   1.280697e-02   1.320986e-02   1.358177e-02   1.390897e-02   1.417446e-02   1.437437e-02   1.452487e-02   1.464938e-02   1.478738e-02   1.497030e-02   1.522974e-02   1.560211e-02   1.613408e-02   1.689347e-02   1.797322e-02   1.950264e-02   2.165670e-02   2.466628e-02   2.882398e-02   3.447534e-02   4.198019e-02   5.161326e-02   6.338143e-02   7.675781e-02   9.047472e-02   1.026283e-01   1.113842e-01   1.160973e-01   1.177814e-01
   77   9.297612e-03   9.305432e-03   9.307773e-03   9.314987e-03   9.321747e-03   9.333450e-03   9.345923e-03   9.367168e-03   9.394004e-03   9.436147e-03   9.492496e-03   9.568322e-03   9.677440e-03   9.817207e-03   9.988030e-03   1.021445e-02   1.047624e-02   1.077069e-02   1.110770e-02   1.147000e-02   1.185628e-02   1.225762e-02   1.266646e-02   1.306575e-02   1.343426e-02   1.375841e-02   1.402137e-02   1.421933e-02   1.436834e-02   1.449162e-02   1.462827e-02   1.480939e-02   1.506628e-02   1.543497e-02   1.596165e-02   1.671341e-02   1.778215e-02   1.929564e-02   2.142658e-02   2.440250e-02   2.851091e-02   3.408982e-02   4.148806e-02   5.096524e-02   6.251111e-02   7.558349e-02   8.891505e-02   1.006355e-01   1.089871e-01   1.134133e-01   1.149604e-01
   78   9.188821e-03   9.196575e-03   9.198896e-03   9.206050e-03   9.212752e-03   9.224357e-03   9.236724e-03   9.257791e-03   9.284400e-03   9.326188e-03   9.382062e-03   9.457248e-03   9.565445e-03   9.704032e-03   9.873410e-03   1.009791e-02   1.035748e-02   1.064942e-02   1.098353e-02   1.134270e-02   1.172560e-02   1.212339e-02   1.252855e-02   1.292418e-02   1.328926e-02   1.361031e-02   1.387071e-02   1.406671e-02   1.421422e-02   1.433625e-02   1.447152e-02   1.465084e-02   1.490516e-02   1.527014e-02   1.579148e-02   1.653554e-02   1.759317e-02   1.909061e-02   2.119825e-02   2.414025e-02   2.819903e-02   3.370506e-02   4.099623e-02   5.031739e-02   6.164084e-02   7.441057e-02   8.736003e-02   9.865439e-02   1.066128e-01   1.107640e-01   1.121831e-01
   79   9.082906e-03   9.090594e-03   9.092895e-03   9.099987e-03   9.106632e-03   9.118138e-03   9.130399e-03   9.151284e-03   9.177665e-03   9.219094e-03   9.274487e-03   9.349027e-03   9.456293e-03   9.593687e-03   9.761605e-03   9.984168e-03   1.024149e-02   1.053089e-02   1.086207e-02   1.121806e-02   1.159755e-02   1.199174e-02   1.239318e-02   1.278511e-02   1.314671e-02   1.346464e-02   1.372244e-02   1.391645e-02   1.406244e-02   1.418322e-02   1.431712e-02   1.449461e-02   1.474634e-02   1.510758e-02   1.562354e-02   1.635984e-02   1.740629e-02   1.888755e-02   2.097174e-02   2.387959e-02   2.788846e-02   3.332125e-02   4.050499e-02   4.966989e-02   6.077138e-02   7.323971e-02   8.581159e-02   9.668792e-02   1.042640e-01   1.081527e-01   1.094519e-01
   80   8.979775e-03   8.987396e-03   8.989676e-03   8.996707e-03   9.003294e-03   9.014698e-03   9.026852e-03   9.047555e-03   9.073705e-03   9.114771e-03   9.169680e-03   9.243567e-03   9.349894e-03   9.486084e-03   9.652527e-03   9.873132e-03   1.012818e-02   1.041501e-02   1.074324e-02   1.109603e-02   1.147205e-02   1.186261e-02   1.226029e-02   1.264848e-02   1.300656e-02   1.332133e-02   1.357652e-02   1.376852e-02   1.391298e-02   1.403250e-02   1.416500e-02   1.434066e-02   1.458978e-02   1.494726e-02   1.545781e-02   1.618630e-02   1.722149e-02   1.868647e-02   2.074706e-02   2.362058e-02   2.757928e-02   3.293856e-02   4.001463e-02   4.902320e-02   5.990329e-02   7.207241e-02   8.427112e-02   9.473751e-02   1.019431e-01   1.055816e-01   1.067692e-01
   81   8.879335e-03   8.886888e-03   8.889149e-03   8.896117e-03   8.902645e-03   8.913948e-03   8.925994e-03   8.946513e-03   8.972430e-03   9.013131e-03   9.067551e-03   9.140781e-03   9.246160e-03   9.381135e-03   9.546092e-03   9.764722e-03   1.001748e-02   1.030172e-02   1.062697e-02   1.097651e-02   1.134905e-02   1.173593e-02   1.212981e-02   1.251423e-02   1.286876e-02   1.318035e-02   1.343290e-02   1.362287e-02   1.376580e-02   1.388404e-02   1.401515e-02   1.418896e-02   1.443545e-02   1.478915e-02   1.529425e-02   1.601489e-02   1.703876e-02   1.848737e-02   2.052424e-02   2.336326e-02   2.727160e-02   3.255716e-02   3.952543e-02   4.837797e-02   5.903741e-02   7.090964e-02   8.274015e-02   9.280533e-02   9.965298e-02   1.030526e-01   1.041368e-01
   82   8.781500e-03   8.788984e-03   8.791224e-03   8.798129e-03   8.804598e-03   8.815800e-03   8.827737e-03   8.848070e-03   8.873753e-03   8.914086e-03   8.968014e-03   9.040581e-03   9.145006e-03   9.278758e-03   9.442216e-03   9.658856e-03   9.909301e-03   1.019093e-02   1.051317e-02   1.085945e-02   1.122847e-02   1.161164e-02   1.200170e-02   1.238231e-02   1.273326e-02   1.304164e-02   1.329153e-02   1.347947e-02   1.362084e-02   1.373781e-02   1.386751e-02   1.403946e-02   1.428332e-02   1.463321e-02   1.513284e-02   1.584560e-02   1.685808e-02   1.829025e-02   2.030330e-02   2.310769e-02   2.696552e-02   3.217721e-02   3.903765e-02   4.773439e-02   5.817426e-02   6.975232e-02   8.122001e-02   9.089338e-02   9.739484e-02   1.005683e-01   1.015558e-01
   83   8.686182e-03   8.693598e-03   8.695818e-03   8.702659e-03   8.709069e-03   8.720168e-03   8.731995e-03   8.752142e-03   8.777589e-03   8.817552e-03   8.870985e-03   8.942885e-03   9.046350e-03   9.178869e-03   9.340820e-03   9.555456e-03   9.803575e-03   1.008258e-02   1.040178e-02   1.074477e-02   1.111025e-02   1.148969e-02   1.187588e-02   1.225267e-02   1.260001e-02   1.290516e-02   1.315238e-02   1.333827e-02   1.347808e-02   1.359376e-02   1.372205e-02   1.389214e-02   1.413335e-02   1.447941e-02   1.497355e-02   1.567838e-02   1.667944e-02   1.809511e-02   2.008425e-02   2.285391e-02   2.666111e-02   3.179888e-02   3.855155e-02   4.709282e-02   5.731471e-02   6.860146e-02   7.971186e-02   8.900279e-02   9.517080e-02   9.812965e-02   9.902845e-02
   84   8.593301e-03   8.600648e-03   8.602847e-03   8.609625e-03   8.615975e-03   8.626970e-03   8.638687e-03   8.658646e-03   8.683857e-03   8.723447e-03   8.776382e-03   8.847611e-03   8.950111e-03   9.081392e-03   9.241825e-03   9.454446e-03   9.700225e-03   9.976579e-03   1.029273e-02   1.063242e-02   1.099432e-02   1.137001e-02   1.175232e-02   1.212524e-02   1.246896e-02   1.277086e-02   1.301539e-02   1.319922e-02   1.333746e-02   1.345185e-02   1.357873e-02   1.374695e-02   1.398550e-02   1.432773e-02   1.481635e-02   1.551323e-02   1.650283e-02   1.790194e-02   1.986712e-02   2.260197e-02   2.635847e-02   3.142229e-02   3.806816e-02   4.645395e-02   5.645910e-02   6.745790e-02   7.821745e-02   8.713539e-02   9.298237e-02   9.573844e-02   9.655485e-02
   85   8.502776e-03   8.510053e-03   8.512231e-03   8.518945e-03   8.525236e-03   8.536127e-03   8.547733e-03   8.567504e-03   8.592476e-03   8.631693e-03   8.684127e-03   8.754682e-03   8.856211e-03   8.986248e-03   9.145157e-03   9.355751e-03   9.599179e-03   9.872871e-03   1.018596e-02   1.052231e-02   1.088063e-02   1.125253e-02   1.163094e-02   1.199999e-02   1.234006e-02   1.263869e-02   1.288052e-02   1.306228e-02   1.319896e-02   1.331205e-02   1.343751e-02   1.360385e-02   1.383973e-02   1.417812e-02   1.466121e-02   1.535012e-02   1.632823e-02   1.771075e-02   1.965190e-02   2.235190e-02   2.605768e-02   3.104759e-02   3.758612e-02   4.581787e-02   5.560808e-02   6.632229e-02   7.673730e-02   8.529246e-02   9.083108e-02   9.339524e-02   9.413608e-02
   86   8.414529e-03   8.421737e-03   8.423895e-03   8.430544e-03   8.436774e-03   8.447561e-03   8.459057e-03   8.478638e-03   8.503371e-03   8.542212e-03   8.594144e-03   8.664023e-03   8.764577e-03   8.893364e-03   9.050742e-03   9.259302e-03   9.500366e-03   9.771386e-03   1.008139e-02   1.041440e-02   1.076911e-02   1.113722e-02   1.151170e-02   1.187686e-02   1.221326e-02   1.250862e-02   1.274773e-02   1.292742e-02   1.306252e-02   1.317432e-02   1.329835e-02   1.346281e-02   1.369602e-02   1.403056e-02   1.450810e-02   1.518902e-02   1.615562e-02   1.752152e-02   1.943862e-02   2.210374e-02   2.575881e-02   3.067492e-02   3.710632e-02   4.518494e-02   5.476188e-02   6.519541e-02   7.527251e-02   8.347528e-02   8.871759e-02   9.110124e-02   9.177250e-02
   87   8.328487e-03   8.335626e-03   8.337762e-03   8.344347e-03   8.350517e-03   8.361199e-03   8.372583e-03   8.391975e-03   8.416468e-03   8.454932e-03   8.506360e-03   8.575560e-03   8.675136e-03   8.802669e-03   8.958510e-03   9.165028e-03   9.403721e-03   9.672056e-03   9.978964e-03   1.030862e-02   1.065970e-02   1.102400e-02   1.139455e-02   1.175579e-02   1.208853e-02   1.238059e-02   1.261699e-02   1.279460e-02   1.292812e-02   1.303861e-02   1.316122e-02   1.332380e-02   1.355433e-02   1.388500e-02   1.435700e-02   1.502992e-02   1.598499e-02   1.733425e-02   1.922730e-02   2.185753e-02   2.546193e-02   3.030439e-02   3.662929e-02   4.455547e-02   5.392150e-02   6.407821e-02   7.382407e-02   8.168455e-02   8.664321e-02   8.885682e-02   8.946422e-02
   88   8.244577e-03   8.251646e-03   8.253761e-03   8.260281e-03   8.266391e-03   8.276968e-03   8.288240e-03   8.307442e-03   8.331694e-03   8.369781e-03   8.420703e-03   8.489222e-03   8.587818e-03   8.714093e-03   8.868393e-03   9.072862e-03   9.309176e-03   9.574818e-03   9.878622e-03   1.020490e-02   1.055236e-02   1.091283e-02   1.127943e-02   1.163675e-02   1.196580e-02   1.225457e-02   1.248824e-02   1.266377e-02   1.279571e-02   1.290490e-02   1.302608e-02   1.318677e-02   1.341462e-02   1.374143e-02   1.420787e-02   1.487279e-02   1.581632e-02   1.714894e-02   1.901792e-02   2.161330e-02   2.516710e-02   2.993613e-02   3.615475e-02   4.393005e-02   5.308706e-02   6.297096e-02   7.239305e-02   7.992125e-02   8.460837e-02   8.666250e-02   8.721135e-02
   89   8.162730e-03   8.169728e-03   8.171822e-03   8.178278e-03   8.184327e-03   8.194799e-03   8.205959e-03   8.224970e-03   8.248981e-03   8.286689e-03   8.337105e-03   8.404942e-03   8.502555e-03   8.627569e-03   8.780325e-03   8.982740e-03   9.216670e-03   9.479612e-03   9.780303e-03   1.010321e-02   1.044702e-02   1.080366e-02   1.116629e-02   1.151969e-02   1.184504e-02   1.213051e-02   1.236145e-02   1.253489e-02   1.266525e-02   1.277314e-02   1.289289e-02   1.305169e-02   1.327687e-02   1.359981e-02   1.406069e-02   1.471760e-02   1.564960e-02   1.696558e-02   1.881052e-02   2.137108e-02   2.487440e-02   2.957024e-02   3.568339e-02   4.330841e-02   5.225896e-02   6.187461e-02   7.097975e-02   7.818678e-02   8.261397e-02   8.451795e-02   8.501371e-02
   90   8.082878e-03   8.089806e-03   8.091879e-03   8.098270e-03   8.104257e-03   8.114625e-03   8.125673e-03   8.144492e-03   8.168262e-03   8.205591e-03   8.255499e-03   8.322653e-03   8.419282e-03   8.543033e-03   8.694241e-03   8.894600e-03   9.126140e-03   9.386377e-03   9.683949e-03   1.000347e-02   1.034363e-02   1.069643e-02   1.105509e-02   1.140455e-02   1.172621e-02   1.200836e-02   1.223658e-02   1.240793e-02   1.253671e-02   1.264329e-02   1.276162e-02   1.291854e-02   1.314103e-02   1.346011e-02   1.391543e-02   1.456433e-02   1.548481e-02   1.678416e-02   1.860509e-02   2.113090e-02   2.458388e-02   2.920684e-02   3.521498e-02   4.269140e-02   5.143782e-02   6.078933e-02   6.958511e-02   7.648067e-02   8.066016e-02   8.242408e-02   8.287116e-02
   91   8.004956e-03   8.011814e-03   8.013866e-03   8.020192e-03   8.026119e-03   8.036381e-03   8.047316e-03   8.065944e-03   8.089473e-03   8.126422e-03   8.175822e-03   8.242291e-03   8.337935e-03   8.460422e-03   8.610081e-03   8.808380e-03   9.037528e-03   9.295056e-03   9.589504e-03   9.905631e-03   1.024214e-02   1.059109e-02   1.094578e-02   1.129130e-02   1.160926e-02   1.188811e-02   1.211359e-02   1.228286e-02   1.241005e-02   1.251533e-02   1.263223e-02   1.278726e-02   1.300708e-02   1.332229e-02   1.377206e-02   1.441297e-02   1.532193e-02   1.660468e-02   1.840164e-02   2.089279e-02   2.429560e-02   2.884601e-02   3.474991e-02   4.207902e-02   5.062377e-02   5.971597e-02   6.820958e-02   7.480468e-02   7.874775e-02   8.038040e-02   8.078288e-02
   92   7.928902e-03   7.935689e-03   7.937720e-03   7.943981e-03   7.949847e-03   7.960004e-03   7.970827e-03   7.989264e-03   8.012551e-03   8.049119e-03   8.098011e-03   8.163796e-03   8.258454e-03   8.379676e-03   8.527785e-03   8.724023e-03   8.950776e-03   9.205593e-03   9.496914e-03   9.809647e-03   1.014250e-02   1.048760e-02   1.083832e-02   1.117989e-02   1.149415e-02   1.176969e-02   1.199244e-02   1.215962e-02   1.228524e-02   1.238922e-02   1.250470e-02   1.265784e-02   1.287498e-02   1.318634e-02   1.363056e-02   1.426348e-02   1.516095e-02   1.642713e-02   1.820018e-02   2.065677e-02   2.400961e-02   2.848786e-02   3.428825e-02   4.147136e-02   4.981732e-02   5.865476e-02   6.685385e-02   7.315829e-02   7.687656e-02   7.838631e-02   7.874859e-02
   93   7.854655e-03   7.861372e-03   7.863382e-03   7.869578e-03   7.875383e-03   7.885434e-03   7.896145e-03   7.914391e-03   7.937435e-03   7.973624e-03   8.022008e-03   8.087108e-03   8.180780e-03   8.300737e-03   8.447295e-03   8.641471e-03   8.865828e-03   9.117934e-03   9.406127e-03   9.715466e-03   1.004466e-02   1.038591e-02   1.073265e-02   1.107029e-02   1.138085e-02   1.165307e-02   1.187310e-02   1.203820e-02   1.216224e-02   1.226492e-02   1.237897e-02   1.253024e-02   1.274471e-02   1.305221e-02   1.349090e-02   1.411585e-02   1.500185e-02   1.625150e-02   1.800070e-02   2.042287e-02   2.372595e-02   2.813248e-02   3.383015e-02   4.086877e-02   4.901870e-02   5.760619e-02   6.551839e-02   7.154248e-02   7.504656e-02   7.644195e-02   7.676757e-02
   94   7.782157e-03   7.788803e-03   7.790792e-03   7.796923e-03   7.802668e-03   7.812613e-03   7.823212e-03   7.841266e-03   7.864069e-03   7.899878e-03   7.947754e-03   8.012170e-03   8.104855e-03   8.223547e-03   8.368555e-03   8.560670e-03   8.782633e-03   9.032027e-03   9.317093e-03   9.623037e-03   9.948568e-03   1.028597e-02   1.062874e-02   1.096244e-02   1.126930e-02   1.153823e-02   1.175553e-02   1.191855e-02   1.204101e-02   1.214241e-02   1.225504e-02   1.240442e-02   1.261622e-02   1.291989e-02   1.335305e-02   1.397005e-02   1.484461e-02   1.607778e-02   1.780322e-02   2.019109e-02   2.344468e-02   2.777993e-02   3.337580e-02   4.027162e-02   4.822823e-02   5.657083e-02   6.420322e-02   6.995762e-02   7.325796e-02   7.454641e-02   7.483912e-02
   95   7.711352e-03   7.717927e-03   7.719895e-03   7.725961e-03   7.731645e-03   7.741485e-03   7.751972e-03   7.769835e-03   7.792396e-03   7.827826e-03   7.875194e-03   7.938926e-03   8.030626e-03   8.148054e-03   8.291513e-03   8.481568e-03   8.701137e-03   8.947820e-03   9.229761e-03   9.532313e-03   9.854189e-03   1.018775e-02   1.052654e-02   1.085631e-02   1.115948e-02   1.142511e-02   1.163970e-02   1.180064e-02   1.192154e-02   1.202164e-02   1.213285e-02   1.228037e-02   1.248951e-02   1.278934e-02   1.321699e-02   1.382607e-02   1.468922e-02   1.590597e-02   1.760774e-02   1.996147e-02   2.316584e-02   2.743031e-02   3.292534e-02   3.967985e-02   4.744607e-02   5.554857e-02   6.290934e-02   6.840357e-02   7.151067e-02   7.269991e-02   7.296229e-02
   96   7.642184e-03   7.648690e-03   7.650636e-03   7.656638e-03   7.662261e-03   7.671996e-03   7.682370e-03   7.700042e-03   7.722362e-03   7.757413e-03   7.804274e-03   7.867323e-03   7.958039e-03   8.074204e-03   8.216115e-03   8.404112e-03   8.621291e-03   8.865267e-03   9.144085e-03   9.443249e-03   9.761472e-03   1.009119e-02   1.042602e-02   1.075186e-02   1.105135e-02   1.131369e-02   1.152556e-02   1.168445e-02   1.180377e-02   1.190258e-02   1.201239e-02   1.215803e-02   1.236453e-02   1.266053e-02   1.308270e-02   1.368387e-02   1.453566e-02   1.573605e-02   1.741425e-02   1.973402e-02   2.288946e-02   2.708365e-02   3.247872e-02   3.909357e-02   4.667263e-02   5.454000e-02   6.163677e-02   6.688033e-02   6.980395e-02   7.090139e-02   7.113653e-02
   97   7.574602e-03   7.581037e-03   7.582963e-03   7.588900e-03   7.594462e-03   7.604092e-03   7.614355e-03   7.631836e-03   7.653915e-03   7.688587e-03   7.734942e-03   7.797309e-03   7.887042e-03   8.001947e-03   8.142313e-03   8.328255e-03   8.543046e-03   8.784319e-03   9.060019e-03   9.355799e-03   9.670377e-03   9.996259e-03   1.032714e-02   1.064905e-02   1.094487e-02   1.120393e-02   1.141310e-02   1.156992e-02   1.168769e-02   1.178522e-02   1.189361e-02   1.203740e-02   1.224125e-02   1.253345e-02   1.295014e-02   1.354345e-02   1.438391e-02   1.556802e-02   1.722276e-02   1.950876e-02   2.261558e-02   2.674010e-02   3.203586e-02   3.851321e-02   4.590800e-02   5.354534e-02   6.038519e-02   6.538829e-02   6.813829e-02   6.914954e-02   6.936030e-02
   98   7.508555e-03   7.514920e-03   7.516825e-03   7.522697e-03   7.528199e-03   7.537725e-03   7.547875e-03   7.565166e-03   7.587005e-03   7.621299e-03   7.667148e-03   7.728834e-03   7.817587e-03   7.931233e-03   8.070057e-03   8.253948e-03   8.466356e-03   8.704930e-03   8.977519e-03   9.269922e-03   9.580862e-03   9.902918e-03   1.022985e-02   1.054786e-02   1.084001e-02   1.109580e-02   1.130228e-02   1.145704e-02   1.157326e-02   1.166951e-02   1.177650e-02   1.191844e-02   1.211965e-02   1.240806e-02   1.281930e-02   1.340477e-02   1.423397e-02   1.540186e-02   1.703327e-02   1.928569e-02   2.234425e-02   2.639965e-02   3.159763e-02   3.793907e-02   4.515251e-02   5.256484e-02   5.915554e-02   6.392726e-02   6.651256e-02   6.744405e-02   6.763306e-02
   99   7.443994e-03   7.450290e-03   7.452174e-03   7.457981e-03   7.463423e-03   7.472844e-03   7.482883e-03   7.499984e-03   7.521583e-03   7.555500e-03   7.600845e-03   7.661852e-03   7.749626e-03   7.862017e-03   7.999301e-03   8.181146e-03   8.391176e-03   8.627058e-03   8.896542e-03   9.185576e-03   9.492885e-03   9.811125e-03   1.013412e-02   1.044823e-02   1.073673e-02   1.098926e-02   1.119306e-02   1.134578e-02   1.146045e-02   1.155543e-02   1.166102e-02   1.180111e-02   1.199971e-02   1.228434e-02   1.269016e-02   1.326782e-02   1.408580e-02   1.523756e-02   1.684578e-02   1.906483e-02   2.207548e-02   2.606237e-02   3.116338e-02   3.737077e-02   4.440635e-02   5.159861e-02   5.794745e-02   6.249753e-02   6.492706e-02   6.578470e-02   6.595360e-02
  100   7.380872e-03   7.387098e-03   7.388961e-03   7.394705e-03   7.400086e-03   7.409402e-03   7.419331e-03   7.436242e-03   7.457602e-03   7.491143e-03   7.535985e-03   7.596314e-03   7.683112e-03   7.794251e-03   7.930000e-03   8.109804e-03   8.317462e-03   8.550658e-03   8.817046e-03   9.102720e-03   9.406410e-03   9.720845e-03   1.003991e-02   1.035014e-02   1.063500e-02   1.088429e-02   1.108541e-02   1.123610e-02   1.134923e-02   1.144294e-02   1.154715e-02   1.168540e-02   1.188139e-02   1.216226e-02   1.256268e-02   1.313258e-02   1.393940e-02   1.507513e-02   1.666029e-02   1.884620e-02   2.180930e-02   2.572832e-02   3.073338e-02   3.680871e-02   4.366923e-02   5.064675e-02   5.676091e-02   6.109827e-02   6.338058e-02   6.417030e-02   6.432075e-02
