# l loading Love number for a Heaviside load
# Computed by ISSM on 19-Mar-2026 11:27:51
#
#   n         l_n(t)
    1  -8.911701e-01  -8.913716e-01  -8.914627e-01  -8.915951e-01  -8.917873e-01  -8.920665e-01  -8.924710e-01  -8.930600e-01  -8.939146e-01  -8.951540e-01  -8.969559e-01  -8.995671e-01  -9.033527e-01  -9.088372e-01  -9.167708e-01  -9.282268e-01  -9.447120e-01  -9.683148e-01  -1.001825e+00  -1.048760e+00  -1.113123e+00  -1.198562e+00  -1.306671e+00  -1.434371e+00  -1.571172e+00  -1.698572e+00  -1.795155e+00  -1.848267e+00  -1.863223e+00  -1.856775e+00  -1.841197e+00
    2   1.185581e-02   1.157471e-02   1.144762e-02   1.126303e-02   1.099504e-02   1.060612e-02   1.004217e-02   9.224047e-03   8.038856e-03   6.322730e-03   3.841995e-03   2.637722e-04  -4.883179e-03  -1.225285e-02  -2.274170e-02  -3.753788e-02  -5.815558e-02  -8.640467e-02  -1.242535e-01  -1.735440e-01  -2.356076e-01  -3.109045e-01  -3.987110e-01  -4.963528e-01  -5.971840e-01  -6.884491e-01  -7.536158e-01  -7.816495e-01  -7.758441e-01  -7.505256e-01  -7.185371e-01
    3   6.373137e-02   6.360850e-02   6.355286e-02   6.347208e-02   6.335489e-02   6.318412e-02   6.293673e-02   6.257727e-02   6.205430e-02   6.129357e-02   6.018761e-02   5.857904e-02   5.623501e-02   5.282247e-02   4.784848e-02   4.060594e-02   3.008786e-02   1.491309e-02  -6.711464e-03  -3.687598e-02  -7.762451e-02  -1.302724e-01  -1.944578e-01  -2.671021e-01  -3.415821e-01  -4.076240e-01  -4.535703e-01  -4.725983e-01  -4.686077e-01  -4.529212e-01  -4.338761e-01
    4   5.564616e-02   5.556827e-02   5.553302e-02   5.548181e-02   5.540739e-02   5.529923e-02   5.514181e-02   5.491347e-02   5.457995e-02   5.409460e-02   5.338707e-02   5.235296e-02   5.083606e-02   4.860957e-02   4.532876e-02   4.048456e-02   3.332619e-02   2.278946e-02   7.446454e-03  -1.443055e-02  -4.458731e-02  -8.421455e-02  -1.330771e-01  -1.885245e-01  -2.448348e-01  -2.936551e-01  -3.264479e-01  -3.390702e-01  -3.353228e-01  -3.237920e-01  -3.096764e-01
    5   4.335422e-02   4.328992e-02   4.326083e-02   4.321855e-02   4.315708e-02   4.306747e-02   4.293812e-02   4.274917e-02   4.247374e-02   4.207304e-02   4.148816e-02   4.063250e-02   3.937818e-02   3.753412e-02   3.481391e-02   3.079208e-02   2.484033e-02   1.606654e-02   3.279924e-03  -1.494505e-02  -4.000041e-02  -7.270831e-02  -1.125282e-01  -1.567022e-01  -1.998644e-01  -2.332458e-01  -2.559369e-01  -2.614627e-01  -2.559711e-01  -2.460406e-01  -2.346194e-01
    6   3.510801e-02   3.505154e-02   3.502620e-02   3.498923e-02   3.493534e-02   3.485704e-02   3.474337e-02   3.457788e-02   3.433684e-02   3.398565e-02   3.347379e-02   3.272476e-02   3.162683e-02   3.001379e-02   2.763537e-02   2.412102e-02   1.892511e-02   1.127523e-02   1.438756e-04  -1.568056e-02  -3.734180e-02  -6.540361e-02  -9.910273e-02  -1.355707e-01  -1.695664e-01  -1.946691e-01  -2.064412e-01  -2.057401e-01  -1.981578e-01  -1.889615e-01  -1.791929e-01
    7   3.004019e-02   2.999102e-02   2.996866e-02   2.993625e-02   2.988932e-02   2.982111e-02   2.972198e-02   2.957754e-02   2.936716e-02   2.906073e-02   2.861338e-02   2.795971e-02   2.700176e-02   2.559413e-02   2.351924e-02   2.045362e-02   1.592364e-02   9.256973e-03  -4.353335e-04  -1.419274e-02  -3.296572e-02  -5.714067e-02  -8.584465e-02  -1.162330e-01  -1.432992e-01  -1.611628e-01  -1.663854e-01  -1.612089e-01  -1.520166e-01  -1.432028e-01  -1.344089e-01
    8   2.686256e-02   2.682022e-02   2.680106e-02   2.677322e-02   2.673277e-02   2.667398e-02   2.658885e-02   2.646409e-02   2.628257e-02   2.601911e-02   2.563398e-02   2.507089e-02   2.424560e-02   2.303256e-02   2.124340e-02   1.859956e-02   1.469302e-02   8.938175e-03   5.723439e-04  -1.128925e-02  -2.743993e-02  -4.812600e-02  -7.242578e-02  -9.760912e-02  -1.190226e-01  -1.313868e-01  -1.320485e-01  -1.240190e-01  -1.139282e-01  -1.054581e-01  -9.737412e-02
    9   2.480117e-02   2.476528e-02   2.474904e-02   2.472545e-02   2.469133e-02   2.464131e-02   2.456886e-02   2.446337e-02   2.430983e-02   2.408601e-02   2.375930e-02   2.328111e-02   2.257983e-02   2.155072e-02   2.002778e-02   1.777891e-02   1.444679e-02   9.538999e-03   2.396838e-03  -7.730407e-03  -2.148854e-02  -3.901224e-02  -5.936504e-02  -7.997871e-02  -9.661834e-02  -1.046509e-01  -1.021163e-01  -9.243565e-02  -8.205955e-02  -7.403536e-02  -6.663672e-02
   10   2.343658e-02   2.340670e-02   2.339317e-02   2.337353e-02   2.334497e-02   2.330345e-02   2.324308e-02   2.315523e-02   2.302728e-02   2.284072e-02   2.256878e-02   2.216968e-02   2.158395e-02   2.072231e-02   1.944934e-02   1.756141e-02   1.476288e-02   1.062696e-02   4.602582e-03  -3.942984e-03  -1.553050e-02  -3.020221e-02  -4.702178e-02  -6.361123e-02  -7.616733e-02  -8.071486e-02  -7.592174e-02  -6.538969e-02  -5.516147e-02  -4.769360e-02  -4.102673e-02
   11   2.253177e-02   2.250743e-02   2.249640e-02   2.247997e-02   2.245712e-02   2.242328e-02   2.237406e-02   2.230242e-02   2.219805e-02   2.204580e-02   2.182363e-02   2.149713e-02   2.101828e-02   2.031147e-02   1.926420e-02   1.770879e-02   1.539412e-02   1.196503e-02   6.955166e-03  -1.583148e-04  -9.789408e-03  -2.189842e-02  -3.557024e-02  -4.861510e-02  -5.766337e-02  -5.937493e-02  -5.296720e-02  -4.208921e-02  -3.225878e-02  -2.541098e-02  -1.949909e-02
   12   2.194020e-02   2.192091e-02   2.191218e-02   2.189949e-02   2.188105e-02   2.185423e-02   2.181521e-02   2.175839e-02   2.167489e-02   2.155468e-02   2.137856e-02   2.111839e-02   2.073624e-02   2.017145e-02   1.933098e-02   1.807616e-02   1.620188e-02   1.341205e-02   9.317060e-03   3.492137e-03  -4.378658e-03  -1.419754e-02  -2.507055e-02  -3.499827e-02  -4.102999e-02  -4.040679e-02  -3.282171e-02  -2.188920e-02  -1.257022e-02  -6.347943e-03  -9.890875e-04
   13   2.156322e-02   2.154853e-02   2.154188e-02   2.153221e-02   2.151816e-02   2.149772e-02   2.146796e-02   2.142460e-02   2.136135e-02   2.126867e-02   2.113342e-02   2.093417e-02   2.063967e-02   2.020165e-02   1.954903e-02   1.856801e-02   1.709087e-02   1.487576e-02   1.160720e-02   6.937237e-03   6.415000e-04  -7.137233e-03  -1.553093e-02  -2.272266e-02  -2.614622e-02  -2.357552e-02  -1.510583e-02  -4.260056e-03   4.533626e-03   1.017287e-02   1.467106e-02
   14   2.133075e-02   2.132020e-02   2.131542e-02   2.130848e-02   2.129838e-02   2.128368e-02   2.126227e-02   2.123105e-02   2.118544e-02   2.111864e-02   2.102046e-02   2.087552e-02   2.066038e-02   2.033835e-02   1.985276e-02   1.911773e-02   1.799651e-02   1.629712e-02   1.376669e-02   1.013196e-02   5.236056e-03  -7.271525e-04  -6.926004e-03  -1.171707e-02  -1.287982e-02  -8.658649e-03   5.127819e-04   1.122976e-02   1.955216e-02   2.468294e-02   2.857752e-02
   15   2.119165e-02   2.118481e-02   2.118171e-02   2.117721e-02   2.117065e-02   2.116110e-02   2.114717e-02   2.112681e-02   2.109692e-02   2.105315e-02   2.098830e-02   2.089204e-02   2.074774e-02   2.052956e-02   2.019414e-02   1.967727e-02   1.887470e-02   1.763543e-02   1.576197e-02   1.304727e-02   9.398024e-03   5.043595e-03   7.805470e-04  -1.899464e-03  -1.091367e-03   4.553072e-03   1.432156e-02   2.493676e-02   3.288220e-02   3.759619e-02   4.097678e-02
   16   2.110846e-02   2.110492e-02   2.110332e-02   2.110063e-02   2.109757e-02   2.109260e-02   2.108532e-02   2.107463e-02   2.105886e-02   2.103543e-02   2.100035e-02   2.094722e-02   2.086556e-02   2.073817e-02   2.053660e-02   2.021496e-02   1.969476e-02   1.886523e-02   1.757436e-02   1.567545e-02   1.312936e-02   1.019495e-02   7.641780e-03   6.818084e-03   9.353482e-03   1.624771e-02   2.656666e-02   3.715159e-02   4.483579e-02   4.923396e-02   5.229056e-02
   17   2.105394e-02   2.105332e-02   2.105304e-02   2.105262e-02   2.105199e-02   2.105106e-02   2.104966e-02   2.104751e-02   2.104414e-02   2.103877e-02   2.102991e-02   2.101496e-02   2.098901e-02   2.094320e-02   2.085970e-02   2.070918e-02   2.043927e-02   1.996999e-02   1.919447e-02   1.801565e-02   1.644400e-02   1.476300e-02   1.371416e-02   1.452476e-02   1.858469e-02   2.659915e-02   3.745575e-02   4.810396e-02   5.565522e-02   5.983771e-02   6.244602e-02
   18   2.100862e-02   2.101056e-02   2.101143e-02   2.101270e-02   2.101452e-02   2.101714e-02   2.102089e-02   2.102624e-02   2.103377e-02   2.104422e-02   2.105841e-02   2.107698e-02   2.109984e-02   2.112489e-02   2.114530e-02   2.114581e-02   2.109511e-02   2.094324e-02   2.062044e-02   2.007548e-02   1.936086e-02   1.878401e-02   1.906091e-02   2.131102e-02   2.672513e-02   3.576202e-02   4.716621e-02   5.798254e-02   6.552914e-02   6.959572e-02   7.193858e-02
   19   2.095896e-02   2.096313e-02   2.096502e-02   2.096775e-02   2.097170e-02   2.097742e-02   2.098568e-02   2.099756e-02   2.101461e-02   2.103886e-02   2.107316e-02   2.112099e-02   2.118645e-02   2.127364e-02   2.138456e-02   2.151695e-02   2.165858e-02   2.178444e-02   2.185827e-02   2.186927e-02   2.190698e-02   2.229992e-02   2.374221e-02   2.726536e-02   3.388881e-02   4.387156e-02   5.584880e-02   6.693921e-02   7.460242e-02   7.864694e-02   8.079674e-02
   20   2.089593e-02   2.090204e-02   2.090475e-02   2.090880e-02   2.091461e-02   2.092301e-02   2.093517e-02   2.095272e-02   2.097800e-02   2.101426e-02   2.106610e-02   2.113920e-02   2.124165e-02   2.138266e-02   2.157235e-02   2.181978e-02   2.212850e-02   2.249577e-02   2.291751e-02   2.341366e-02   2.410997e-02   2.535343e-02   2.782173e-02   3.246988e-02   4.018039e-02   5.105055e-02   6.363042e-02   7.509399e-02   8.298868e-02   8.709858e-02   8.911978e-02
   21   2.081390e-02   2.082168e-02   2.082520e-02   2.083030e-02   2.083770e-02   2.084841e-02   2.086393e-02   2.088637e-02   2.091903e-02   2.096505e-02   2.103213e-02   2.112724e-02   2.126160e-02   2.144918e-02   2.170689e-02   2.205338e-02   2.250713e-02   2.308462e-02   2.380712e-02   2.472757e-02   2.599955e-02   2.798866e-02   3.135896e-02   3.700504e-02   4.569852e-02   5.740693e-02   7.061763e-02   8.254488e-02   9.077217e-02   9.503009e-02   9.698193e-02
   22   2.070978e-02   2.071899e-02   2.072315e-02   2.072919e-02   2.073795e-02   2.075065e-02   2.076906e-02   2.079568e-02   2.083416e-02   2.088961e-02   2.096929e-02   2.108320e-02   2.124496e-02   2.147259e-02   2.178868e-02   2.222047e-02   2.279934e-02   2.355843e-02   2.454296e-02   2.583130e-02   2.760587e-02   3.024826e-02   3.441191e-02   4.094541e-02   5.052845e-02   6.303303e-02   7.690144e-02   8.936944e-02   9.802029e-02   1.024993e-01   1.044354e-01
   23   2.058230e-02   2.059273e-02   2.059744e-02   2.060428e-02   2.061421e-02   2.062860e-02   2.064946e-02   2.067966e-02   2.072332e-02   2.078634e-02   2.087700e-02   2.100699e-02   2.119217e-02   2.145396e-02   2.182055e-02   2.232565e-02   2.301187e-02   2.392795e-02   2.513785e-02   2.674620e-02   2.895816e-02   3.217150e-02   3.703461e-02   4.435685e-02   5.475105e-02   6.801433e-02   8.255846e-02   9.563160e-02   1.047841e-01   1.095503e-01   1.115205e-01
   24   2.043154e-02   2.044300e-02   2.044819e-02   2.045570e-02   2.046661e-02   2.048244e-02   2.050538e-02   2.053861e-02   2.058695e-02   2.065598e-02   2.075595e-02   2.089943e-02   2.110474e-02   2.139566e-02   2.180461e-02   2.237285e-02   2.315098e-02   2.420179e-02   2.560656e-02   2.749200e-02   3.008541e-02   3.379736e-02   3.927628e-02   4.730138e-02   5.843617e-02   7.242250e-02   8.765460e-02   1.013832e-01   1.111010e-01   1.162144e-01   1.182626e-01
   25   2.025851e-02   2.027084e-02   2.027652e-02   2.028451e-02   2.029625e-02   2.031328e-02   2.033797e-02   2.037375e-02   2.042553e-02   2.050035e-02   2.060822e-02   2.076308e-02   2.098517e-02   2.130045e-02   2.174569e-02   2.236710e-02   2.322400e-02   2.438997e-02   2.596291e-02   2.808810e-02   3.101279e-02   3.516209e-02   4.118278e-02   4.983721e-02   6.164681e-02   7.632208e-02   9.224646e-02   1.066665e-01   1.170017e-01   1.225142e-01   1.246814e-01
   26   2.006481e-02   2.007786e-02   2.008377e-02   2.009233e-02   2.010477e-02   2.012290e-02   2.014902e-02   2.018689e-02   2.024177e-02   2.032141e-02   2.043561e-02   2.060039e-02   2.083626e-02   2.117304e-02   2.164810e-02   2.231496e-02   2.323847e-02   2.450316e-02   2.622006e-02   2.855262e-02   3.176488e-02   3.629604e-02   4.279628e-02   5.201135e-02   6.443989e-02   7.976889e-02   9.638117e-02   1.115180e-01   1.225113e-01   1.284662e-01   1.307882e-01
   27   1.985240e-02   1.986607e-02   1.987224e-02   1.988121e-02   1.989422e-02   1.991311e-02   1.994049e-02   1.998020e-02   2.003766e-02   2.012079e-02   2.024064e-02   2.041373e-02   2.066137e-02   2.101534e-02   2.151699e-02   2.222142e-02   2.320133e-02   2.455041e-02   2.639105e-02   2.890239e-02   3.236489e-02   3.723099e-02   4.415256e-02   5.387026e-02   6.686393e-02   8.281159e-02   1.001018e-01   1.159678e-01   1.276478e-01   1.340805e-01   1.365907e-01
   28   1.962348e-02   1.963765e-02   1.964405e-02   1.965335e-02   1.966684e-02   1.968641e-02   1.971481e-02   1.975597e-02   1.981559e-02   1.990186e-02   2.002630e-02   2.020579e-02   2.046355e-02   2.083201e-02   2.135460e-02   2.209160e-02   2.311959e-02   2.454010e-02   2.648638e-02   2.915239e-02   3.283256e-02   3.799118e-02   4.528606e-02   5.545239e-02   6.896270e-02   8.549319e-02   1.034451e-01   1.200417e-01   1.324255e-01   1.393652e-01   1.420914e-01
   29   1.938029e-02   1.939487e-02   1.940146e-02   1.941102e-02   1.942491e-02   1.944505e-02   1.947428e-02   1.951665e-02   1.957804e-02   1.966705e-02   1.979504e-02   1.998028e-02   2.024597e-02   2.062639e-02   2.116719e-02   2.193080e-02   2.299915e-02   2.448038e-02   2.651814e-02   2.931652e-02   3.318590e-02   3.860056e-02   4.622527e-02   5.679337e-02   7.077493e-02   8.785210e-02   1.064425e-01   1.237627e-01   1.368577e-01   1.443254e-01   1.472919e-01
   30   1.912506e-02   1.913997e-02   1.914671e-02   1.915649e-02   1.917068e-02   1.919131e-02   1.922121e-02   1.926452e-02   1.932733e-02   1.941815e-02   1.954970e-02   1.973933e-02   2.001152e-02   2.040197e-02   2.095772e-02   2.174400e-02   2.284595e-02   2.437873e-02   2.649403e-02   2.940744e-02   3.344040e-02   3.908002e-02   4.699582e-02   5.792300e-02   7.233297e-02   8.992010e-02   1.091225e-01   1.271499e-01   1.409558e-01   1.489636e-01   1.521903e-01
   31   1.885993e-02   1.887510e-02   1.888196e-02   1.889193e-02   1.890639e-02   1.892755e-02   1.895783e-02   1.900198e-02   1.906596e-02   1.915871e-02   1.929249e-02   1.948573e-02   1.976396e-02   2.016187e-02   2.073019e-02   2.153474e-02   2.266597e-02   2.424127e-02   2.642288e-02   2.943531e-02   3.361133e-02   3.944713e-02   4.761988e-02   5.886821e-02   7.366726e-02   9.172730e-02   1.115104e-01   1.302227e-01   1.447281e-01   1.532827e-01   1.567844e-01
   32   1.858691e-02   1.860230e-02   1.860926e-02   1.861936e-02   1.863403e-02   1.865532e-02   1.868620e-02   1.873105e-02   1.879581e-02   1.888997e-02   1.902575e-02   1.922199e-02   1.950429e-02   1.990962e-02   2.048753e-02   2.130739e-02   2.246206e-02   2.407450e-02   2.631295e-02   2.941010e-02   3.370986e-02   3.971863e-02   4.811798e-02   5.965112e-02   7.480265e-02   9.329847e-02   1.136280e-01   1.329964e-01   1.481838e-01   1.572839e-01   1.610714e-01
   33   1.830788e-02   1.832344e-02   1.833047e-02   1.834069e-02   1.835551e-02   1.837704e-02   1.840833e-02   1.845350e-02   1.851920e-02   1.861427e-02   1.875173e-02   1.895021e-02   1.923645e-02   1.964645e-02   2.023271e-02   2.106520e-02   2.223961e-02   2.388319e-02   2.616933e-02   2.933989e-02   3.374726e-02   3.990645e-02   4.850575e-02   6.029285e-02   7.576107e-02   9.465633e-02   1.154953e-01   1.354857e-01   1.513318e-01   1.609681e-01   1.650473e-01
   34   1.802453e-02   1.804022e-02   1.804731e-02   1.805761e-02   1.807257e-02   1.809427e-02   1.812576e-02   1.817144e-02   1.823766e-02   1.833363e-02   1.847241e-02   1.867262e-02   1.896112e-02   1.937569e-02   1.996899e-02   2.081202e-02   2.200239e-02   2.367180e-02   2.599890e-02   2.923191e-02   3.373308e-02   4.002368e-02   4.879854e-02   6.081049e-02   7.656207e-02   9.582092e-02   1.171309e-01   1.377049e-01   1.541782e-01   1.643372e-01   1.687095e-01
   35   1.773840e-02   1.775419e-02   1.776133e-02   1.777169e-02   1.778674e-02   1.780858e-02   1.784027e-02   1.788626e-02   1.795289e-02   1.804963e-02   1.818919e-02   1.839098e-02   1.868168e-02   1.909990e-02   1.969784e-02   2.054897e-02   2.175321e-02   2.344407e-02   2.580550e-02   2.909272e-02   3.367495e-02   4.008041e-02   4.900934e-02   6.121893e-02   7.722292e-02   9.680901e-02   1.185499e-01   1.396670e-01   1.567317e-01   1.673933e-01   1.720550e-01
   36   1.745087e-02   1.746672e-02   1.747389e-02   1.748430e-02   1.749942e-02   1.752136e-02   1.755324e-02   1.759943e-02   1.766633e-02   1.776328e-02   1.790362e-02   1.810631e-02   1.839929e-02   1.881974e-02   1.942183e-02   2.027979e-02   2.149406e-02   2.320336e-02   2.559397e-02   2.892779e-02   3.357959e-02   4.008483e-02   4.914814e-02   6.153165e-02   7.775794e-02   9.763659e-02   1.197678e-01   1.413831e-01   1.589997e-01   1.701381e-01   1.750820e-01
   37   1.716312e-02   1.717903e-02   1.718622e-02   1.719666e-02   1.721182e-02   1.723383e-02   1.726576e-02   1.731218e-02   1.737926e-02   1.747654e-02   1.761765e-02   1.782099e-02   1.811465e-02   1.853718e-02   1.914235e-02   2.000541e-02   2.122891e-02   2.295319e-02   2.536838e-02   2.874153e-02   3.345311e-02   4.004491e-02   4.922462e-02   6.175918e-02   7.818015e-02   9.831635e-02   1.207977e-01   1.428650e-01   1.609898e-01   1.725745e-01   1.777888e-01
   38   1.687624e-02   1.689217e-02   1.689937e-02   1.690983e-02   1.692502e-02   1.694691e-02   1.697906e-02   1.702548e-02   1.709279e-02   1.719028e-02   1.733139e-02   1.753570e-02   1.783021e-02   1.825410e-02   1.886160e-02   1.972836e-02   2.095912e-02   2.269514e-02   2.513074e-02   2.853743e-02   3.330076e-02   3.996686e-02   4.924740e-02   6.191202e-02   7.850049e-02   9.886144e-02   1.216511e-01   1.441235e-01   1.627094e-01   1.747063e-01   1.801758e-01
   39   1.659112e-02   1.660706e-02   1.661427e-02   1.662474e-02   1.663994e-02   1.666192e-02   1.669403e-02   1.674049e-02   1.680792e-02   1.690560e-02   1.704682e-02   1.725133e-02   1.754616e-02   1.797087e-02   1.858023e-02   1.944980e-02   2.068602e-02   2.243163e-02   2.488433e-02   2.831934e-02   3.312666e-02   3.985624e-02   4.922198e-02   6.199764e-02   7.872904e-02   9.928232e-02   1.223395e-01   1.451684e-01   1.641666e-01   1.765378e-01   1.822434e-01
   40   1.630856e-02   1.632450e-02   1.633187e-02   1.634212e-02   1.635721e-02   1.637944e-02   1.641147e-02   1.645793e-02   1.652546e-02   1.662311e-02   1.676440e-02   1.696881e-02   1.726406e-02   1.768942e-02   1.829927e-02   1.917136e-02   2.041176e-02   2.216463e-02   2.463094e-02   2.808937e-02   3.293414e-02   3.971756e-02   4.915570e-02   6.202374e-02   7.887445e-02   9.958860e-02   1.228728e-01   1.460095e-01   1.653697e-01   1.780741e-01   1.839940e-01
   41   1.602922e-02   1.604515e-02   1.605236e-02   1.606282e-02   1.607801e-02   1.610006e-02   1.613206e-02   1.617848e-02   1.624583e-02   1.634330e-02   1.648477e-02   1.668926e-02   1.698429e-02   1.740972e-02   1.802052e-02   1.889350e-02   2.013655e-02   2.189577e-02   2.437330e-02   2.785063e-02   3.272611e-02   3.955447e-02   4.905297e-02   6.199664e-02   7.894354e-02   9.978874e-02   1.232607e-01   1.466565e-01   1.663257e-01   1.793206e-01   1.854303e-01
   42   1.575368e-02   1.576959e-02   1.577678e-02   1.578723e-02   1.580240e-02   1.582442e-02   1.585638e-02   1.590275e-02   1.597004e-02   1.606759e-02   1.620891e-02   1.641305e-02   1.670819e-02   1.713359e-02   1.774416e-02   1.861794e-02   1.986255e-02   2.162591e-02   2.411184e-02   2.760509e-02   3.250574e-02   3.937098e-02   4.891821e-02   6.192195e-02   7.894378e-02   9.989097e-02   1.235115e-01   1.471178e-01   1.670442e-01   1.802846e-01   1.865573e-01
   43   1.548240e-02   1.549828e-02   1.550546e-02   1.551589e-02   1.553103e-02   1.555309e-02   1.558490e-02   1.563119e-02   1.569819e-02   1.579576e-02   1.593681e-02   1.614075e-02   1.643531e-02   1.685988e-02   1.747050e-02   1.834477e-02   1.958994e-02   2.135611e-02   2.384890e-02   2.735393e-02   3.227478e-02   3.916964e-02   4.875514e-02   6.180423e-02   7.888084e-02   9.990160e-02   1.236332e-01   1.474020e-01   1.675329e-01   1.809725e-01   1.873808e-01
   44   1.521576e-02   1.523161e-02   1.523883e-02   1.524917e-02   1.526428e-02   1.528621e-02   1.531804e-02   1.536422e-02   1.543126e-02   1.552820e-02   1.566903e-02   1.587250e-02   1.616679e-02   1.659108e-02   1.720073e-02   1.807445e-02   1.932017e-02   2.108748e-02   2.358470e-02   2.709920e-02   3.203557e-02   3.895302e-02   4.856649e-02   6.164744e-02   7.875982e-02   9.982757e-02   1.236332e-01   1.475177e-01   1.678004e-01   1.813930e-01   1.879069e-01
   45   1.495409e-02   1.496989e-02   1.497703e-02   1.498741e-02   1.500247e-02   1.502434e-02   1.505608e-02   1.510231e-02   1.516889e-02   1.526572e-02   1.540619e-02   1.560929e-02   1.590303e-02   1.632615e-02   1.693519e-02   1.780765e-02   1.905275e-02   2.082124e-02   2.332077e-02   2.684131e-02   3.178910e-02   3.872300e-02   4.835589e-02   6.145580e-02   7.858519e-02   9.967447e-02   1.235189e-01   1.474731e-01   1.678561e-01   1.815546e-01   1.881445e-01
   46   1.469762e-02   1.471337e-02   1.472045e-02   1.473083e-02   1.474585e-02   1.476766e-02   1.479930e-02   1.484517e-02   1.491165e-02   1.500843e-02   1.514840e-02   1.535096e-02   1.564378e-02   1.606627e-02   1.667402e-02   1.754519e-02   1.878923e-02   2.055666e-02   2.305749e-02   2.658201e-02   3.153736e-02   3.848176e-02   4.812525e-02   6.123187e-02   7.836138e-02   9.944772e-02   1.232965e-01   1.472753e-01   1.677074e-01   1.814663e-01   1.881027e-01
   47   1.444654e-02   1.446224e-02   1.446934e-02   1.447965e-02   1.449461e-02   1.451631e-02   1.454791e-02   1.459377e-02   1.466007e-02   1.475632e-02   1.489599e-02   1.509786e-02   1.538985e-02   1.581135e-02   1.641738e-02   1.728691e-02   1.852877e-02   2.029545e-02   2.279539e-02   2.632151e-02   3.128088e-02   3.823019e-02   4.787677e-02   6.097865e-02   7.809189e-02   9.915144e-02   1.229721e-01   1.469329e-01   1.673648e-01   1.811383e-01   1.877902e-01
   48   1.420099e-02   1.421663e-02   1.422370e-02   1.423409e-02   1.424889e-02   1.427054e-02   1.430197e-02   1.434758e-02   1.441373e-02   1.450978e-02   1.464881e-02   1.484996e-02   1.514125e-02   1.556124e-02   1.616566e-02   1.703316e-02   1.827304e-02   2.003701e-02   2.253519e-02   2.606074e-02   3.102066e-02   3.797018e-02   4.761213e-02   6.069858e-02   7.778027e-02   9.879096e-02   1.225514e-01   1.464526e-01   1.668366e-01   1.805807e-01   1.872196e-01
   49   1.396107e-02   1.397665e-02   1.398369e-02   1.399387e-02   1.400878e-02   1.403035e-02   1.406167e-02   1.410713e-02   1.417301e-02   1.426858e-02   1.440714e-02   1.460783e-02   1.489781e-02   1.531635e-02   1.591908e-02   1.678436e-02   1.802134e-02   1.978203e-02   2.227759e-02   2.580028e-02   3.075759e-02   3.770228e-02   4.733287e-02   6.039395e-02   7.742950e-02   9.837021e-02   1.220404e-01   1.458416e-01   1.661319e-01   1.798040e-01   1.864015e-01
   50   1.372682e-02   1.374234e-02   1.374936e-02   1.375954e-02   1.377434e-02   1.379582e-02   1.382698e-02   1.387224e-02   1.393782e-02   1.403323e-02   1.417123e-02   1.437095e-02   1.465995e-02   1.507691e-02   1.567778e-02   1.654029e-02   1.777411e-02   1.953115e-02   2.202213e-02   2.554060e-02   3.049237e-02   3.742821e-02   4.704068e-02   6.006671e-02   7.704236e-02   9.789273e-02   1.214441e-01   1.451073e-01   1.652600e-01   1.788196e-01   1.853489e-01
   51   1.349829e-02   1.351373e-02   1.352072e-02   1.353091e-02   1.354563e-02   1.356695e-02   1.359805e-02   1.364314e-02   1.370836e-02   1.380321e-02   1.394060e-02   1.413954e-02   1.442742e-02   1.484311e-02   1.544167e-02   1.630125e-02   1.753128e-02   1.928383e-02   2.176978e-02   2.528186e-02   3.022536e-02   3.714818e-02   4.673659e-02   5.971893e-02   7.662124e-02   9.736212e-02   1.207673e-01   1.442568e-01   1.642298e-01   1.776388e-01   1.840744e-01
   52   1.327545e-02   1.329083e-02   1.329778e-02   1.330788e-02   1.332254e-02   1.334383e-02   1.337473e-02   1.341963e-02   1.348465e-02   1.357905e-02   1.371585e-02   1.391393e-02   1.420057e-02   1.461445e-02   1.521063e-02   1.606718e-02   1.729311e-02   1.904060e-02   2.152019e-02   2.502439e-02   2.995715e-02   3.686312e-02   4.642176e-02   5.935184e-02   7.616851e-02   9.678198e-02   1.200151e-01   1.432966e-01   1.630509e-01   1.762729e-01   1.825914e-01
   53   1.305829e-02   1.307359e-02   1.308051e-02   1.309056e-02   1.310515e-02   1.312634e-02   1.315709e-02   1.320170e-02   1.326659e-02   1.336045e-02   1.349667e-02   1.369397e-02   1.397920e-02   1.439138e-02   1.498503e-02   1.583828e-02   1.705962e-02   1.880135e-02   2.127373e-02   2.476860e-02   2.968825e-02   3.657338e-02   4.609698e-02   5.896700e-02   7.568665e-02   9.615554e-02   1.191921e-01   1.422332e-01   1.617319e-01   1.747341e-01   1.809140e-01
   54   1.284675e-02   1.286198e-02   1.286887e-02   1.287887e-02   1.289339e-02   1.291458e-02   1.294494e-02   1.298949e-02   1.305385e-02   1.314742e-02   1.328299e-02   1.347923e-02   1.376321e-02   1.417337e-02   1.476457e-02   1.561419e-02   1.683092e-02   1.856651e-02   2.103076e-02   2.451460e-02   2.941890e-02   3.628005e-02   4.576336e-02   5.856576e-02   7.517742e-02   9.548536e-02   1.183028e-01   1.410733e-01   1.602822e-01   1.730337e-01   1.790554e-01
   55   1.264078e-02   1.265593e-02   1.266278e-02   1.267273e-02   1.268720e-02   1.270815e-02   1.273856e-02   1.278279e-02   1.284697e-02   1.293990e-02   1.307472e-02   1.327015e-02   1.355269e-02   1.396081e-02   1.454931e-02   1.539518e-02   1.660696e-02   1.833548e-02   2.079067e-02   2.426256e-02   2.914944e-02   3.598324e-02   4.542163e-02   5.814940e-02   7.464228e-02   9.477475e-02   1.173512e-01   1.398228e-01   1.587110e-01   1.711838e-01   1.770301e-01
   56   1.244029e-02   1.245536e-02   1.246217e-02   1.247205e-02   1.248641e-02   1.250730e-02   1.253759e-02   1.258154e-02   1.264521e-02   1.273789e-02   1.287192e-02   1.306638e-02   1.334740e-02   1.375358e-02   1.433926e-02   1.518117e-02   1.638744e-02   1.810880e-02   2.055420e-02   2.401254e-02   2.888006e-02   3.568355e-02   4.507240e-02   5.771898e-02   7.408383e-02   9.402595e-02   1.163412e-01   1.384884e-01   1.570268e-01   1.691963e-01   1.748522e-01
   57   1.224520e-02   1.226018e-02   1.226695e-02   1.227680e-02   1.229106e-02   1.231181e-02   1.234197e-02   1.238568e-02   1.244905e-02   1.254109e-02   1.267451e-02   1.286782e-02   1.314750e-02   1.355138e-02   1.413413e-02   1.497193e-02   1.617249e-02   1.788613e-02   2.032108e-02   2.376481e-02   2.861072e-02   3.538139e-02   4.471634e-02   5.727561e-02   7.350311e-02   9.324200e-02   1.152775e-01   1.370759e-01   1.552383e-01   1.670824e-01   1.725358e-01
   58   1.205540e-02   1.207030e-02   1.207704e-02   1.208683e-02   1.210103e-02   1.212166e-02   1.215157e-02   1.219510e-02   1.225805e-02   1.234968e-02   1.248232e-02   1.267450e-02   1.295265e-02   1.335457e-02   1.393402e-02   1.476747e-02   1.596216e-02   1.766765e-02   2.009122e-02   2.351923e-02   2.834205e-02   3.507688e-02   4.435413e-02   5.682024e-02   7.290197e-02   9.242508e-02   1.141635e-01   1.355913e-01   1.533541e-01   1.648541e-01   1.700946e-01
   59   1.187079e-02   1.188560e-02   1.189230e-02   1.190203e-02   1.191615e-02   1.193666e-02   1.196647e-02   1.200961e-02   1.207231e-02   1.216336e-02   1.229525e-02   1.248626e-02   1.276286e-02   1.316256e-02   1.373879e-02   1.456778e-02   1.575637e-02   1.745309e-02   1.986478e-02   2.327588e-02   2.807403e-02   3.477050e-02   4.398642e-02   5.635377e-02   7.228173e-02   9.157767e-02   1.130030e-01   1.340403e-01   1.513831e-01   1.625225e-01   1.675417e-01
   60   1.169125e-02   1.170597e-02   1.171263e-02   1.172230e-02   1.173634e-02   1.175673e-02   1.178637e-02   1.182918e-02   1.189159e-02   1.198200e-02   1.211310e-02   1.230319e-02   1.257809e-02   1.297545e-02   1.354838e-02   1.437277e-02   1.555487e-02   1.724248e-02   1.964172e-02   2.303496e-02   2.780667e-02   3.446245e-02   4.361337e-02   5.587696e-02   7.164386e-02   9.070170e-02   1.117997e-01   1.324286e-01   1.493331e-01   1.600986e-01   1.648908e-01
   61   1.151667e-02   1.153130e-02   1.153792e-02   1.154753e-02   1.156148e-02   1.158174e-02   1.161118e-02   1.165382e-02   1.171586e-02   1.180566e-02   1.193596e-02   1.212486e-02   1.239809e-02   1.279295e-02   1.336271e-02   1.418224e-02   1.535748e-02   1.703591e-02   1.942204e-02   2.279613e-02   2.754025e-02   3.415308e-02   4.323579e-02   5.539089e-02   7.098966e-02   8.979972e-02   1.105568e-01   1.307612e-01   1.472120e-01   1.575932e-01   1.621544e-01
   62   1.134693e-02   1.136147e-02   1.136804e-02   1.137759e-02   1.139142e-02   1.141159e-02   1.144086e-02   1.148329e-02   1.154480e-02   1.163402e-02   1.176362e-02   1.195113e-02   1.222271e-02   1.261529e-02   1.318138e-02   1.399611e-02   1.516446e-02   1.683317e-02   1.920540e-02   2.256000e-02   2.727471e-02   3.384249e-02   4.285388e-02   5.489603e-02   7.032030e-02   8.887353e-02   1.092777e-01   1.290439e-01   1.450281e-01   1.550164e-01   1.593452e-01
   63   1.118190e-02   1.119634e-02   1.120288e-02   1.121228e-02   1.122614e-02   1.124619e-02   1.127517e-02   1.131733e-02   1.137848e-02   1.146723e-02   1.159594e-02   1.178226e-02   1.205206e-02   1.244210e-02   1.300477e-02   1.381435e-02   1.497566e-02   1.663398e-02   1.899202e-02   2.232607e-02   2.701035e-02   3.353106e-02   4.246822e-02   5.439330e-02   6.963728e-02   8.792547e-02   1.079658e-01   1.272813e-01   1.427882e-01   1.523788e-01   1.564740e-01
   64   1.102146e-02   1.103581e-02   1.104229e-02   1.105172e-02   1.106547e-02   1.108526e-02   1.111406e-02   1.115597e-02   1.121673e-02   1.130487e-02   1.143258e-02   1.161787e-02   1.188579e-02   1.227350e-02   1.283243e-02   1.363673e-02   1.479050e-02   1.643886e-02   1.878182e-02   2.209456e-02   2.674677e-02   3.321881e-02   4.207928e-02   5.388320e-02   6.894147e-02   8.695703e-02   1.066242e-01   1.254788e-01   1.405002e-01   1.496898e-01   1.535532e-01
   65   1.086548e-02   1.087973e-02   1.088617e-02   1.089553e-02   1.090910e-02   1.092883e-02   1.095747e-02   1.099905e-02   1.105947e-02   1.114676e-02   1.127398e-02   1.145781e-02   1.172416e-02   1.210889e-02   1.266421e-02   1.346334e-02   1.460960e-02   1.624695e-02   1.857491e-02   2.186519e-02   2.648475e-02   3.290611e-02   4.168697e-02   5.336652e-02   6.823396e-02   8.597043e-02   1.052559e-01   1.236409e-01   1.381709e-01   1.469581e-01   1.505927e-01
   66   1.071384e-02   1.072799e-02   1.073439e-02   1.074368e-02   1.075717e-02   1.077676e-02   1.080521e-02   1.084655e-02   1.090642e-02   1.099335e-02   1.111940e-02   1.130213e-02   1.156645e-02   1.194876e-02   1.250017e-02   1.329388e-02   1.443232e-02   1.605884e-02   1.837091e-02   2.163835e-02   2.622390e-02   3.259294e-02   4.129235e-02   5.284401e-02   6.751623e-02   8.496710e-02   1.038638e-01   1.217724e-01   1.358069e-01   1.441933e-01   1.476035e-01
   67   1.056641e-02   1.058046e-02   1.058682e-02   1.059604e-02   1.060943e-02   1.062889e-02   1.065713e-02   1.069821e-02   1.075761e-02   1.084401e-02   1.096905e-02   1.115042e-02   1.141281e-02   1.179242e-02   1.234023e-02   1.312825e-02   1.425884e-02   1.587409e-02   1.816979e-02   2.141397e-02   2.596430e-02   3.227962e-02   4.089515e-02   5.231588e-02   6.678865e-02   8.394917e-02   1.024507e-01   1.198774e-01   1.334146e-01   1.414029e-01   1.445937e-01
   68   1.042307e-02   1.043702e-02   1.044332e-02   1.045248e-02   1.046578e-02   1.048509e-02   1.051313e-02   1.055382e-02   1.061288e-02   1.069869e-02   1.082289e-02   1.100269e-02   1.126348e-02   1.164014e-02   1.218384e-02   1.296641e-02   1.408898e-02   1.569260e-02   1.797197e-02   2.119178e-02   2.570602e-02   3.196625e-02   4.049591e-02   5.178309e-02   6.605283e-02   8.291777e-02   1.010193e-01   1.179602e-01   1.310001e-01   1.385952e-01   1.415731e-01
   69   1.028370e-02   1.029754e-02   1.030380e-02   1.031289e-02   1.032609e-02   1.034526e-02   1.037308e-02   1.041354e-02   1.047210e-02   1.055723e-02   1.068048e-02   1.085913e-02   1.111773e-02   1.149189e-02   1.203148e-02   1.280820e-02   1.392251e-02   1.551446e-02   1.777665e-02   2.097183e-02   2.544921e-02   3.165297e-02   4.009484e-02   5.124610e-02   6.530935e-02   8.187500e-02   9.957228e-02   1.160251e-01   1.285693e-01   1.357771e-01   1.385493e-01
   70   1.014818e-02   1.016191e-02   1.016813e-02   1.017715e-02   1.019023e-02   1.020927e-02   1.023688e-02   1.027696e-02   1.033519e-02   1.041958e-02   1.054186e-02   1.071925e-02   1.097590e-02   1.134730e-02   1.188269e-02   1.265360e-02   1.375968e-02   1.533941e-02   1.758439e-02   2.075413e-02   2.519367e-02   3.133999e-02   3.969246e-02   5.070534e-02   6.455919e-02   8.082189e-02   9.811205e-02   1.140758e-01   1.261279e-01   1.329562e-01   1.355301e-01
   71   1.001638e-02   1.003001e-02   1.003618e-02   1.004513e-02   1.005813e-02   1.007700e-02   1.010441e-02   1.014406e-02   1.020190e-02   1.028562e-02   1.040710e-02   1.058309e-02   1.083787e-02   1.120615e-02   1.173769e-02   1.250260e-02   1.359996e-02   1.516769e-02   1.739483e-02   2.053884e-02   2.493983e-02   3.102731e-02   3.928881e-02   5.016119e-02   6.380336e-02   7.976064e-02   9.664105e-02   1.121159e-01   1.236802e-01   1.301379e-01   1.325227e-01
   72   9.888201e-03   9.901723e-03   9.907838e-03   9.916730e-03   9.929614e-03   9.948339e-03   9.975466e-03   1.001492e-02   1.007225e-02   1.015533e-02   1.027579e-02   1.045041e-02   1.070305e-02   1.106849e-02   1.159588e-02   1.235492e-02   1.344364e-02   1.499888e-02   1.720811e-02   2.032566e-02   2.468747e-02   3.071510e-02   3.888435e-02   4.961456e-02   6.304250e-02   7.869200e-02   9.516151e-02   1.101489e-01   1.212319e-01   1.273287e-01   1.295325e-01
   73   9.763519e-03   9.776932e-03   9.782972e-03   9.791808e-03   9.804600e-03   9.823090e-03   9.850153e-03   9.889362e-03   9.946140e-03   1.002860e-02   1.014790e-02   1.032119e-02   1.057200e-02   1.093442e-02   1.145767e-02   1.221044e-02   1.329043e-02   1.483299e-02   1.702404e-02   2.011475e-02   2.443660e-02   3.040350e-02   3.847910e-02   4.906544e-02   6.227748e-02   7.761728e-02   9.367567e-02   1.081786e-01   1.187872e-01   1.245338e-01   1.265659e-01
   74   9.642226e-03   9.655465e-03   9.661562e-03   9.670283e-03   9.682971e-03   9.701393e-03   9.728121e-03   9.766992e-03   9.823391e-03   9.904997e-03   1.002363e-02   1.019537e-02   1.044405e-02   1.080354e-02   1.132237e-02   1.206908e-02   1.314036e-02   1.467003e-02   1.684250e-02   1.990609e-02   2.418733e-02   3.009256e-02   3.807346e-02   4.851471e-02   6.150908e-02   7.653820e-02   9.218559e-02   1.062073e-01   1.163504e-01   1.217581e-01   1.236277e-01
   75   9.524213e-03   9.537406e-03   9.543372e-03   9.552057e-03   9.564619e-03   9.582888e-03   9.609431e-03   9.647930e-03   9.703777e-03   9.784975e-03   9.902480e-03   1.007271e-02   1.031940e-02   1.067582e-02   1.119044e-02   1.193087e-02   1.299316e-02   1.450992e-02   1.666349e-02   1.969956e-02   2.393963e-02   2.978250e-02   3.766767e-02   4.796218e-02   6.073799e-02   7.545578e-02   9.069327e-02   1.042388e-01   1.139257e-01   1.190063e-01   1.207229e-01
   76   9.409376e-03   9.422457e-03   9.428373e-03   9.436945e-03   9.449400e-03   9.467555e-03   9.493933e-03   9.532014e-03   9.587469e-03   9.667811e-03   9.784402e-03   9.953348e-03   1.019781e-02   1.055134e-02   1.106150e-02   1.179577e-02   1.284883e-02   1.435247e-02   1.648714e-02   1.949507e-02   2.369357e-02   2.947341e-02   3.726185e-02   4.740896e-02   5.996515e-02   7.437114e-02   8.920043e-02   1.022752e-01   1.115161e-01   1.162828e-01   1.178553e-01
   77   9.297612e-03   9.310581e-03   9.316446e-03   9.324964e-03   9.337332e-03   9.355292e-03   9.381334e-03   9.419168e-03   9.474145e-03   9.553873e-03   9.669420e-03   9.836833e-03   1.007927e-02   1.042984e-02   1.093551e-02   1.166345e-02   1.270744e-02   1.419769e-02   1.631302e-02   1.929285e-02   2.344924e-02   2.916531e-02   3.685621e-02   4.685510e-02   5.919092e-02   7.328559e-02   8.770916e-02   1.003195e-01   1.091254e-01   1.135905e-01   1.150283e-01
   78   9.188821e-03   9.201677e-03   9.207491e-03   9.215923e-03   9.228192e-03   9.245950e-03   9.271844e-03   9.309332e-03   9.363766e-03   9.442748e-03   9.557297e-03   9.723254e-03   9.963682e-03   1.031107e-02   1.081247e-02   1.153392e-02   1.256866e-02   1.404562e-02   1.614148e-02   1.909276e-02   2.320657e-02   2.885832e-02   3.645105e-02   4.630083e-02   5.841607e-02   7.220015e-02   8.622082e-02   9.837381e-02   1.067567e-01   1.109334e-01   1.122450e-01
   79   9.082906e-03   9.095649e-03   9.101412e-03   9.109792e-03   9.121933e-03   9.139578e-03   9.165197e-03   9.202343e-03   9.256303e-03   9.334588e-03   9.448162e-03   9.612654e-03   9.850881e-03   1.019532e-02   1.069206e-02   1.140711e-02   1.243249e-02   1.389602e-02   1.597227e-02   1.889467e-02   2.296567e-02   2.855249e-02   3.604661e-02   4.574668e-02   5.764129e-02   7.111567e-02   8.473731e-02   9.644094e-02   1.044124e-01   1.083140e-01   1.095084e-01
   80   8.979775e-03   8.992403e-03   8.998114e-03   9.006408e-03   9.018452e-03   9.035939e-03   9.061313e-03   9.098180e-03   9.151613e-03   9.229326e-03   9.341754e-03   9.504834e-03   9.740810e-03   1.008214e-02   1.057444e-02   1.128299e-02   1.229901e-02   1.374891e-02   1.580530e-02   1.869877e-02   2.272640e-02   2.824805e-02   3.564284e-02   4.519318e-02   5.686712e-02   7.003321e-02   8.325992e-02   9.452245e-02   1.020956e-01   1.057348e-01   1.068206e-01
   81   8.879335e-03   8.891849e-03   8.897508e-03   8.905711e-03   8.917658e-03   8.934969e-03   8.960134e-03   8.996662e-03   9.049682e-03   9.126538e-03   9.238062e-03   9.399603e-03   9.633513e-03   9.971583e-03   1.045943e-02   1.116153e-02   1.216811e-02   1.360426e-02   1.564067e-02   1.850490e-02   2.248889e-02   2.794494e-02   3.524019e-02   4.464041e-02   5.609421e-02   6.895395e-02   8.179015e-02   9.262028e-02   9.980796e-02   1.031981e-01   1.041833e-01
   82   8.781500e-03   8.793898e-03   8.799505e-03   8.807647e-03   8.819472e-03   8.836640e-03   8.861596e-03   8.897778e-03   8.950267e-03   9.026437e-03   9.136901e-03   9.296921e-03   9.528660e-03   9.863701e-03   1.034701e-02   1.104241e-02   1.203938e-02   1.346189e-02   1.547831e-02   1.831283e-02   2.225320e-02   2.764329e-02   3.483865e-02   4.408871e-02   5.532298e-02   6.787841e-02   8.032930e-02   9.073669e-02   9.755231e-02   1.007066e-01   1.015980e-01
   83   8.686182e-03   8.698464e-03   8.704020e-03   8.712086e-03   8.723800e-03   8.740800e-03   8.765472e-03   8.801324e-03   8.853359e-03   8.928819e-03   9.038271e-03   9.196783e-03   9.426450e-03   9.758288e-03   1.023692e-02   1.092584e-02   1.191330e-02   1.332177e-02   1.531812e-02   1.812299e-02   2.201927e-02   2.734317e-02   3.443842e-02   4.353848e-02   5.455397e-02   6.680748e-02   7.887847e-02   8.887270e-02   9.532944e-02   9.826031e-02   9.906665e-02
   84   8.593301e-03   8.605467e-03   8.610970e-03   8.618960e-03   8.630563e-03   8.647410e-03   8.671804e-03   8.707355e-03   8.758938e-03   8.833645e-03   8.942073e-03   9.099069e-03   9.326470e-03   9.655096e-03   1.012931e-02   1.081163e-02   1.178947e-02   1.318406e-02   1.515992e-02   1.793498e-02   2.178713e-02   2.704463e-02   3.403975e-02   4.298986e-02   5.378763e-02   6.574224e-02   7.743903e-02   8.703031e-02   9.314147e-02   9.586202e-02   9.658937e-02
   85   8.502776e-03   8.514830e-03   8.520275e-03   8.528189e-03   8.539681e-03   8.556367e-03   8.580592e-03   8.615735e-03   8.666820e-03   8.740904e-03   8.848277e-03   9.003718e-03   9.229004e-03   9.554440e-03   1.002399e-02   1.069960e-02   1.166781e-02   1.304848e-02   1.500387e-02   1.774916e-02   2.155687e-02   2.674773e-02   3.364269e-02   4.244326e-02   5.302470e-02   6.468305e-02   7.601216e-02   8.521066e-02   9.098998e-02   9.351171e-02   9.416717e-02
   86   8.414529e-03   8.426462e-03   8.431860e-03   8.439697e-03   8.451077e-03   8.467602e-03   8.491555e-03   8.526367e-03   8.576920e-03   8.650269e-03   8.756515e-03   8.910704e-03   9.133561e-03   9.455941e-03   9.920897e-03   1.058989e-02   1.154833e-02   1.291502e-02   1.485010e-02   1.756515e-02   2.132836e-02   2.645267e-02   3.324745e-02   4.189895e-02   5.226517e-02   6.363085e-02   7.459844e-02   8.341496e-02   8.887579e-02   9.121081e-02   9.180048e-02
   87   8.328487e-03   8.340304e-03   8.345648e-03   8.353408e-03   8.364668e-03   8.381031e-03   8.404795e-03   8.439262e-03   8.489326e-03   8.561925e-03   8.667216e-03   8.819656e-03   9.040428e-03   9.359710e-03   9.820016e-03   1.048219e-02   1.143114e-02   1.278364e-02   1.469818e-02   1.738329e-02   2.110178e-02   2.615942e-02   3.285394e-02   4.135707e-02   5.150969e-02   6.258608e-02   7.319898e-02   8.164414e-02   8.680007e-02   8.895968e-02   8.948943e-02
   88   8.244577e-03   8.256277e-03   8.261568e-03   8.269251e-03   8.280409e-03   8.296609e-03   8.320129e-03   8.354288e-03   8.403859e-03   8.475668e-03   8.579895e-03   8.730994e-03   8.949536e-03   9.265428e-03   9.721283e-03   1.037673e-02   1.131580e-02   1.265431e-02   1.454826e-02   1.720319e-02   2.087715e-02   2.586798e-02   3.246275e-02   4.081807e-02   5.075874e-02   6.154946e-02   7.181459e-02   7.989947e-02   8.476344e-02   8.675897e-02   8.723388e-02
   89   8.162730e-03   8.174312e-03   8.179550e-03   8.187157e-03   8.198159e-03   8.214228e-03   8.237477e-03   8.271280e-03   8.320431e-03   8.391500e-03   8.494715e-03   8.644217e-03   8.860630e-03   9.173340e-03   9.624467e-03   1.027321e-02   1.120267e-02   1.252705e-02   1.440034e-02   1.702500e-02   2.065421e-02   2.557847e-02   3.207366e-02   4.028179e-02   5.001269e-02   6.052167e-02   7.044618e-02   7.818157e-02   8.276660e-02   8.460838e-02   8.503386e-02
   90   8.082878e-03   8.094343e-03   8.099534e-03   8.107058e-03   8.118044e-03   8.133833e-03   8.156922e-03   8.190320e-03   8.238938e-03   8.309301e-03   8.411447e-03   8.559433e-03   8.773569e-03   9.083113e-03   9.529703e-03   1.017179e-02   1.109144e-02   1.240158e-02   1.425434e-02   1.684876e-02   2.043321e-02   2.529086e-02   3.168676e-02   3.974878e-02   4.927160e-02   5.950286e-02   6.909421e-02   7.649149e-02   8.081032e-02   8.250850e-02   8.288884e-02
   91   8.004956e-03   8.016304e-03   8.021436e-03   8.028883e-03   8.039702e-03   8.055472e-03   8.078237e-03   8.111323e-03   8.159424e-03   8.229171e-03   8.330207e-03   8.476630e-03   8.688569e-03   8.994973e-03   9.436826e-03   1.007212e-02   1.098211e-02   1.227813e-02   1.411018e-02   1.667433e-02   2.021420e-02   2.500536e-02   3.130233e-02   3.921917e-02   4.853618e-02   5.849394e-02   6.775937e-02   7.482927e-02   7.889478e-02   8.045912e-02   8.079883e-02
   92   7.928902e-03   7.940133e-03   7.945202e-03   7.952588e-03   7.963368e-03   7.978834e-03   8.001426e-03   8.034232e-03   8.081820e-03   8.150805e-03   8.250802e-03   8.395700e-03   8.605500e-03   8.908601e-03   9.345868e-03   9.974464e-03   1.087469e-02   1.215640e-02   1.396782e-02   1.650183e-02   1.999699e-02   2.472183e-02   3.092035e-02   3.869313e-02   4.780633e-02   5.749548e-02   6.644232e-02   7.319608e-02   7.702011e-02   7.845972e-02   7.876279e-02
   93   7.854655e-03   7.865769e-03   7.870795e-03   7.878077e-03   7.888691e-03   7.904053e-03   7.926426e-03   7.958893e-03   8.005999e-03   8.074166e-03   8.173206e-03   8.316624e-03   8.524128e-03   8.824125e-03   9.256763e-03   9.878556e-03   1.076901e-02   1.203668e-02   1.382745e-02   1.633121e-02   1.978183e-02   2.444049e-02   3.054107e-02   3.817064e-02   4.708277e-02   5.650704e-02   6.514369e-02   7.159190e-02   7.518672e-02   7.651039e-02   7.678033e-02
   94   7.782157e-03   7.793154e-03   7.798131e-03   7.805349e-03   7.815836e-03   7.831048e-03   7.853120e-03   7.885204e-03   7.931796e-03   7.999439e-03   8.097385e-03   8.239199e-03   8.444605e-03   8.741361e-03   9.169394e-03   9.784546e-03   1.066513e-02   1.191850e-02   1.368876e-02   1.616229e-02   1.956860e-02   2.416128e-02   3.016455e-02   3.765224e-02   4.636548e-02   5.552973e-02   6.386341e-02   7.001727e-02   7.339438e-02   7.460997e-02   7.485015e-02
   95   7.711352e-03   7.722231e-03   7.727139e-03   7.734297e-03   7.744698e-03   7.759779e-03   7.781595e-03   7.813355e-03   7.859358e-03   7.926220e-03   8.023083e-03   8.163444e-03   8.366688e-03   8.660152e-03   9.083703e-03   9.691976e-03   1.056308e-02   1.180216e-02   1.355191e-02   1.599544e-02   1.935701e-02   2.388448e-02   2.979057e-02   3.713782e-02   4.565490e-02   5.456398e-02   6.260229e-02   6.847235e-02   7.164256e-02   7.275884e-02   7.297218e-02
   96   7.642184e-03   7.652947e-03   7.657815e-03   7.664863e-03   7.675148e-03   7.690051e-03   7.711680e-03   7.743092e-03   7.788547e-03   7.854804e-03   7.950430e-03   8.089423e-03   8.290546e-03   8.580803e-03   8.999495e-03   9.601240e-03   1.046246e-02   1.168758e-02   1.341678e-02   1.583013e-02   1.914766e-02   2.360964e-02   2.941978e-02   3.662756e-02   4.495071e-02   5.360947e-02   6.136070e-02   6.695722e-02   6.993183e-02   7.095573e-02   7.114495e-02
   97   7.574602e-03   7.585249e-03   7.590063e-03   7.597055e-03   7.607209e-03   7.622028e-03   7.643392e-03   7.674375e-03   7.719500e-03   7.784827e-03   7.879534e-03   8.017257e-03   8.215911e-03   8.503132e-03   8.917046e-03   9.512237e-03   1.036373e-02   1.157489e-02   1.328320e-02   1.566672e-02   1.894009e-02   2.333713e-02   2.905161e-02   3.612178e-02   4.425408e-02   5.266695e-02   6.013866e-02   6.547243e-02   6.826194e-02   6.919994e-02   6.936801e-02
   98   7.508555e-03   7.519085e-03   7.523848e-03   7.530764e-03   7.540806e-03   7.555309e-03   7.576556e-03   7.607221e-03   7.651808e-03   7.716473e-03   7.810361e-03   7.946177e-03   8.142714e-03   8.426719e-03   8.836411e-03   9.424857e-03   1.026642e-02   1.146342e-02   1.315178e-02   1.550521e-02   1.873467e-02   2.306692e-02   2.868673e-02   3.562028e-02   4.356446e-02   5.173680e-02   5.893669e-02   6.401764e-02   6.663201e-02   6.749110e-02   6.763953e-02
   99   7.443994e-03   7.454409e-03   7.459119e-03   7.465959e-03   7.475891e-03   7.490311e-03   7.511258e-03   7.541684e-03   7.585677e-03   7.649702e-03   7.742447e-03   7.876654e-03   8.071135e-03   8.351956e-03   8.756791e-03   9.338514e-03   1.017068e-02   1.135368e-02   1.302159e-02   1.534508e-02   1.853110e-02   2.279910e-02   2.832481e-02   3.512364e-02   4.288227e-02   5.081868e-02   5.775445e-02   6.259272e-02   6.504185e-02   6.582807e-02   6.595926e-02
  100   7.380872e-03   7.391172e-03   7.395830e-03   7.402541e-03   7.412414e-03   7.426675e-03   7.447378e-03   7.477350e-03   7.521074e-03   7.584199e-03   7.675984e-03   7.809017e-03   8.000955e-03   8.278984e-03   8.679058e-03   9.254246e-03   1.007670e-02   1.124565e-02   1.289314e-02   1.518718e-02   1.832949e-02   2.253368e-02   2.796628e-02   3.463153e-02   4.220781e-02   4.991328e-02   5.659265e-02   6.119835e-02   6.349129e-02   6.420993e-02   6.432653e-02
