# Complex Love numbers for a periodic load
# Computed by ISSM on 06-Mar-2026 12:19:18
#
#        T (yr)        Re(h_2)        Im(h_2)        Re(l_2)        Im(l_2)        Re(k_2)        Im(k_2)
            Inf   5.474479e-01   0.000000e+00   1.102968e-01   0.000000e+00   3.034647e-01   0.000000e+00
   1.000000e+08   1.948038e+00  -4.702322e-03   5.281202e-01   3.479453e-03   9.665900e-01  -4.344335e-04
   8.804884e+07   1.947831e+00  -5.010528e-03   5.282213e-01   3.827124e-03   9.665789e-01  -4.791295e-04
   7.752597e+07   1.947636e+00  -5.366852e-03   5.283250e-01   4.223734e-03   9.665677e-01  -5.301055e-04
   6.826072e+07   1.947449e+00  -5.783272e-03   5.284348e-01   4.677685e-03   9.665559e-01  -5.884216e-04
   6.010277e+07   1.947263e+00  -6.271558e-03   5.285554e-01   5.197709e-03   9.665431e-01  -6.551912e-04
   5.291979e+07   1.947071e+00  -6.843223e-03   5.286929e-01   5.792844e-03   9.665287e-01  -7.315822e-04
   4.659526e+07   1.946863e+00  -7.509562e-03   5.288551e-01   6.472429e-03   9.665119e-01  -8.188202e-04
   4.102658e+07   1.946628e+00  -8.281704e-03   5.290512e-01   7.246054e-03   9.664917e-01  -9.181884e-04
   3.612343e+07   1.946353e+00  -9.170598e-03   5.292927e-01   8.123435e-03   9.664669e-01  -1.031021e-03
   3.180626e+07   1.946022e+00  -1.018685e-02   5.295937e-01   9.114149e-03   9.664361e-01  -1.158681e-03
   2.800504e+07   1.945617e+00  -1.134034e-02   5.299715e-01   1.022717e-02   9.663975e-01  -1.302524e-03
   2.465811e+07   1.945115e+00  -1.263956e-02   5.304470e-01   1.147016e-02   9.663489e-01  -1.463826e-03
   2.171118e+07   1.944488e+00  -1.409059e-02   5.310454e-01   1.284838e-02   9.662879e-01  -1.643692e-03
   1.911644e+07   1.943707e+00  -1.569562e-02   5.317963e-01   1.436324e-02   9.662114e-01  -1.842908e-03
   1.683180e+07   1.942736e+00  -1.745100e-02   5.327340e-01   1.601036e-02   9.661159e-01  -2.061758e-03
   1.482021e+07   1.941534e+00  -1.934482e-02   5.338966e-01   1.777718e-02   9.659974e-01  -2.299792e-03
   1.304902e+07   1.940061e+00  -2.135418e-02   5.353246e-01   1.964025e-02   9.658520e-01  -2.555569e-03
   1.148951e+07   1.938274e+00  -2.344247e-02   5.370578e-01   2.156262e-02   9.656754e-01  -2.826396e-03
   1.011638e+07   1.936138e+00  -2.555735e-02   5.391311e-01   2.349183e-02   9.654643e-01  -3.108150e-03
   8.907355e+06   1.933629e+00  -2.763037e-02   5.415677e-01   2.535948e-02   9.652162e-01  -3.395251e-03
   7.842822e+06   1.930742e+00  -2.957935e-02   5.443729e-01   2.708350e-02   9.649305e-01  -3.680914e-03
   6.905514e+06   1.927498e+00  -3.131436e-02   5.475264e-01   2.857395e-02   9.646093e-01  -3.957770e-03
   6.080224e+06   1.923950e+00  -3.274765e-02   5.509779e-01   2.974256e-02   9.642578e-01  -4.218859e-03
   5.353567e+06   1.920181e+00  -3.380615e-02   5.546474e-01   3.051482e-02   9.638842e-01  -4.458905e-03
   4.713753e+06   1.916299e+00  -3.444423e-02   5.584302e-01   3.084224e-02   9.634989e-01  -4.675592e-03
   4.150405e+06   1.912427e+00  -3.465294e-02   5.622086e-01   3.071129e-02   9.631141e-01  -4.870526e-03
   3.654383e+06   1.908687e+00  -3.446317e-02   5.658669e-01   3.014632e-02   9.627416e-01  -5.049578e-03
   3.217642e+06   1.905182e+00  -3.394153e-02   5.693054e-01   2.920546e-02   9.623914e-01  -5.222524e-03
   2.833096e+06   1.901991e+00  -3.318042e-02   5.724512e-01   2.797085e-02   9.620710e-01  -5.402114e-03
   2.494508e+06   1.899160e+00  -3.228538e-02   5.752630e-01   2.653618e-02   9.617846e-01  -5.602881e-03
   2.196385e+06   1.896704e+00  -3.136314e-02   5.777301e-01   2.499488e-02   9.615333e-01  -5.840022e-03
   1.933892e+06   1.894613e+00  -3.051266e-02   5.798675e-01   2.343112e-02   9.613155e-01  -6.128585e-03
   1.702769e+06   1.892860e+00  -2.982009e-02   5.817091e-01   2.191460e-02   9.611277e-01  -6.483053e-03
   1.499268e+06   1.891405e+00  -2.935737e-02   5.833014e-01   2.049860e-02   9.609652e-01  -6.917282e-03
   1.320088e+06   1.890204e+00  -2.918329e-02   5.846979e-01   1.922049e-02   9.608224e-01  -7.444715e-03
   1.162322e+06   1.889214e+00  -2.934613e-02   5.859556e-01   1.810329e-02   9.606935e-01  -8.078732e-03
   1.023411e+06   1.888391e+00  -2.988683e-02   5.871333e-01   1.715770e-02   9.605721e-01  -8.833083e-03
   9.011018e+05   1.887697e+00  -3.084223e-02   5.882910e-01   1.638361e-02   9.604520e-01  -9.722314e-03
   7.934097e+05   1.887093e+00  -3.224794e-02   5.894905e-01   1.577078e-02   9.603262e-01  -1.076217e-02
   6.985880e+05   1.886547e+00  -3.414078e-02   5.907960e-01   1.529853e-02   9.601873e-01  -1.196995e-02
   6.150986e+05   1.886026e+00  -3.656092e-02   5.922755e-01   1.493405e-02   9.600271e-01  -1.336482e-02
   5.415871e+05   1.885499e+00  -3.955350e-02   5.940013e-01   1.462940e-02   9.598359e-01  -1.496805e-02
   4.768612e+05   1.884931e+00  -4.317006e-02   5.960497e-01   1.431704e-02   9.596023e-01  -1.680326e-02
   4.198707e+05   1.884286e+00  -4.746961e-02   5.984987e-01   1.390412e-02   9.593129e-01  -1.889649e-02
   3.696913e+05   1.883523e+00  -5.251955e-02   6.014230e-01   1.326589e-02   9.589513e-01  -2.127633e-02
   3.255089e+05   1.882592e+00  -5.839617e-02   6.048860e-01   1.223920e-02   9.584977e-01  -2.397391e-02
   2.866068e+05   1.881431e+00  -6.518485e-02   6.089264e-01   1.061779e-02   9.579281e-01  -2.702285e-02
   2.523539e+05   1.879965e+00  -7.297963e-02   6.135406e-01   8.151734e-03   9.572137e-01  -3.045911e-02
   2.221947e+05   1.878100e+00  -8.188196e-02   6.186625e-01   4.553928e-03   9.563197e-01  -3.432080e-02
   1.956398e+05   1.875717e+00  -9.199827e-02   6.241422e-01  -4.836616e-04   9.552041e-01  -3.864779e-02
   1.722586e+05   1.872671e+00  -1.034359e-01   6.297300e-01  -7.263172e-03   9.538162e-01  -4.348109e-02
   1.516717e+05   1.868778e+00  -1.162970e-01   6.350708e-01  -1.604539e-02   9.520946e-01  -4.886158e-02
   1.335452e+05   1.863821e+00  -1.306696e-01   6.397132e-01  -2.701114e-02   9.499649e-01  -5.482790e-02
   1.175850e+05   1.857535e+00  -1.466158e-01   6.431341e-01  -4.022715e-02   9.473375e-01  -6.141296e-02
   1.035322e+05   1.849616e+00  -1.641559e-01   6.447743e-01  -5.562287e-02   9.441061e-01  -6.863864e-02
   9.115888e+04   1.839717e+00  -1.832499e-01   6.440783e-01  -7.298124e-02   9.401472e-01  -7.650878e-02
   8.026434e+04   1.827467e+00  -2.037756e-01   6.405331e-01  -9.194101e-02   9.353236e-01  -8.500074e-02
   7.067181e+04   1.812483e+00  -2.255072e-01   6.337018e-01  -1.120061e-01   9.294907e-01  -9.405669e-02
   6.222571e+04   1.794411e+00  -2.480979e-01   6.232560e-01  -1.325586e-01   9.225080e-01  -1.035765e-01
   5.478901e+04   1.772968e+00  -2.710748e-01   6.090106e-01  -1.528763e-01   9.142555e-01  -1.134148e-01
   4.824109e+04   1.747998e+00  -2.938537e-01   5.909614e-01  -1.721619e-01   9.046526e-01  -1.233859e-01
   4.247572e+04   1.719520e+00  -3.157810e-01   5.693222e-01  -1.895898e-01   8.936764e-01  -1.332774e-01
   3.739937e+04   1.687767e+00  -3.362047e-01   5.445482e-01  -2.043774e-01   8.813739e-01  -1.428756e-01
   3.292971e+04   1.653186e+00  -3.545648e-01   5.173282e-01  -2.158726e-01   8.678601e-01  -1.519963e-01
   2.899423e+04   1.616383e+00  -3.704834e-01   4.885363e-01  -2.236427e-01   8.533003e-01  -1.605152e-01
   2.552908e+04   1.578035e+00  -3.838251e-01   4.591413e-01  -2.275380e-01   8.378757e-01  -1.683869e-01
   2.247806e+04   1.538771e+00  -3.947053e-01   4.300904e-01  -2.277096e-01   8.217402e-01  -1.756442e-01
   1.979167e+04   1.499056e+00  -4.034358e-01   4.021968e-01  -2.245719e-01   8.049815e-01  -1.823733e-01
   1.742633e+04   1.459123e+00  -4.104196e-01   3.760586e-01  -2.187202e-01   7.875983e-01  -1.886707e-01
   1.534368e+04   1.418958e+00  -4.160229e-01   3.520254e-01  -2.108263e-01   7.695016e-01  -1.945915e-01
   1.350994e+04   1.378355e+00  -4.204568e-01   3.302137e-01  -2.015398e-01   7.505435e-01  -2.001026e-01
   1.189534e+04   1.337015e+00  -4.236978e-01   3.105578e-01  -1.914141e-01   7.305658e-01  -2.050530e-01
   1.047371e+04   1.294677e+00  -4.254650e-01   2.928779e-01  -1.808677e-01   7.094614e-01  -2.091702e-01
   9.221979e+03   1.251248e+00  -4.252616e-01   2.769485e-01  -1.701784e-01   6.872345e-01  -2.120861e-01
   8.119845e+03   1.206893e+00  -4.224729e-01   2.625537e-01  -1.595035e-01   6.640451e-01  -2.133922e-01
   7.149429e+03   1.162082e+00  -4.165029e-01   2.495217e-01  -1.489165e-01   6.402245e-01  -2.127124e-01
   6.294989e+03   1.117556e+00  -4.069175e-01   2.377379e-01  -1.384477e-01   6.162537e-01  -2.097799e-01
   5.542665e+03   1.074233e+00  -3.935570e-01   2.271390e-01  -1.281194e-01   5.927072e-01  -2.044960e-01
   4.880252e+03   1.033068e+00  -3.765893e-01   2.176938e-01  -1.179690e-01   5.701741e-01  -1.969568e-01
   4.297005e+03   9.949162e-01  -3.564916e-01   2.093804e-01  -1.080571e-01   5.491786e-01  -1.874398e-01
   3.783463e+03   9.604184e-01  -3.339727e-01   2.021675e-01  -9.846336e-02   5.301176e-01  -1.763575e-01
   3.331295e+03   9.299465e-01  -3.098624e-01   1.960027e-01  -8.927494e-02   5.132298e-01  -1.641932e-01
   2.933166e+03   9.036015e-01  -2.850002e-01   1.908110e-01  -8.057369e-02   4.985953e-01  -1.514372e-01
   2.582619e+03   8.812546e-01  -2.601474e-01   1.864982e-01  -7.242580e-02   4.861596e-01  -1.385355e-01
   2.273966e+03   8.626098e-01  -2.359325e-01   1.829591e-01  -6.487611e-02   4.757698e-01  -1.258590e-01
   2.002200e+03   8.472706e-01  -2.128297e-01   1.800855e-01  -5.794694e-02   4.672130e-01  -1.136904e-01
   1.762914e+03   8.347978e-01  -1.911627e-01   1.777730e-01  -5.164011e-02   4.602495e-01  -1.022262e-01
   1.552225e+03   8.247527e-01  -1.711238e-01   1.759258e-01  -4.594081e-02   4.546378e-01  -9.158748e-02
   1.366716e+03   8.167251e-01  -1.527997e-01   1.744589e-01  -4.082202e-02   4.501510e-01  -8.183430e-02
   1.203378e+03   8.103492e-01  -1.361986e-01   1.732995e-01  -3.624869e-02   4.465861e-01  -7.298099e-02
   1.059560e+03   8.053091e-01  -1.212732e-01   1.723861e-01  -3.218129e-02   4.437673e-01  -6.500960e-02
   9.329304e+02   8.013386e-01  -1.079411e-01   1.716684e-01  -2.857856e-02   4.415464e-01  -5.788106e-02
   8.214344e+02   7.982179e-01  -9.609912e-02   1.711049e-01  -2.539951e-02   4.398007e-01  -5.154382e-02
   7.232634e+02   7.957676e-01  -8.563494e-02   1.706623e-01  -2.260480e-02   4.384300e-01  -4.594019e-02
   6.368250e+02   7.938427e-01  -7.643441e-02   1.703140e-01  -2.015759e-02   4.373534e-01  -4.101074e-02
   5.607170e+02   7.923266e-01  -6.838682e-02   1.700385e-01  -1.802402e-02   4.365058e-01  -3.669735e-02
   4.937048e+02   7.911262e-01  -6.138814e-02   1.698185e-01  -1.617349e-02   4.358352e-01  -3.294507e-02
   4.347013e+02   7.901666e-01  -5.534284e-02   1.696403e-01  -1.457864e-02   4.352996e-01  -2.970324e-02
   3.827494e+02   7.893874e-01  -5.016483e-02   1.694926e-01  -1.321531e-02   4.348656e-01  -2.692608e-02
   3.370064e+02   7.887392e-01  -4.577773e-02   1.693660e-01  -1.206239e-02   4.345055e-01  -2.457290e-02
   2.967302e+02   7.881809e-01  -4.211469e-02   1.692523e-01  -1.110160e-02   4.341964e-01  -2.260802e-02
   2.612675e+02   7.876770e-01  -3.911795e-02   1.691445e-01  -1.031729e-02   4.339189e-01  -2.100059e-02
   2.300430e+02   7.871958e-01  -3.673820e-02   1.690358e-01  -9.696136e-03   4.336553e-01  -1.972427e-02
   2.025502e+02   7.867076e-01  -3.493367e-02   1.689195e-01  -9.226922e-03   4.333894e-01  -1.875672e-02
   1.783431e+02   7.861829e-01  -3.366917e-02   1.687888e-01  -8.900171e-03   4.331051e-01  -1.807915e-02
   1.570290e+02   7.855912e-01  -3.291484e-02   1.686361e-01  -8.707804e-03   4.327859e-01  -1.767561e-02
   1.382622e+02   7.849001e-01  -3.264471e-02   1.684533e-01  -8.642721e-03   4.324142e-01  -1.753226e-02
   1.217383e+02   7.840736e-01  -3.283494e-02   1.682312e-01  -8.698300e-03   4.319706e-01  -1.763642e-02
   1.071891e+02   7.830726e-01  -3.346182e-02   1.679594e-01  -8.867830e-03   4.314340e-01  -1.797550e-02
   9.437878e+01   7.818542e-01  -3.449944e-02   1.676267e-01  -9.143868e-03   4.307813e-01  -1.853576e-02
   8.309942e+01   7.803724e-01  -3.591724e-02   1.672210e-01  -9.517573e-03   4.299878e-01  -1.930101e-02
   7.316807e+01   7.785805e-01  -3.767769e-02   1.667302e-01  -9.978083e-03   4.290283e-01  -2.025132e-02
   6.442364e+01   7.764326e-01  -3.973437e-02   1.661425e-01  -1.051204e-02   4.278780e-01  -2.136205e-02
   5.672426e+01   7.738879e-01  -4.203108e-02   1.654478e-01  -1.110343e-02   4.265147e-01  -2.260330e-02
   4.994505e+01   7.709142e-01  -4.450224e-02   1.646386e-01  -1.173376e-02   4.249209e-01  -2.394010e-02
   4.397604e+01   7.674913e-01  -4.707493e-02   1.637110e-01  -1.238277e-02   4.230854e-01  -2.533352e-02
   3.872039e+01   7.636145e-01  -4.967241e-02   1.626654e-01  -1.302949e-02   4.210052e-01  -2.674244e-02
   3.409285e+01   7.592953e-01  -5.221857e-02   1.615069e-01  -1.365356e-02   4.186858e-01  -2.812601e-02
   3.001836e+01   7.545608e-01  -5.464267e-02   1.602446e-01  -1.423654e-02   4.161415e-01  -2.944611e-02
   2.643081e+01   7.494518e-01  -5.688329e-02   1.588912e-01  -1.476298e-02   4.133936e-01  -3.066950e-02
   2.327202e+01   7.440186e-01  -5.889113e-02   1.574617e-01  -1.522108e-02   4.104687e-01  -3.176935e-02
   2.049075e+01   7.383178e-01  -6.063028e-02   1.559723e-01  -1.560294e-02   4.073971e-01  -3.272592e-02
   1.804186e+01   7.324079e-01  -6.207801e-02   1.544393e-01  -1.590433e-02   4.042099e-01  -3.352654e-02
   1.588565e+01   7.263466e-01  -6.322362e-02   1.528782e-01  -1.612427e-02   4.009382e-01  -3.416495e-02
   1.398713e+01   7.201881e-01  -6.406659e-02   1.513034e-01  -1.626443e-02   3.976109e-01  -3.464042e-02
   1.231551e+01   7.139816e-01  -6.461449e-02   1.497274e-01  -1.632844e-02   3.942549e-01  -3.495660e-02
   1.084366e+01   7.077709e-01  -6.488097e-02   1.481611e-01  -1.632135e-02   3.908938e-01  -3.512047e-02
   9.547716e+00   7.015938e-01  -6.488392e-02   1.466135e-01  -1.624906e-02   3.875482e-01  -3.514134e-02
   8.406653e+00   6.954822e-01  -6.464394e-02   1.450920e-01  -1.611797e-02   3.842356e-01  -3.503007e-02
   7.401960e+00   6.894630e-01  -6.418311e-02   1.436025e-01  -1.593459e-02   3.809707e-01  -3.479835e-02
   6.517340e+00   6.835579e-01  -6.352406e-02   1.421496e-01  -1.570537e-02   3.777655e-01  -3.445825e-02
   5.738442e+00   6.777844e-01  -6.268926e-02   1.407369e-01  -1.543652e-02   3.746298e-01  -3.402178e-02
   5.052631e+00   6.721562e-01  -6.170050e-02   1.393667e-01  -1.513390e-02   3.715711e-01  -3.350066e-02
   4.448783e+00   6.666839e-01  -6.057860e-02   1.380410e-01  -1.480295e-02   3.685955e-01  -3.290609e-02
   3.917101e+00   6.613751e-01  -5.934312e-02   1.367607e-01  -1.444869e-02   3.657073e-01  -3.224866e-02
   3.448962e+00   6.562351e-01  -5.801230e-02   1.355263e-01  -1.407568e-02   3.629095e-01  -3.153823e-02
   3.036771e+00   6.512673e-01  -5.660294e-02   1.343381e-01  -1.368805e-02   3.602043e-01  -3.078394e-02
   2.673842e+00   6.464733e-01  -5.513043e-02   1.331957e-01  -1.328949e-02   3.575926e-01  -2.999417e-02
   2.354286e+00   6.418535e-01  -5.360875e-02   1.320986e-01  -1.288329e-02   3.550748e-01  -2.917654e-02
   2.072922e+00   6.374070e-01  -5.205052e-02   1.310461e-01  -1.247237e-02   3.526506e-01  -2.833796e-02
   1.825183e+00   6.331320e-01  -5.046707e-02   1.300372e-01  -1.205928e-02   3.503191e-01  -2.748462e-02
   1.607053e+00   6.290259e-01  -4.886848e-02   1.290709e-01  -1.164626e-02   3.480790e-01  -2.662209e-02
   1.414991e+00   6.250855e-01  -4.726372e-02   1.281460e-01  -1.123527e-02   3.459287e-01  -2.575528e-02
   1.245883e+00   6.213072e-01  -4.566068e-02   1.272613e-01  -1.082797e-02   3.438662e-01  -2.488855e-02
   1.096986e+00   6.176869e-01  -4.406626e-02   1.264155e-01  -1.042580e-02   3.418896e-01  -2.402571e-02
   9.658832e-01   6.142203e-01  -4.248648e-02   1.256072e-01  -1.002997e-02   3.399964e-01  -2.317011e-02
   8.504489e-01   6.109028e-01  -4.092650e-02   1.248353e-01  -9.641499e-03   3.381843e-01  -2.232461e-02
   7.488104e-01   6.077297e-01  -3.939077e-02   1.240983e-01  -9.261240e-03   3.364507e-01  -2.149168e-02
   6.593188e-01   6.046962e-01  -3.788302e-02   1.233949e-01  -8.889875e-03   3.347931e-01  -2.067342e-02
   5.805226e-01   6.017975e-01  -3.640639e-02   1.227238e-01  -8.527956e-03   3.332088e-01  -1.987159e-02
   5.111433e-01   5.990287e-01  -3.496346e-02   1.220838e-01  -8.175909e-03   3.316953e-01  -1.908764e-02
   4.500558e-01   5.963849e-01  -3.355633e-02   1.214734e-01  -7.834055e-03   3.302499e-01  -1.832275e-02
   3.962689e-01   5.938614e-01  -3.218662e-02   1.208916e-01  -7.502617e-03   3.288702e-01  -1.757787e-02
   3.489101e-01   5.914535e-01  -3.085559e-02   1.203370e-01  -7.181738e-03   3.275534e-01  -1.685371e-02
   3.072113e-01   5.891565e-01  -2.956415e-02   1.198086e-01  -6.871489e-03   3.262971e-01  -1.615081e-02
   2.704960e-01   5.869659e-01  -2.831289e-02   1.193051e-01  -6.571875e-03   3.250989e-01  -1.546952e-02
   2.381686e-01   5.848773e-01  -2.710213e-02   1.188256e-01  -6.282852e-03   3.239564e-01  -1.481005e-02
   2.097046e-01   5.828863e-01  -2.593196e-02   1.183689e-01  -6.004327e-03   3.228672e-01  -1.417249e-02
   1.846425e-01   5.809888e-01  -2.480227e-02   1.179340e-01  -5.736168e-03   3.218290e-01  -1.355679e-02
   1.625756e-01   5.791808e-01  -2.371277e-02   1.175199e-01  -5.478210e-03   3.208397e-01  -1.296282e-02
   1.431459e-01   5.774583e-01  -2.266301e-02   1.171256e-01  -5.230262e-03   3.198971e-01  -1.239036e-02
   1.260383e-01   5.758175e-01  -2.165241e-02   1.167504e-01  -4.992108e-03   3.189991e-01  -1.183912e-02
   1.109752e-01   5.742548e-01  -2.068030e-02   1.163932e-01  -4.763515e-03   3.181439e-01  -1.130874e-02
   9.771242e-02   5.727667e-01  -1.974590e-02   1.160532e-01  -4.544234e-03   3.173294e-01  -1.079882e-02
   8.603464e-02   5.713498e-01  -1.884835e-02   1.157298e-01  -4.334005e-03   3.165538e-01  -1.030890e-02
   7.575250e-02   5.700008e-01  -1.798674e-02   1.154219e-01  -4.132560e-03   3.158154e-01  -9.838516e-03
   6.669920e-02   5.687167e-01  -1.716011e-02   1.151291e-01  -3.939623e-03   3.151125e-01  -9.387138e-03
   5.872787e-02   5.674944e-01  -1.636746e-02   1.148504e-01  -3.754916e-03   3.144434e-01  -8.954236e-03
   5.170920e-02   5.663312e-01  -1.560775e-02   1.145853e-01  -3.578157e-03   3.138065e-01  -8.539256e-03
   4.552935e-02   5.652241e-01  -1.487993e-02   1.143332e-01  -3.409063e-03   3.132004e-01  -8.141634e-03
   4.008806e-02   5.641707e-01  -1.418294e-02   1.140933e-01  -3.247354e-03   3.126236e-01  -7.760796e-03
   3.529707e-02   5.631683e-01  -1.351571e-02   1.138651e-01  -3.092749e-03   3.120748e-01  -7.396164e-03
   3.107866e-02   5.622147e-01  -1.287715e-02   1.136481e-01  -2.944971e-03   3.115526e-01  -7.047156e-03
   2.736440e-02   5.613074e-01  -1.226620e-02   1.134417e-01  -2.803746e-03   3.110558e-01  -6.713191e-03
   2.409404e-02   5.604443e-01  -1.168177e-02   1.132455e-01  -2.668803e-03   3.105832e-01  -6.393690e-03
   2.121452e-02   5.596232e-01  -1.112281e-02   1.130588e-01  -2.539877e-03   3.101336e-01  -6.088077e-03
   1.867914e-02   5.588423e-01  -1.058827e-02   1.128813e-01  -2.416705e-03   3.097059e-01  -5.795783e-03
   1.644676e-02   5.580996e-01  -1.007711e-02   1.127126e-01  -2.299031e-03   3.092992e-01  -5.516242e-03
   1.448118e-02   5.573932e-01  -9.588290e-03   1.125521e-01  -2.186603e-03   3.089123e-01  -5.248894e-03
   1.275051e-02   5.567215e-01  -9.120800e-03   1.123995e-01  -2.079173e-03   3.085444e-01  -4.993189e-03
   1.122668e-02   5.560827e-01  -8.673636e-03   1.122545e-01  -1.976497e-03   3.081946e-01  -4.748579e-03
   9.884959e-03   5.554754e-01  -8.245806e-03   1.121166e-01  -1.878338e-03   3.078620e-01  -4.514526e-03
   8.703591e-03   5.548981e-01  -7.836331e-03   1.119856e-01  -1.784459e-03   3.075458e-01  -4.290497e-03
   7.663411e-03   5.543494e-01  -7.444243e-03   1.118610e-01  -1.694630e-03   3.072452e-01  -4.075963e-03
   6.747544e-03   5.538279e-01  -7.068582e-03   1.117427e-01  -1.608623e-03   3.069596e-01  -3.870404e-03
   5.941134e-03   5.533324e-01  -6.708400e-03   1.116303e-01  -1.526213e-03   3.066882e-01  -3.673300e-03
   5.231099e-03   5.528618e-01  -6.362754e-03   1.115235e-01  -1.447179e-03   3.064304e-01  -3.484138e-03
   4.605922e-03   5.524150e-01  -6.030710e-03   1.114222e-01  -1.371299e-03   3.061857e-01  -3.302408e-03
   4.055461e-03   5.519910e-01  -5.711343e-03   1.113261e-01  -1.298359e-03   3.059535e-01  -3.127606e-03
   3.570786e-03   5.515891e-01  -5.403737e-03   1.112349e-01  -1.228143e-03   3.057333e-01  -2.959231e-03
   3.144035e-03   5.512083e-01  -5.106991e-03   1.111486e-01  -1.160442e-03   3.055247e-01  -2.796791e-03
   2.768287e-03   5.508481e-01  -4.820226e-03   1.110670e-01  -1.095052e-03   3.053274e-01  -2.639807e-03
   2.437444e-03   5.505079e-01  -4.542597e-03   1.109899e-01  -1.031776e-03   3.051410e-01  -2.487815e-03
   2.146141e-03   5.501873e-01  -4.273308e-03   1.109172e-01  -9.704303e-04   3.049654e-01  -2.340382e-03
   1.889652e-03   5.498860e-01  -4.011638e-03   1.108489e-01  -9.108477e-04   3.048004e-01  -2.197113e-03
   1.663817e-03   5.496039e-01  -3.756968e-03   1.107850e-01  -8.528846e-04   3.046459e-01  -2.057670e-03
   1.464971e-03   5.493411e-01  -3.508822e-03   1.107255e-01  -7.964302e-04   3.045019e-01  -1.921793e-03
   1.289890e-03   5.490975e-01  -3.266905e-03   1.106703e-01  -7.414151e-04   3.043684e-01  -1.789322e-03
   1.135733e-03   5.488734e-01  -3.031147e-03   1.106195e-01  -6.878209e-04   3.042456e-01  -1.660217e-03
   1.000000e-03   5.486689e-01  -2.801734e-03   1.105732e-01  -6.356875e-04   3.041336e-01  -1.534583e-03
