# Complex Love numbers for a periodic load
# Computed by ISSM on 06-Mar-2026 12:18:43
#
#        T (yr)        Re(h_2)        Im(h_2)        Re(l_2)        Im(l_2)        Re(k_2)        Im(k_2)
            Inf   5.474479e-01   0.000000e+00   1.102968e-01   0.000000e+00   3.034647e-01   0.000000e+00
   1.000000e+08   1.948037e+00  -4.701867e-03   5.281208e-01   3.479229e-03   9.665899e-01  -4.344089e-04
   8.804884e+07   1.947831e+00  -5.010029e-03   5.282221e-01   3.826863e-03   9.665788e-01  -4.791011e-04
   7.752597e+07   1.947635e+00  -5.366300e-03   5.283261e-01   4.223423e-03   9.665675e-01  -5.300721e-04
   6.826072e+07   1.947448e+00  -5.782650e-03   5.284362e-01   4.677306e-03   9.665557e-01  -5.883813e-04
   6.010277e+07   1.947261e+00  -6.270839e-03   5.285572e-01   5.197231e-03   9.665429e-01  -6.551412e-04
   5.291979e+07   1.947069e+00  -6.842364e-03   5.286953e-01   5.792226e-03   9.665285e-01  -7.315184e-04
   4.659526e+07   1.946860e+00  -7.508502e-03   5.288581e-01   6.471609e-03   9.665116e-01  -8.187365e-04
   4.102658e+07   1.946624e+00  -8.280354e-03   5.290550e-01   7.244943e-03   9.664912e-01  -9.180761e-04
   3.612343e+07   1.946349e+00  -9.168830e-03   5.292976e-01   8.121906e-03   9.664663e-01  -1.030867e-03
   3.180626e+07   1.946016e+00  -1.018448e-02   5.296000e-01   9.112018e-03   9.664353e-01  -1.158469e-03
   2.800504e+07   1.945609e+00  -1.133711e-02   5.299796e-01   1.022418e-02   9.663965e-01  -1.302227e-03
   2.465811e+07   1.945105e+00  -1.263512e-02   5.304572e-01   1.146594e-02   9.663478e-01  -1.463410e-03
   2.171118e+07   1.944476e+00  -1.408443e-02   5.310582e-01   1.284242e-02   9.662865e-01  -1.643106e-03
   1.911644e+07   1.943692e+00  -1.568705e-02   5.318122e-01   1.435485e-02   9.662096e-01  -1.842083e-03
   1.683180e+07   1.942717e+00  -1.743909e-02   5.327535e-01   1.599857e-02   9.661136e-01  -2.060602e-03
   1.482021e+07   1.941512e+00  -1.932835e-02   5.339203e-01   1.776073e-02   9.659947e-01  -2.298184e-03
   1.304902e+07   1.940034e+00  -2.133156e-02   5.353529e-01   1.961750e-02   9.658487e-01  -2.553349e-03
   1.148951e+07   1.938243e+00  -2.341174e-02   5.370908e-01   2.153154e-02   9.656715e-01  -2.823369e-03
   1.011638e+07   1.936103e+00  -2.551619e-02   5.391684e-01   2.344997e-02   9.654598e-01  -3.104084e-03
   8.907355e+06   1.933591e+00  -2.757624e-02   5.416085e-01   2.530411e-02   9.652110e-01  -3.389888e-03
   7.842822e+06   1.930703e+00  -2.950964e-02   5.444153e-01   2.701178e-02   9.649249e-01  -3.673992e-03
   6.905514e+06   1.927461e+00  -3.122678e-02   5.475677e-01   2.848325e-02   9.646034e-01  -3.949053e-03
   6.080224e+06   1.923918e+00  -3.264059e-02   5.510147e-01   2.963084e-02   9.642518e-01  -4.208180e-03
   5.353567e+06   1.920157e+00  -3.367916e-02   5.546753e-01   3.038103e-02   9.638782e-01  -4.446202e-03
   4.713753e+06   1.916289e+00  -3.429821e-02   5.584446e-01   3.068659e-02   9.634933e-01  -4.660940e-03
   4.150405e+06   1.912434e+00  -3.449029e-02   5.622055e-01   3.053535e-02   9.631089e-01  -4.854139e-03
   3.654383e+06   1.908713e+00  -3.428754e-02   5.658428e-01   2.995277e-02   9.627366e-01  -5.031790e-03
   3.217642e+06   1.905229e+00  -3.375738e-02   5.692584e-01   2.899768e-02   9.623863e-01  -5.203739e-03
   2.833096e+06   1.902058e+00  -3.299244e-02   5.723806e-01   2.775232e-02   9.620651e-01  -5.382749e-03
   2.494508e+06   1.899243e+00  -3.209797e-02   5.751697e-01   2.630993e-02   9.617768e-01  -5.583309e-03
   2.196385e+06   1.896799e+00  -3.118001e-02   5.776159e-01   2.476302e-02   9.615221e-01  -5.820522e-03
   1.933892e+06   1.894714e+00  -3.033658e-02   5.797352e-01   2.319453e-02   9.612991e-01  -6.109311e-03
   1.702769e+06   1.892958e+00  -2.965280e-02   5.815619e-01   2.167270e-02   9.611036e-01  -6.464004e-03
   1.499268e+06   1.891492e+00  -2.919960e-02   5.831426e-01   2.024919e-02   9.609303e-01  -6.898288e-03
   1.320088e+06   1.890269e+00  -2.903482e-02   5.845306e-01   1.895953e-02   9.607730e-01  -7.425403e-03
   1.162322e+06   1.889244e+00  -2.920586e-02   5.857827e-01   1.782468e-02   9.606245e-01  -8.058490e-03
   1.023411e+06   1.888370e+00  -2.975276e-02   5.869568e-01   1.685280e-02   9.604776e-01  -8.810987e-03
   9.011018e+05   1.887605e+00  -3.071136e-02   5.881118e-01   1.604057e-02   9.603241e-01  -9.697023e-03
   7.934097e+05   1.886907e+00  -3.211603e-02   5.893072e-01   1.537365e-02   9.601551e-01  -1.073176e-02
   6.985880e+05   1.886236e+00  -3.400196e-02   5.906039e-01   1.482605e-02   9.599605e-01  -1.193168e-02
   6.150986e+05   1.885552e+00  -3.640696e-02   5.920642e-01   1.435819e-02   9.597286e-01  -1.331477e-02
   5.415871e+05   1.884812e+00  -3.937280e-02   5.937514e-01   1.391384e-02   9.594455e-01  -1.490065e-02
   4.768612e+05   1.883971e+00  -4.294609e-02   5.957275e-01   1.341592e-02   9.590945e-01  -1.671056e-02
   4.198707e+05   1.882974e+00  -4.717858e-02   5.980487e-01   1.276167e-02   9.586554e-01  -1.876721e-02
   3.696913e+05   1.881758e+00  -5.212702e-02   6.007582e-01   1.181826e-02   9.581034e-01  -2.109452e-02
   3.255089e+05   1.880248e+00  -5.785214e-02   6.038744e-01   1.042005e-02   9.574088e-01  -2.371704e-02
   2.866068e+05   1.878349e+00  -6.441666e-02   6.073765e-01   8.370008e-03   9.565351e-01  -2.665931e-02
   2.523539e+05   1.875948e+00  -7.188193e-02   6.111872e-01   5.447512e-03   9.554389e-01  -2.994467e-02
   2.221947e+05   1.872904e+00  -8.030277e-02   6.151560e-01   1.424899e-03   9.540678e-01  -3.359381e-02
   1.956398e+05   1.869049e+00  -8.972002e-02   6.190484e-01  -3.906741e-03   9.523598e-01  -3.762262e-02
   1.722586e+05   1.864184e+00  -1.001505e-01   6.225447e-01  -1.070456e-02   9.502421e-01  -4.203923e-02
   1.516717e+05   1.858077e+00  -1.115744e-01   6.252535e-01  -1.903888e-02   9.476308e-01  -4.683996e-02
   1.335452e+05   1.850473e+00  -1.239198e-01   6.267403e-01  -2.886319e-02   9.444311e-01  -5.200408e-02
   1.175850e+05   1.841099e+00  -1.370464e-01   6.265678e-01  -3.999587e-02   9.405402e-01  -5.748759e-02
   1.035322e+05   1.829685e+00  -1.507303e-01   6.243418e-01  -5.211753e-02   9.358528e-01  -6.321679e-02
   9.115888e+04   1.815991e+00  -1.646531e-01   6.197564e-01  -6.478461e-02   9.302700e-01  -6.908286e-02
   8.026434e+04   1.799843e+00  -1.784013e-01   6.126344e-01  -7.745748e-02   9.237117e-01  -7.493976e-02
   7.067181e+04   1.781168e+00  -1.914802e-01   6.029575e-01  -8.954122e-02   9.161311e-01  -8.060708e-02
   6.222571e+04   1.760034e+00  -2.033460e-01   5.908837e-01  -1.004371e-01   9.075290e-01  -8.587968e-02
   5.478901e+04   1.736666e+00  -2.134545e-01   5.767471e-01  -1.096012e-01   8.979630e-01  -9.054351e-02
   4.824109e+04   1.711449e+00  -2.213187e-01   5.610337e-01  -1.166032e-01   8.875508e-01  -9.439535e-02
   4.247572e+04   1.684900e+00  -2.265629e-01   5.443349e-01  -1.211743e-01   8.764645e-01  -9.726230e-02
   3.739937e+04   1.657623e+00  -2.289603e-01   5.272834e-01  -1.232323e-01   8.649173e-01  -9.901687e-02
   3.292971e+04   1.630249e+00  -2.284466e-01   5.104849e-01  -1.228780e-01   8.531479e-01  -9.958532e-02
   2.899423e+04   1.603390e+00  -2.251112e-01   4.944596e-01  -1.203652e-01   8.414043e-01  -9.895002e-02
   2.552908e+04   1.577599e+00  -2.191749e-01   4.796053e-01  -1.160523e-01   8.299302e-01  -9.714798e-02
   2.247806e+04   1.553343e+00  -2.109619e-01   4.661840e-01  -1.103497e-01   8.189530e-01  -9.426770e-02
   1.979167e+04   1.530989e+00  -2.008721e-01   4.543287e-01  -1.036733e-01   8.086716e-01  -9.044412e-02
   1.742633e+04   1.510793e+00  -1.893534e-01   4.440635e-01  -9.640955e-02   7.992449e-01  -8.585063e-02
   1.534368e+04   1.492898e+00  -1.768726e-01   4.353298e-01  -8.889329e-02   7.907825e-01  -8.068663e-02
   1.350994e+04   1.477332e+00  -1.638859e-01   4.280121e-01  -8.139799e-02   7.833390e-01  -7.516162e-02
   1.189534e+04   1.464027e+00  -1.508107e-01   4.219618e-01  -7.413408e-02   7.769162e-01  -6.947839e-02
   1.047371e+04   1.452832e+00  -1.380047e-01   4.170159e-01  -6.725350e-02   7.714704e-01  -6.381853e-02
   9.221979e+03   1.443544e+00  -1.257532e-01   4.130113e-01  -6.085760e-02   7.669241e-01  -5.833289e-02
   8.119845e+03   1.435932e+00  -1.142672e-01   4.097943e-01  -5.500662e-02   7.631794e-01  -5.313748e-02
   7.149429e+03   1.429757e+00  -1.036884e-01   4.072259e-01  -4.972923e-02   7.601296e-01  -4.831438e-02
   6.294989e+03   1.424789e+00  -9.410028e-02   4.051846e-01  -4.503121e-02   7.576685e-01  -4.391577e-02
   5.542665e+03   1.420817e+00  -8.554016e-02   4.035669e-01  -4.090290e-02   7.556967e-01  -3.996978e-02
   4.880252e+03   1.417655e+00  -7.801227e-02   4.022858e-01  -3.732514e-02   7.541251e-01  -3.648649e-02
   4.297005e+03   1.415145e+00  -7.149867e-02   4.012695e-01  -3.427384e-02   7.528765e-01  -3.346360e-02
   3.783463e+03   1.413151e+00  -6.596850e-02   4.004589e-01  -3.172337e-02   7.518854e-01  -3.089112e-02
   3.331295e+03   1.411562e+00  -6.138506e-02   3.998057e-01  -2.964894e-02   7.510970e-01  -2.875508e-02
   2.933166e+03   1.410285e+00  -5.771122e-02   3.992701e-01  -2.802828e-02   7.504660e-01  -2.704038e-02
   2.582619e+03   1.409246e+00  -5.491313e-02   3.988188e-01  -2.684270e-02   7.499551e-01  -2.573277e-02
   2.273966e+03   1.408379e+00  -5.296296e-02   3.984237e-01  -2.607785e-02   7.495333e-01  -2.482038e-02
   2.002200e+03   1.407631e+00  -5.184069e-02   3.980595e-01  -2.572409e-02   7.491746e-01  -2.429466e-02
   1.762914e+03   1.406955e+00  -5.153530e-02   3.977033e-01  -2.577676e-02   7.488565e-01  -2.415109e-02
   1.552225e+03   1.406308e+00  -5.204564e-02   3.973324e-01  -2.623622e-02   7.485589e-01  -2.438968e-02
   1.366716e+03   1.405650e+00  -5.338084e-02   3.969234e-01  -2.710784e-02   7.482628e-01  -2.501521e-02
   1.203378e+03   1.404938e+00  -5.556064e-02   3.964506e-01  -2.840174e-02   7.479494e-01  -2.603753e-02
   1.059560e+03   1.404127e+00  -5.861542e-02   3.958848e-01  -3.013251e-02   7.475989e-01  -2.747161e-02
   9.329304e+02   1.403167e+00  -6.258605e-02   3.951918e-01  -3.231857e-02   7.471890e-01  -2.933761e-02
   8.214344e+02   1.401997e+00  -6.752335e-02   3.943307e-01  -3.498130e-02   7.466944e-01  -3.166075e-02
   7.232634e+02   1.400548e+00  -7.348717e-02   3.932518e-01  -3.814371e-02   7.460846e-01  -3.447107e-02
   6.368250e+02   1.398733e+00  -8.054482e-02   3.918955e-01  -4.182853e-02   7.453229e-01  -3.780297e-02
   5.607170e+02   1.396447e+00  -8.876851e-02   3.901901e-01  -4.605557e-02   7.443646e-01  -4.169432e-02
   4.937048e+02   1.393563e+00  -9.823172e-02   3.880502e-01  -5.083813e-02   7.431552e-01  -4.618522e-02
   4.347013e+02   1.389928e+00  -1.090039e-01   3.853765e-01  -5.617837e-02   7.416285e-01  -5.131610e-02
   3.827494e+02   1.385360e+00  -1.211435e-01   3.820551e-01  -6.206145e-02   7.397049e-01  -5.712504e-02
   3.370064e+02   1.379645e+00  -1.346885e-01   3.779602e-01  -6.844856e-02   7.372905e-01  -6.364433e-02
   2.967302e+02   1.372543e+00  -1.496461e-01   3.729585e-01  -7.526926e-02   7.342761e-01  -7.089614e-02
   2.612675e+02   1.363787e+00  -1.659801e-01   3.669172e-01  -8.241392e-02   7.305382e-01  -7.888759e-02
   2.300430e+02   1.353097e+00  -1.836001e-01   3.597164e-01  -8.972790e-02   7.259416e-01  -8.760558e-02
   2.025502e+02   1.340193e+00  -2.023525e-01   3.512663e-01  -9.701005e-02   7.203428e-01  -9.701235e-02
   1.783431e+02   1.324813e+00  -2.220185e-01   3.415263e-01  -1.040184e-01   7.135961e-01  -1.070423e-01
   1.570290e+02   1.306732e+00  -2.423191e-01   3.305239e-01  -1.104852e-01   7.055588e-01  -1.176012e-01
   1.382622e+02   1.285777e+00  -2.629285e-01   3.183674e-01  -1.161426e-01   6.960963e-01  -1.285665e-01
   1.217383e+02   1.261827e+00  -2.834903e-01   3.052457e-01  -1.207538e-01   6.850838e-01  -1.397891e-01
   1.071891e+02   1.234810e+00  -3.036305e-01   2.914128e-01  -1.241443e-01   6.724064e-01  -1.510914e-01
   9.437878e+01   1.204686e+00  -3.229571e-01   2.771573e-01  -1.262228e-01   6.579598e-01  -1.622616e-01
   8.309942e+01   1.171444e+00  -3.410429e-01   2.627661e-01  -1.269838e-01   6.416554e-01  -1.730420e-01
   7.316807e+01   1.135107e+00  -3.573976e-01   2.484911e-01  -1.264928e-01   6.234372e-01  -1.831163e-01
   6.442364e+01   1.095778e+00  -3.714446e-01   2.345316e-01  -1.248579e-01   6.033107e-01  -1.921030e-01
   5.672426e+01   1.053698e+00  -3.825241e-01   2.210336e-01  -1.221998e-01   5.813820e-01  -1.995662e-01
   4.994505e+01   1.009319e+00  -3.899392e-01   2.081046e-01  -1.186310e-01   5.578957e-01  -2.050493e-01
   4.397604e+01   9.633428e-01  -3.930470e-01   1.958339e-01  -1.142491e-01   5.332558e-01  -2.081329e-01
   3.872039e+01   9.167191e-01  -3.913765e-01   1.843079e-01  -1.091439e-01   5.080167e-01  -2.085046e-01
   3.409285e+01   8.705681e-01  -3.847385e-01   1.736160e-01  -1.034108e-01   4.828371e-01  -2.060226e-01
   3.001836e+01   8.260577e-01  -3.732919e-01   1.638442e-01  -9.716372e-02   4.584055e-01  -2.007523e-01
   2.643081e+01   7.842587e-01  -3.575404e-01   1.550620e-01  -9.053951e-02   4.353555e-01  -1.929633e-01
   2.327202e+01   7.460196e-01  -3.382635e-01   1.473089e-01  -8.369273e-02   4.141933e-01  -1.830888e-01
   2.049075e+01   7.118925e-01  -3.164033e-01   1.405861e-01  -7.678363e-02   3.952548e-01  -1.716590e-01
   1.804186e+01   6.821180e-01  -2.929412e-01   1.348562e-01  -6.996370e-02   3.786965e-01  -1.592305e-01
   1.588565e+01   6.566612e-01  -2.687930e-01   1.300493e-01  -6.336352e-02   3.645158e-01  -1.463258e-01
   1.398713e+01   6.352761e-01  -2.447396e-01   1.260730e-01  -5.708538e-02   3.525876e-01  -1.333923e-01
   1.231551e+01   6.175800e-01  -2.213932e-01   1.228236e-01  -5.120103e-02   3.427070e-01  -1.207831e-01
   1.084366e+01   6.031207e-01  -1.991945e-01   1.201955e-01  -4.575356e-02   3.346271e-01  -1.087546e-01
   9.547716e+00   5.914296e-01  -1.784297e-01   1.180879e-01  -4.076171e-02   3.280899e-01  -9.747571e-02
   8.406653e+00   5.820576e-01  -1.592567e-01   1.164095e-01  -3.622522e-02   3.228468e-01  -8.704228e-02
   7.401960e+00   5.745969e-01  -1.417344e-01   1.150804e-01  -3.213003e-02   3.186713e-01  -7.749383e-02
   6.517340e+00   5.686909e-01  -1.258500e-01   1.140327e-01  -2.845295e-02   3.153649e-01  -6.882874e-02
   5.738442e+00   5.640364e-01  -1.115420e-01   1.132098e-01  -2.516527e-02   3.127585e-01  -6.101724e-02
   5.052631e+00   5.603813e-01  -9.871847e-02   1.125653e-01  -2.223559e-02   3.107113e-01  -5.401177e-02
   4.448783e+00   5.575191e-01  -8.727031e-02   1.120617e-01  -1.963180e-02   3.091079e-01  -4.775464e-02
   3.917101e+00   5.552826e-01  -7.708133e-02   1.116688e-01  -1.732243e-02   3.078550e-01  -4.218366e-02
   3.448962e+00   5.535381e-01  -6.803469e-02   1.113627e-01  -1.527749e-02   3.068776e-01  -3.723585e-02
   3.036771e+00   5.521793e-01  -6.001729e-02   1.111245e-01  -1.346899e-02   3.061162e-01  -3.284997e-02
   2.673842e+00   5.511219e-01  -5.292233e-02   1.109393e-01  -1.187116e-02   3.055237e-01  -2.896804e-02
   2.354286e+00   5.502998e-01  -4.665078e-02   1.107954e-01  -1.046055e-02   3.050630e-01  -2.553617e-02
   2.072922e+00   5.496610e-01  -4.111192e-02   1.106837e-01  -9.215947e-03   3.047050e-01  -2.250493e-02
   1.825183e+00   5.491649e-01  -3.622350e-02   1.105969e-01  -8.118333e-03   3.044270e-01  -1.982944e-02
   1.607053e+00   5.487798e-01  -3.191141e-02   1.105296e-01  -7.150694e-03   3.042112e-01  -1.746923e-02
   1.414991e+00   5.484809e-01  -2.810927e-02   1.104773e-01  -6.297877e-03   3.040437e-01  -1.538805e-02
   1.245883e+00   5.482491e-01  -2.475785e-02   1.104368e-01  -5.546419e-03   3.039137e-01  -1.355350e-02
   1.096986e+00   5.480692e-01  -2.180443e-02   1.104054e-01  -4.884385e-03   3.038129e-01  -1.193677e-02
   9.658832e-01   5.479296e-01  -1.920226e-02   1.103810e-01  -4.301209e-03   3.037347e-01  -1.051229e-02
   8.504489e-01   5.478214e-01  -1.690990e-02   1.103621e-01  -3.787551e-03   3.036740e-01  -9.257385e-03
   7.488104e-01   5.477375e-01  -1.489070e-02   1.103474e-01  -3.335158e-03   3.036270e-01  -8.151999e-03
   6.593188e-01   5.476724e-01  -1.311227e-02   1.103360e-01  -2.936747e-03   3.035905e-01  -7.178409e-03
   5.805226e-01   5.476220e-01  -1.154601e-02   1.103272e-01  -2.585895e-03   3.035623e-01  -6.320962e-03
   5.111433e-01   5.475829e-01  -1.016668e-02   1.103204e-01  -2.276934e-03   3.035403e-01  -5.565846e-03
   4.500558e-01   5.475525e-01  -8.952017e-03   1.103151e-01  -2.004871e-03   3.035233e-01  -4.900875e-03
   3.962689e-01   5.475290e-01  -7.882404e-03   1.103110e-01  -1.765305e-03   3.035102e-01  -4.315309e-03
   3.489101e-01   5.475108e-01  -6.940540e-03   1.103078e-01  -1.554357e-03   3.034999e-01  -3.799678e-03
   3.072113e-01   5.474966e-01  -6.111184e-03   1.103053e-01  -1.368611e-03   3.034920e-01  -3.345640e-03
   2.704960e-01   5.474857e-01  -5.380908e-03   1.103034e-01  -1.205059e-03   3.034859e-01  -2.945843e-03
   2.381686e-01   5.474772e-01  -4.737883e-03   1.103019e-01  -1.061049e-03   3.034811e-01  -2.593812e-03
   2.097046e-01   5.474706e-01  -4.171689e-03   1.103008e-01  -9.342469e-04   3.034774e-01  -2.283843e-03
   1.846425e-01   5.474655e-01  -3.673149e-03   1.102999e-01  -8.225975e-04   3.034746e-01  -2.010912e-03
   1.625756e-01   5.474615e-01  -3.234183e-03   1.102992e-01  -7.242902e-04   3.034723e-01  -1.770595e-03
   1.431459e-01   5.474585e-01  -2.847673e-03   1.102987e-01  -6.377309e-04   3.034706e-01  -1.558995e-03
   1.260383e-01   5.474561e-01  -2.507351e-03   1.102982e-01  -5.615159e-04   3.034693e-01  -1.372681e-03
   1.109752e-01   5.474542e-01  -2.207699e-03   1.102979e-01  -4.944091e-04   3.034682e-01  -1.208633e-03
   9.771242e-02   5.474528e-01  -1.943857e-03   1.102977e-01  -4.353220e-04   3.034674e-01  -1.064190e-03
   8.603464e-02   5.474517e-01  -1.711546e-03   1.102975e-01  -3.832964e-04   3.034668e-01  -9.370081e-04
   7.575250e-02   5.474508e-01  -1.506998e-03   1.102973e-01  -3.374883e-04   3.034663e-01  -8.250258e-04
   6.669920e-02   5.474502e-01  -1.326896e-03   1.102972e-01  -2.971547e-04   3.034660e-01  -7.264263e-04
   5.872787e-02   5.474497e-01  -1.168317e-03   1.102971e-01  -2.616414e-04   3.034657e-01  -6.396103e-04
   5.170920e-02   5.474493e-01  -1.028690e-03   1.102971e-01  -2.303723e-04   3.034655e-01  -5.631698e-04
   4.552935e-02   5.474489e-01  -9.057500e-04   1.102970e-01  -2.028402e-04   3.034653e-01  -4.958647e-04
   4.008806e-02   5.474487e-01  -7.975026e-04   1.102970e-01  -1.785984e-04   3.034651e-01  -4.366032e-04
   3.529707e-02   5.474485e-01  -7.021919e-04   1.102969e-01  -1.572539e-04   3.034650e-01  -3.844241e-04
   3.107866e-02   5.474484e-01  -6.182719e-04   1.102969e-01  -1.384602e-04   3.034650e-01  -3.384811e-04
   2.736440e-02   5.474483e-01  -5.443813e-04   1.102969e-01  -1.219126e-04   3.034649e-01  -2.980287e-04
   2.409404e-02   5.474482e-01  -4.793215e-04   1.102969e-01  -1.073427e-04   3.034648e-01  -2.624108e-04
   2.121452e-02   5.474481e-01  -4.220370e-04   1.102969e-01  -9.451397e-05   3.034648e-01  -2.310497e-04
   1.867914e-02   5.474481e-01  -3.715987e-04   1.102968e-01  -8.321845e-05   3.034648e-01  -2.034366e-04
   1.644676e-02   5.474480e-01  -3.271884e-04   1.102968e-01  -7.327288e-05   3.034648e-01  -1.791235e-04
   1.448118e-02   5.474480e-01  -2.880856e-04   1.102968e-01  -6.451592e-05   3.034647e-01  -1.577162e-04
   1.275051e-02   5.474480e-01  -2.536560e-04   1.102968e-01  -5.680552e-05   3.034647e-01  -1.388673e-04
   1.122668e-02   5.474479e-01  -2.233411e-04   1.102968e-01  -5.001660e-05   3.034647e-01  -1.222710e-04
   9.884959e-03   5.474479e-01  -1.966493e-04   1.102968e-01  -4.403903e-05   3.034647e-01  -1.076582e-04
   8.703591e-03   5.474479e-01  -1.731474e-04   1.102968e-01  -3.877586e-05   3.034647e-01  -9.479181e-05
   7.663411e-03   5.474479e-01  -1.524543e-04   1.102968e-01  -3.414169e-05   3.034647e-01  -8.346309e-05
   6.747544e-03   5.474479e-01  -1.342342e-04   1.102968e-01  -3.006136e-05   3.034647e-01  -7.348828e-05
   5.941134e-03   5.474479e-01  -1.181917e-04   1.102968e-01  -2.646868e-05   3.034647e-01  -6.470558e-05
   5.231099e-03   5.474479e-01  -1.040664e-04   1.102968e-01  -2.330536e-05   3.034647e-01  -5.697251e-05
   4.605922e-03   5.474479e-01  -9.162924e-05   1.102968e-01  -2.052010e-05   3.034647e-01  -5.016363e-05
   4.055461e-03   5.474479e-01  -8.067848e-05   1.102968e-01  -1.806771e-05   3.034647e-01  -4.416849e-05
   3.570786e-03   5.474479e-01  -7.103647e-05   1.102968e-01  -1.590841e-05   3.034647e-01  -3.888984e-05
   3.144035e-03   5.474479e-01  -6.254678e-05   1.102968e-01  -1.400717e-05   3.034647e-01  -3.424205e-05
   2.768287e-03   5.474479e-01  -5.507171e-05   1.102968e-01  -1.233315e-05   3.034647e-01  -3.014973e-05
   2.437444e-03   5.474479e-01  -4.849000e-05   1.102968e-01  -1.085919e-05   3.034647e-01  -2.654649e-05
   2.146141e-03   5.474479e-01  -4.269488e-05   1.102968e-01  -9.561394e-06   3.034647e-01  -2.337387e-05
   1.889652e-03   5.474479e-01  -3.759235e-05   1.102968e-01  -8.418696e-06   3.034647e-01  -2.058042e-05
   1.663817e-03   5.474479e-01  -3.309962e-05   1.102968e-01  -7.412564e-06   3.034647e-01  -1.812082e-05
   1.464971e-03   5.474479e-01  -2.914383e-05   1.102968e-01  -6.526676e-06   3.034647e-01  -1.595517e-05
   1.289890e-03   5.474479e-01  -2.566081e-05   1.102968e-01  -5.746662e-06   3.034647e-01  -1.404834e-05
   1.135733e-03   5.474479e-01  -2.259404e-05   1.102968e-01  -5.059869e-06   3.034647e-01  -1.236940e-05
   1.000000e-03   5.474479e-01  -1.989379e-05   1.102968e-01  -4.455156e-06   3.034647e-01  -1.089112e-05
