# Complex Love numbers for a periodic load
# Computed by ISSM on 06-Mar-2026 12:18:43
#
#        T (yr)        Re(h_2)        Im(h_2)        Re(l_2)        Im(l_2)        Re(k_2)        Im(k_2)
            Inf   6.306901e-01   0.000000e+00   8.884374e-02   0.000000e+00   3.185011e-01   0.000000e+00
   1.000000e+08   1.961100e+00  -4.625273e-03   4.693674e-01   6.009889e-03   9.676267e-01  -4.716656e-04
   8.804884e+07   1.960967e+00  -5.167093e-03   4.695304e-01   6.756567e-03   9.676163e-01  -5.309902e-04
   7.752597e+07   1.960803e+00  -5.782040e-03   4.697348e-01   7.600421e-03   9.676033e-01  -5.981294e-04
   6.826072e+07   1.960596e+00  -6.476418e-03   4.699924e-01   8.550444e-03   9.675869e-01  -6.738694e-04
   6.010277e+07   1.960336e+00  -7.256013e-03   4.703178e-01   9.615150e-03   9.675662e-01  -7.589930e-04
   5.291979e+07   1.960008e+00  -8.125538e-03   4.707287e-01   1.080189e-02   9.675401e-01  -8.542396e-04
   4.659526e+07   1.959595e+00  -9.087838e-03   4.712459e-01   1.211589e-02   9.675073e-01  -9.602476e-04
   4.102658e+07   1.959078e+00  -1.014283e-02   4.718940e-01   1.355892e-02   9.674662e-01  -1.077475e-03
   3.612343e+07   1.958435e+00  -1.128614e-02   4.727005e-01   1.512768e-02   9.674150e-01  -1.206097e-03
   3.180626e+07   1.957640e+00  -1.250757e-02   4.736952e-01   1.681180e-02   9.673520e-01  -1.345890e-03
   2.800504e+07   1.956670e+00  -1.378940e-02   4.749086e-01   1.859179e-02   9.672751e-01  -1.496103e-03
   2.465811e+07   1.955501e+00  -1.510496e-02   4.763684e-01   2.043726e-02   9.671826e-01  -1.655353e-03
   2.171118e+07   1.954117e+00  -1.641799e-02   4.780953e-01   2.230605e-02   9.670733e-01  -1.821577e-03
   1.911644e+07   1.952508e+00  -1.768320e-02   4.800981e-01   2.414497e-02   9.669466e-01  -1.992094e-03
   1.683180e+07   1.950681e+00  -1.884897e-02   4.823672e-01   2.589316e-02   9.668034e-01  -2.163823e-03
   1.482021e+07   1.948660e+00  -1.986227e-02   4.848708e-01   2.748822e-02   9.666456e-01  -2.333698e-03
   1.304902e+07   1.946487e+00  -2.067560e-02   4.875520e-01   2.887493e-02   9.664773e-01  -2.499232e-03
   1.148951e+07   1.944224e+00  -2.125474e-02   4.903316e-01   3.001500e-02   9.663036e-01  -2.659153e-03
   1.011638e+07   1.941942e+00  -2.158538e-02   4.931143e-01   3.089527e-02   9.661310e-01  -2.813945e-03
   8.907355e+06   1.939718e+00  -2.167668e-02   4.957996e-01   3.153207e-02   9.659662e-01  -2.966136e-03
   7.842822e+06   1.937623e+00  -2.156050e-02   4.982923e-01   3.197013e-02   9.658157e-01  -3.120232e-03
   6.905514e+06   1.935714e+00  -2.128662e-02   5.005124e-01   3.227627e-02   9.656854e-01  -3.282316e-03
   6.080224e+06   1.934033e+00  -2.091546e-02   5.024003e-01   3.252971e-02   9.655796e-01  -3.459431e-03
   5.353567e+06   1.932600e+00  -2.051016e-02   5.039172e-01   3.281159e-02   9.655015e-01  -3.658893e-03
   4.713753e+06   1.931424e+00  -2.013002e-02   5.050430e-01   3.319573e-02   9.654535e-01  -3.887689e-03
   4.150405e+06   1.930498e+00  -1.982600e-02   5.057711e-01   3.374189e-02   9.654370e-01  -4.152016e-03
   3.654383e+06   1.929809e+00  -1.963843e-02   5.061045e-01   3.449150e-02   9.654528e-01  -4.456988e-03
   3.217642e+06   1.929340e+00  -1.959653e-02   5.060529e-01   3.546565e-02   9.655015e-01  -4.806483e-03
   2.833096e+06   1.929072e+00  -1.971922e-02   5.056320e-01   3.666470e-02   9.655833e-01  -5.203119e-03
   2.494508e+06   1.928983e+00  -2.001663e-02   5.048658e-01   3.806940e-02   9.656972e-01  -5.648367e-03
   2.196385e+06   1.929053e+00  -2.049221e-02   5.037909e-01   3.964368e-02   9.658414e-01  -6.142861e-03
   1.933892e+06   1.929257e+00  -2.114535e-02   5.024622e-01   4.133946e-02   9.660121e-01  -6.686928e-03
   1.702769e+06   1.929568e+00  -2.197440e-02   5.009575e-01   4.310358e-02   9.662033e-01  -7.281393e-03
   1.499268e+06   1.929953e+00  -2.298008e-02   4.993810e-01   4.488625e-02   9.664063e-01  -7.928591e-03
   1.320088e+06   1.930378e+00  -2.416880e-02   4.978621e-01   4.664943e-02   9.666102e-01  -8.633431e-03
   1.162322e+06   1.930803e+00  -2.555537e-02   4.965508e-01   4.837260e-02   9.668019e-01  -9.404290e-03
   1.023411e+06   1.931187e+00  -2.716449e-02   4.956091e-01   5.005366e-02   9.669675e-01  -1.025349e-02
   9.011018e+05   1.931493e+00  -2.903087e-02   4.952020e-01   5.170331e-02   9.670927e-01  -1.119722e-02
   7.934097e+05   1.931682e+00  -3.119788e-02   4.954889e-01   5.333345e-02   9.671636e-01  -1.225499e-02
   6.985880e+05   1.931720e+00  -3.371543e-02   4.966171e-01   5.494127e-02   9.671667e-01  -1.344870e-02
   6.150986e+05   1.931573e+00  -3.663764e-02   4.987173e-01   5.649180e-02   9.670890e-01  -1.480172e-02
   5.415871e+05   1.931209e+00  -4.002075e-02   5.018980e-01   5.790182e-02   9.669171e-01  -1.633802e-02
   4.768612e+05   1.930590e+00  -4.392161e-02   5.062364e-01   5.902771e-02   9.666363e-01  -1.808156e-02
   4.198707e+05   1.929674e+00  -4.839672e-02   5.117647e-01   5.965989e-02   9.662298e-01  -2.005595e-02
   3.696913e+05   1.928413e+00  -5.350166e-02   5.184505e-01   5.952692e-02   9.656778e-01  -2.228429e-02
   3.255089e+05   1.926743e+00  -5.929059e-02   5.261747e-01   5.831183e-02   9.649566e-01  -2.478914e-02
   2.866068e+05   1.924592e+00  -6.581557e-02   5.347126e-01   5.568207e-02   9.640375e-01  -2.759254e-02
   2.523539e+05   1.921865e+00  -7.312505e-02   5.437249e-01   5.133111e-02   9.628856e-01  -3.071576e-02
   2.221947e+05   1.918450e+00  -8.126092e-02   5.527662e-01   4.502552e-02   9.614577e-01  -3.417853e-02
   1.956398e+05   1.914209e+00  -9.025328e-02   5.613123e-01   3.664748e-02   9.597012e-01  -3.799740e-02
   1.722586e+05   1.908975e+00  -1.001122e-01   5.688049e-01   2.622282e-02   9.575515e-01  -4.218269e-02
   1.516717e+05   1.902553e+00  -1.108160e-01   5.747004e-01   1.392846e-02   9.549318e-01  -4.673409e-02
   1.335452e+05   1.894724e+00  -1.222972e-01   5.785172e-01   8.017372e-05   9.517531e-01  -5.163481e-02
   1.175850e+05   1.885253e+00  -1.344263e-01   5.798690e-01  -1.489259e-02   9.479178e-01  -5.684500e-02
   1.035322e+05   1.873908e+00  -1.469977e-01   5.784881e-01  -3.047669e-02   9.433254e-01  -6.229544e-02
   9.115888e+04   1.860487e+00  -1.597213e-01   5.742379e-01  -4.610468e-02   9.378823e-01  -6.788307e-02
   8.026434e+04   1.844847e+00  -1.722236e-01   5.671229e-01  -6.118353e-02   9.315139e-01  -7.346996e-02
   7.067181e+04   1.826944e+00  -1.840644e-01   5.572961e-01  -7.512631e-02   9.241772e-01  -7.888742e-02
   6.222571e+04   1.806854e+00  -1.947676e-01   5.450603e-01  -8.739032e-02   9.158734e-01  -8.394566e-02
   5.478901e+04   1.784792e+00  -2.038657e-01   5.308580e-01  -9.752125e-02   9.066541e-01  -8.844826e-02
   4.824109e+04   1.761102e+00  -2.109472e-01   5.152423e-01  -1.051968e-01   8.966234e-01  -9.220867e-02
   4.247572e+04   1.736230e+00  -2.156973e-01   4.988298e-01  -1.102586e-01   8.859315e-01  -9.506537e-02
   3.739937e+04   1.710688e+00  -2.179218e-01   4.822409e-01  -1.127233e-01   8.747655e-01  -9.689298e-02
   3.292971e+04   1.685011e+00  -2.175528e-01   4.660419e-01  -1.127674e-01   8.633382e-01  -9.760895e-02
   2.899423e+04   1.659723e+00  -2.146413e-01   4.507000e-01  -1.106920e-01   8.518775e-01  -9.717716e-02
   2.552908e+04   1.635311e+00  -2.093437e-01   4.365586e-01  -1.068756e-01   8.406168e-01  -9.561067e-02
   2.247806e+04   1.612212e+00  -2.019082e-01   4.238334e-01  -1.017275e-01   8.297832e-01  -9.297368e-02
   1.979167e+04   1.590788e+00  -1.926614e-01   4.126242e-01  -9.564906e-02   8.195840e-01  -8.938114e-02
   1.742633e+04   1.571314e+00  -1.819908e-01   4.029355e-01  -8.900613e-02   8.101918e-01  -8.499313e-02
   1.534368e+04   1.553963e+00  -1.703204e-01   3.947005e-01  -8.211291e-02   8.017303e-01  -8.000274e-02
   1.350994e+04   1.538801e+00  -1.580801e-01   3.878038e-01  -7.522493e-02   7.942675e-01  -7.461877e-02
   1.189534e+04   1.525789e+00  -1.456753e-01   3.821024e-01  -6.853893e-02   7.878150e-01  -6.904689e-02
   1.047371e+04   1.514807e+00  -1.334609e-01   3.774415e-01  -6.219743e-02   7.823362e-01  -6.347326e-02
   9.221979e+03   1.505674e+00  -1.217253e-01   3.736671e-01  -5.629615e-02   7.777579e-01  -5.805365e-02
   8.119845e+03   1.498175e+00  -1.106853e-01   3.706345e-01  -5.089262e-02   7.739844e-01  -5.290855e-02
   7.149429e+03   1.492082e+00  -1.004894e-01   3.682129e-01  -4.601489e-02   7.709097e-01  -4.812376e-02
   6.294989e+03   1.487175e+00  -9.122768e-02   3.662881e-01  -4.166959e-02   7.684278e-01  -4.375442e-02
   5.542665e+03   1.483248e+00  -8.294376e-02   3.647625e-01  -3.784874e-02   7.664391e-01  -3.983083e-02
   4.880252e+03   1.480122e+00  -7.564713e-02   3.635544e-01  -3.453535e-02   7.648540e-01  -3.636474e-02
   4.297005e+03   1.477639e+00  -6.932433e-02   3.625961e-01  -3.170763e-02   7.635948e-01  -3.335501e-02
   3.783463e+03   1.475667e+00  -6.394818e-02   3.618319e-01  -2.934220e-02   7.625955e-01  -3.079252e-02
   3.331295e+03   1.474097e+00  -5.948497e-02   3.612165e-01  -2.741632e-02   7.618010e-01  -2.866390e-02
   2.933166e+03   1.472838e+00  -5.589984e-02   3.607122e-01  -2.590946e-02   7.611656e-01  -2.695448e-02
   2.582619e+03   1.471814e+00  -5.316068e-02   3.602878e-01  -2.480435e-02   7.606518e-01  -2.565035e-02
   2.273966e+03   1.470964e+00  -5.124085e-02   3.599169e-01  -2.408765e-02   7.602285e-01  -2.473983e-02
   2.002200e+03   1.470234e+00  -5.012104e-02   3.595758e-01  -2.375031e-02   7.598694e-01  -2.421453e-02
   1.762914e+03   1.469579e+00  -4.979052e-02   3.592430e-01  -2.378784e-02   7.595522e-01  -2.407005e-02
   1.552225e+03   1.468958e+00  -5.024797e-02   3.588975e-01  -2.420032e-02   7.592568e-01  -2.430646e-02
   1.366716e+03   1.468330e+00  -5.150204e-02   3.585173e-01  -2.499239e-02   7.589643e-01  -2.492865e-02
   1.203378e+03   1.467656e+00  -5.357165e-02   3.580789e-01  -2.617302e-02   7.586562e-01  -2.594652e-02
   1.059560e+03   1.466893e+00  -5.648607e-02   3.575554e-01  -2.775519e-02   7.583128e-01  -2.737515e-02
   9.329304e+02   1.465994e+00  -6.028486e-02   3.569154e-01  -2.975533e-02   7.579125e-01  -2.923485e-02
   8.214344e+02   1.464902e+00  -6.501747e-02   3.561216e-01  -3.219248e-02   7.574304e-01  -3.155108e-02
   7.232634e+02   1.463551e+00  -7.074244e-02   3.551290e-01  -3.508709e-02   7.568366e-01  -3.435428e-02
   6.368250e+02   1.461861e+00  -7.752605e-02   3.538839e-01  -3.845932e-02   7.560955e-01  -3.767941e-02
   5.607170e+02   1.459734e+00  -8.544013e-02   3.523219e-01  -4.232671e-02   7.551632e-01  -4.156525e-02
   4.937048e+02   1.457049e+00  -9.455887e-02   3.503669e-01  -4.670108e-02   7.539863e-01  -4.605322e-02
   4.347013e+02   1.453665e+00  -1.049541e-01   3.479309e-01  -5.158465e-02   7.524998e-01  -5.118567e-02
   3.827494e+02   1.449408e+00  -1.166892e-01   3.449132e-01  -5.696504e-02   7.506252e-01  -5.700345e-02
   3.370064e+02   1.444079e+00  -1.298105e-01   3.412032e-01  -6.280952e-02   7.482693e-01  -6.354266e-02
   2.967302e+02   1.437446e+00  -1.443382e-01   3.366831e-01  -6.905854e-02   7.453229e-01  -7.083059e-02
   2.612675e+02   1.429253e+00  -1.602551e-01   3.312355e-01  -7.561924e-02   7.416608e-01  -7.888092e-02
   2.300430e+02   1.419226e+00  -1.774958e-01   3.247530e-01  -8.236051e-02   7.371436e-01  -8.768850e-02
   2.025502e+02   1.407081e+00  -1.959386e-01   3.171529e-01  -8.911149e-02   7.316200e-01  -9.722424e-02
   1.783431e+02   1.392543e+00  -2.154002e-01   3.083930e-01  -9.566625e-02   7.249309e-01  -1.074306e-01
   1.570290e+02   1.375355e+00  -2.356369e-01   2.984875e-01  -1.017965e-01   7.169139e-01  -1.182180e-01
   1.382622e+02   1.355292e+00  -2.563491e-01   2.875161e-01  -1.072722e-01   7.074080e-01  -1.294619e-01
   1.217383e+02   1.332169e+00  -2.771873e-01   2.756241e-01  -1.118872e-01   6.962578e-01  -1.409989e-01
   1.071891e+02   1.305834e+00  -2.977531e-01   2.630082e-01  -1.154822e-01   6.833186e-01  -1.526216e-01
   9.437878e+01   1.276180e+00  -3.175919e-01   2.498938e-01  -1.179591e-01   6.684654e-01  -1.640698e-01
   8.309942e+01   1.243154e+00  -3.361772e-01   2.365075e-01  -1.192805e-01   6.516090e-01  -1.750224e-01
   7.316807e+01   1.206786e+00  -3.528975e-01   2.230574e-01  -1.194574e-01   6.327218e-01  -1.850935e-01
   6.442364e+01   1.167249e+00  -3.670598e-01   2.097246e-01  -1.185297e-01   6.118729e-01  -1.938417e-01
   5.672426e+01   1.124909e+00  -3.779264e-01   1.966671e-01  -1.165500e-01   5.892614e-01  -2.007991e-01
   4.994505e+01   1.080377e+00  -3.847904e-01   1.840310e-01  -1.135773e-01   5.652398e-01  -2.055212e-01
   4.397604e+01   1.034507e+00  -3.870788e-01   1.719592e-01  -1.096808e-01   5.403107e-01  -2.076505e-01
   3.872039e+01   9.883503e-01  -3.844582e-01   1.605933e-01  -1.049494e-01   5.150923e-01  -2.069776e-01
   3.409285e+01   9.430521e-01  -3.769101e-01   1.500653e-01  -9.950076e-02   4.902549e-01  -2.034824e-01
   3.001836e+01   8.997223e-01  -3.647506e-01   1.404839e-01  -9.348236e-02   4.664447e-01  -1.973426e-01
   2.643081e+01   8.593129e-01  -3.485900e-01   1.319215e-01  -8.706416e-02   4.442128e-01  -1.889061e-01
   2.327202e+01   8.225305e-01  -3.292456e-01   1.244065e-01  -8.042486e-02   4.239659e-01  -1.786383e-01
   2.049075e+01   7.897981e-01  -3.076333e-01   1.179231e-01  -7.373655e-02   4.059469e-01  -1.670595e-01
   1.804186e+01   7.612638e-01  -2.846657e-01   1.124178e-01  -6.715180e-02   3.902419e-01  -1.546856e-01
   1.588565e+01   7.368443e-01  -2.611732e-01   1.078100e-01  -6.079551e-02   3.768063e-01  -1.419847e-01
   1.398713e+01   7.162843e-01  -2.378549e-01   1.040022e-01  -5.476169e-02   3.654988e-01  -1.293497e-01
   1.231551e+01   6.992182e-01  -2.152583e-01   1.008904e-01  -4.911430e-02   3.561169e-01  -1.170877e-01
   1.084366e+01   6.852245e-01  -1.937796e-01   9.837181e-02  -4.389053e-02   3.484275e-01  -1.054211e-01
   9.547716e+00   6.738691e-01  -1.736789e-01   9.634986e-02  -3.910553e-02   3.421903e-01  -9.449597e-02
   8.406653e+00   6.647349e-01  -1.551026e-01   9.473769e-02  -3.475740e-02   3.371750e-01  -8.439507e-02
   7.401960e+00   6.574407e-01  -1.381075e-01   9.345951e-02  -3.083191e-02   3.331714e-01  -7.515135e-02
   6.517340e+00   6.516507e-01  -1.226842e-01   9.245080e-02  -2.730654e-02   3.299944e-01  -6.676101e-02
   5.738442e+00   6.470770e-01  -1.087775e-01   9.165771e-02  -2.415382e-02   3.274854e-01  -5.919474e-02
   5.052631e+00   6.434783e-01  -9.630228e-02   9.103603e-02  -2.134379e-02   3.255116e-01  -5.240673e-02
   4.448783e+00   6.406557e-01  -8.515642e-02   9.054986e-02  -1.884583e-02   3.239638e-01  -4.634175e-02
   3.917101e+00   6.384473e-01  -7.523003e-02   9.017039e-02  -1.662994e-02   3.227530e-01  -4.094014e-02
   3.448962e+00   6.367230e-01  -6.641184e-02   8.987464e-02  -1.466747e-02   3.218077e-01  -3.614147e-02
   3.036771e+00   6.353787e-01  -5.859353e-02   8.964440e-02  -1.293170e-02   3.210708e-01  -3.188683e-02
   2.673842e+00   6.343319e-01  -5.167235e-02   8.946534e-02  -1.139797e-02   3.204970e-01  -2.812037e-02
   2.354286e+00   6.335176e-01  -4.555272e-02   8.932617e-02  -1.004383e-02   3.200507e-01  -2.479008e-02
   2.072922e+00   6.328847e-01  -4.014686e-02   8.921806e-02  -8.848987e-03   3.197038e-01  -2.184820e-02
   1.825183e+00   6.323930e-01  -3.537500e-02   8.913413e-02  -7.795198e-03   3.194344e-01  -1.925134e-02
   1.607053e+00   6.320112e-01  -3.116517e-02   8.906898e-02  -6.866157e-03   3.192251e-01  -1.696033e-02
   1.414991e+00   6.317149e-01  -2.745280e-02   8.901843e-02  -6.047331e-03   3.190627e-01  -1.494003e-02
   1.245883e+00   6.314849e-01  -2.418022e-02   8.897921e-02  -5.325807e-03   3.189367e-01  -1.315908e-02
   1.096986e+00   6.313065e-01  -2.129612e-02   8.894879e-02  -4.690133e-03   3.188389e-01  -1.158953e-02
   9.658832e-01   6.311680e-01  -1.875488e-02   8.892520e-02  -4.130168e-03   3.187630e-01  -1.020657e-02
   8.504489e-01   6.310607e-01  -1.651612e-02   8.890690e-02  -3.636948e-03   3.187042e-01  -8.988216e-03
   7.488104e-01   6.309774e-01  -1.454407e-02   8.889271e-02  -3.202552e-03   3.186586e-01  -7.915011e-03
   6.593188e-01   6.309129e-01  -1.280713e-02   8.888171e-02  -2.819989e-03   3.186232e-01  -6.969752e-03
   5.805226e-01   6.308628e-01  -1.127737e-02   8.887318e-02  -2.483089e-03   3.185958e-01  -6.137247e-03
   5.111433e-01   6.308240e-01  -9.930176e-03   8.886656e-02  -2.186414e-03   3.185745e-01  -5.404090e-03
   4.500558e-01   6.307939e-01  -8.743800e-03   8.886143e-02  -1.925169e-03   3.185580e-01  -4.758454e-03
   3.962689e-01   6.307706e-01  -7.699084e-03   8.885746e-02  -1.695128e-03   3.185452e-01  -4.189910e-03
   3.489101e-01   6.307525e-01  -6.779138e-03   8.885437e-02  -1.492567e-03   3.185353e-01  -3.689268e-03
   3.072113e-01   6.307385e-01  -5.969078e-03   8.885198e-02  -1.314206e-03   3.185276e-01  -3.248426e-03
   2.704960e-01   6.307276e-01  -5.255789e-03   8.885013e-02  -1.157155e-03   3.185217e-01  -2.860248e-03
   2.381686e-01   6.307191e-01  -4.627720e-03   8.884869e-02  -1.018870e-03   3.185170e-01  -2.518447e-03
   2.097046e-01   6.307126e-01  -4.074694e-03   8.884758e-02  -8.971090e-04   3.185135e-01  -2.217485e-03
   1.846425e-01   6.307075e-01  -3.587748e-03   8.884672e-02  -7.898980e-04   3.185107e-01  -1.952485e-03
   1.625756e-01   6.307036e-01  -3.158989e-03   8.884605e-02  -6.954987e-04   3.185085e-01  -1.719150e-03
   1.431459e-01   6.307006e-01  -2.781465e-03   8.884553e-02  -6.123803e-04   3.185069e-01  -1.513699e-03
   1.260383e-01   6.306982e-01  -2.449057e-03   8.884513e-02  -5.391950e-04   3.185056e-01  -1.332799e-03
   1.109752e-01   6.306964e-01  -2.156372e-03   8.884481e-02  -4.747558e-04   3.185046e-01  -1.173517e-03
   9.771242e-02   6.306950e-01  -1.898664e-03   8.884457e-02  -4.180175e-04   3.185038e-01  -1.033270e-03
   8.603464e-02   6.306939e-01  -1.671755e-03   8.884438e-02  -3.680599e-04   3.185032e-01  -9.097839e-04
   7.575250e-02   6.306930e-01  -1.471962e-03   8.884424e-02  -3.240728e-04   3.185027e-01  -8.010552e-04
   6.669920e-02   6.306923e-01  -1.296047e-03   8.884413e-02  -2.853425e-04   3.185024e-01  -7.053204e-04
   5.872787e-02   6.306918e-01  -1.141155e-03   8.884404e-02  -2.512409e-04   3.185021e-01  -6.210269e-04
   5.170920e-02   6.306914e-01  -1.004774e-03   8.884397e-02  -2.212147e-04   3.185019e-01  -5.468073e-04
   4.552935e-02   6.306911e-01  -8.846926e-04   8.884392e-02  -1.947771e-04   3.185017e-01  -4.814577e-04
   4.008806e-02   6.306909e-01  -7.789618e-04   8.884388e-02  -1.714990e-04   3.185016e-01  -4.239180e-04
   3.529707e-02   6.306907e-01  -6.858670e-04   8.884385e-02  -1.510029e-04   3.185015e-01  -3.732550e-04
   3.107866e-02   6.306906e-01  -6.038980e-04   8.884382e-02  -1.329563e-04   3.185014e-01  -3.286468e-04
   2.736440e-02   6.306904e-01  -5.317253e-04   8.884380e-02  -1.170665e-04   3.185013e-01  -2.893697e-04
   2.409404e-02   6.306904e-01  -4.681780e-04   8.884379e-02  -1.030757e-04   3.185013e-01  -2.547867e-04
   2.121452e-02   6.306903e-01  -4.122253e-04   8.884378e-02  -9.075694e-05   3.185012e-01  -2.243367e-04
   1.867914e-02   6.306902e-01  -3.629596e-04   8.884377e-02  -7.991044e-05   3.185012e-01  -1.975259e-04
   1.644676e-02   6.306902e-01  -3.195817e-04   8.884376e-02  -7.036021e-05   3.185012e-01  -1.739193e-04
   1.448118e-02   6.306902e-01  -2.813880e-04   8.884376e-02  -6.195135e-05   3.185012e-01  -1.531339e-04
   1.275051e-02   6.306901e-01  -2.477589e-04   8.884375e-02  -5.454744e-05   3.185012e-01  -1.348326e-04
   1.122668e-02   6.306901e-01  -2.181488e-04   8.884375e-02  -4.802839e-05   3.185011e-01  -1.187185e-04
   9.884959e-03   6.306901e-01  -1.920775e-04   8.884375e-02  -4.228844e-05   3.185011e-01  -1.045303e-04
   8.703591e-03   6.306901e-01  -1.691220e-04   8.884374e-02  -3.723448e-05   3.185011e-01  -9.203771e-05
   7.663411e-03   6.306901e-01  -1.489100e-04   8.884374e-02  -3.278453e-05   3.185011e-01  -8.103814e-05
   6.747544e-03   6.306901e-01  -1.311135e-04   8.884374e-02  -2.886639e-05   3.185011e-01  -7.135314e-05
   5.941134e-03   6.306901e-01  -1.154439e-04   8.884374e-02  -2.541652e-05   3.185011e-01  -6.282561e-05
   5.231099e-03   6.306901e-01  -1.016470e-04   8.884374e-02  -2.237895e-05   3.185011e-01  -5.531722e-05
   4.605922e-03   6.306901e-01  -8.949901e-05   8.884374e-02  -1.970441e-05   3.185011e-01  -4.870616e-05
   4.055461e-03   6.306901e-01  -7.880283e-05   8.884374e-02  -1.734950e-05   3.185011e-01  -4.288521e-05
   3.570786e-03   6.306901e-01  -6.938498e-05   8.884374e-02  -1.527603e-05   3.185011e-01  -3.775993e-05
   3.144035e-03   6.306901e-01  -6.109266e-05   8.884374e-02  -1.345037e-05   3.185011e-01  -3.324718e-05
   2.768287e-03   6.306901e-01  -5.379138e-05   8.884374e-02  -1.184289e-05   3.185011e-01  -2.927375e-05
   2.437444e-03   6.306901e-01  -4.736268e-05   8.884374e-02  -1.042753e-05   3.185011e-01  -2.577520e-05
   2.146141e-03   6.306901e-01  -4.170229e-05   8.884374e-02  -9.181319e-06   3.185011e-01  -2.269476e-05
   1.889652e-03   6.306901e-01  -3.671838e-05   8.884374e-02  -8.084045e-06   3.185011e-01  -1.998247e-05
   1.663817e-03   6.306901e-01  -3.233011e-05   8.884374e-02  -7.117907e-06   3.185011e-01  -1.759434e-05
   1.464971e-03   6.306901e-01  -2.846628e-05   8.884374e-02  -6.267234e-06   3.185011e-01  -1.549161e-05
   1.289890e-03   6.306901e-01  -2.506423e-05   8.884374e-02  -5.518227e-06   3.185011e-01  -1.364018e-05
   1.135733e-03   6.306901e-01  -2.206876e-05   8.884374e-02  -4.858735e-06   3.185011e-01  -1.201002e-05
   1.000000e-03   6.306901e-01  -1.943129e-05   8.884374e-02  -4.278059e-06   3.185011e-01  -1.057468e-05
