# Complex Love numbers for a periodic load
# Computed by ISSM on 06-Mar-2026 12:18:35
#
#        T (yr)        Re(h_2)        Im(h_2)        Re(l_2)        Im(l_2)        Re(k_2)        Im(k_2)
            Inf   5.474479e-01   0.000000e+00   1.102968e-01   0.000000e+00   3.034647e-01   0.000000e+00
   1.000000e+08   1.948038e+00  -4.702367e-03   5.281201e-01   3.479475e-03   9.665900e-01  -4.344359e-04
   8.804884e+07   1.947831e+00  -5.010577e-03   5.282212e-01   3.827149e-03   9.665789e-01  -4.791323e-04
   7.752597e+07   1.947636e+00  -5.366907e-03   5.283249e-01   4.223765e-03   9.665677e-01  -5.301088e-04
   6.826072e+07   1.947449e+00  -5.783333e-03   5.284346e-01   4.677723e-03   9.665559e-01  -5.884255e-04
   6.010277e+07   1.947263e+00  -6.271629e-03   5.285552e-01   5.197756e-03   9.665432e-01  -6.551961e-04
   5.291979e+07   1.947071e+00  -6.843308e-03   5.286927e-01   5.792905e-03   9.665288e-01  -7.315885e-04
   4.659526e+07   1.946863e+00  -7.509666e-03   5.288548e-01   6.472510e-03   9.665119e-01  -8.188285e-04
   4.102658e+07   1.946628e+00  -8.281837e-03   5.290508e-01   7.246164e-03   9.664917e-01  -9.181995e-04
   3.612343e+07   1.946354e+00  -9.170773e-03   5.292922e-01   8.123586e-03   9.664669e-01  -1.031036e-03
   3.180626e+07   1.946023e+00  -1.018708e-02   5.295931e-01   9.114359e-03   9.664361e-01  -1.158702e-03
   2.800504e+07   1.945618e+00  -1.134066e-02   5.299707e-01   1.022747e-02   9.663975e-01  -1.302553e-03
   2.465811e+07   1.945115e+00  -1.264000e-02   5.304460e-01   1.147057e-02   9.663490e-01  -1.463868e-03
   2.171118e+07   1.944490e+00  -1.409119e-02   5.310441e-01   1.284897e-02   9.662881e-01  -1.643750e-03
   1.911644e+07   1.943709e+00  -1.569646e-02   5.317947e-01   1.436407e-02   9.662116e-01  -1.842990e-03
   1.683180e+07   1.942738e+00  -1.745217e-02   5.327320e-01   1.601153e-02   9.661161e-01  -2.061872e-03
   1.482021e+07   1.941537e+00  -1.934645e-02   5.338942e-01   1.777880e-02   9.659977e-01  -2.299951e-03
   1.304902e+07   1.940063e+00  -2.135642e-02   5.353218e-01   1.964249e-02   9.658523e-01  -2.555788e-03
   1.148951e+07   1.938277e+00  -2.344550e-02   5.370546e-01   2.156569e-02   9.656758e-01  -2.826695e-03
   1.011638e+07   1.936141e+00  -2.556141e-02   5.391274e-01   2.349596e-02   9.654647e-01  -3.108552e-03
   8.907355e+06   1.933633e+00  -2.763572e-02   5.415637e-01   2.536495e-02   9.652167e-01  -3.395780e-03
   7.842822e+06   1.930746e+00  -2.958624e-02   5.443687e-01   2.709059e-02   9.649310e-01  -3.681598e-03
   6.905514e+06   1.927502e+00  -3.132303e-02   5.475222e-01   2.858292e-02   9.646099e-01  -3.958631e-03
   6.080224e+06   1.923953e+00  -3.275825e-02   5.509743e-01   2.975362e-02   9.642584e-01  -4.219915e-03
   5.353567e+06   1.920183e+00  -3.381874e-02   5.546446e-01   3.052807e-02   9.638847e-01  -4.460162e-03
   4.713753e+06   1.916300e+00  -3.445870e-02   5.584287e-01   3.085766e-02   9.634995e-01  -4.677042e-03
   4.150405e+06   1.912427e+00  -3.466907e-02   5.622088e-01   3.072873e-02   9.631147e-01  -4.872149e-03
   3.654383e+06   1.908684e+00  -3.448059e-02   5.658692e-01   3.016551e-02   9.627421e-01  -5.051340e-03
   3.217642e+06   1.905177e+00  -3.395981e-02   5.693099e-01   2.922608e-02   9.623919e-01  -5.224384e-03
   2.833096e+06   1.901985e+00  -3.319909e-02   5.724581e-01   2.799255e-02   9.620716e-01  -5.404029e-03
   2.494508e+06   1.899152e+00  -3.230399e-02   5.752722e-01   2.655865e-02   9.617854e-01  -5.604813e-03
   2.196385e+06   1.896695e+00  -3.138132e-02   5.777414e-01   2.501791e-02   9.615344e-01  -5.841940e-03
   1.933892e+06   1.894603e+00  -3.053012e-02   5.798805e-01   2.345462e-02   9.613171e-01  -6.130472e-03
   1.702769e+06   1.892850e+00  -2.983665e-02   5.817236e-01   2.193863e-02   9.611301e-01  -6.484903e-03
   1.499268e+06   1.891396e+00  -2.937294e-02   5.833170e-01   2.052338e-02   9.609686e-01  -6.919107e-03
   1.320088e+06   1.890198e+00  -2.919787e-02   5.847142e-01   1.924641e-02   9.608273e-01  -7.446540e-03
   1.162322e+06   1.889211e+00  -2.935979e-02   5.859724e-01   1.813097e-02   9.607003e-01  -8.080604e-03
   1.023411e+06   1.888394e+00  -2.989973e-02   5.871503e-01   1.718801e-02   9.605815e-01  -8.835074e-03
   9.011018e+05   1.887706e+00  -3.085459e-02   5.883082e-01   1.641773e-02   9.604646e-01  -9.724526e-03
   7.934097e+05   1.887112e+00  -3.226008e-02   5.895078e-01   1.581034e-02   9.603431e-01  -1.076475e-02
   6.985880e+05   1.886578e+00  -3.415314e-02   5.908137e-01   1.534571e-02   9.602098e-01  -1.197311e-02
   6.150986e+05   1.886073e+00  -3.657409e-02   5.922945e-01   1.499177e-02   9.600567e-01  -1.336885e-02
   5.415871e+05   1.885567e+00  -3.956832e-02   5.940233e-01   1.470151e-02   9.598747e-01  -1.497338e-02
   4.768612e+05   1.885026e+00  -4.318769e-02   5.960777e-01   1.440854e-02   9.596530e-01  -1.681048e-02
   4.198707e+05   1.884417e+00  -4.749175e-02   5.985376e-01   1.402131e-02   9.593786e-01  -1.890646e-02
   3.696913e+05   1.883700e+00  -5.254863e-02   6.014811e-01   1.341638e-02   9.590362e-01  -2.129024e-02
   3.255089e+05   1.882827e+00  -5.843575e-02   6.049759e-01   1.243164e-02   9.586071e-01  -2.399344e-02
   2.866068e+05   1.881741e+00  -6.524011e-02   6.090669e-01   1.086105e-02   9.580687e-01  -2.705036e-02
   2.523539e+05   1.880372e+00  -7.305820e-02   6.137591e-01   8.453209e-03   9.573937e-01  -3.049790e-02
   2.221947e+05   1.878630e+00  -8.199497e-02   6.189962e-01   4.916868e-03   9.565496e-01  -3.437546e-02
   1.956398e+05   1.876404e+00  -9.216197e-02   6.246399e-01  -6.415292e-05   9.554967e-01  -3.872473e-02
   1.722586e+05   1.873554e+00  -1.036738e-01   6.304518e-01  -6.805187e-03   9.541877e-01  -4.358923e-02
   1.516717e+05   1.869909e+00  -1.166429e-01   6.360866e-01  -1.558588e-02   9.525647e-01  -4.901338e-02
   1.335452e+05   1.865258e+00  -1.311713e-01   6.410985e-01  -2.661144e-02   9.505575e-01  -5.504076e-02
   1.175850e+05   1.859348e+00  -1.473402e-01   6.449646e-01  -3.997752e-02   9.480810e-01  -6.171104e-02
   1.035322e+05   1.851880e+00  -1.651951e-01   6.471185e-01  -5.564579e-02   9.450331e-01  -6.905526e-02
   9.115888e+04   1.842514e+00  -1.847278e-01   6.469897e-01  -7.343318e-02   9.412941e-01  -7.708911e-02
   8.026434e+04   1.830873e+00  -2.058548e-01   6.440403e-01  -9.301304e-02   9.367283e-01  -8.580470e-02
   7.067181e+04   1.816565e+00  -2.283944e-01   6.377979e-01  -1.139228e-01   9.311894e-01  -9.516147e-02
   6.222571e+04   1.799208e+00  -2.520461e-01   6.278846e-01  -1.355737e-01   9.245311e-01  -1.050779e-01
   5.478901e+04   1.778475e+00  -2.763789e-01   6.140505e-01  -1.572632e-01   9.166220e-01  -1.154266e-01
   4.824109e+04   1.754151e+00  -3.008370e-01   5.962114e-01  -1.781947e-01   9.073652e-01  -1.260360e-01
   4.247572e+04   1.726187e+00  -3.247723e-01   5.744921e-01  -1.975155e-01   8.967190e-01  -1.367013e-01
   3.739937e+04   1.694752e+00  -3.475078e-01   5.492617e-01  -2.143788e-01   8.847139e-01  -1.472076e-01
   3.292971e+04   1.660249e+00  -3.684297e-01   5.211448e-01  -2.280305e-01   8.714578e-01  -1.573619e-01
   2.899423e+04   1.623287e+00  -3.870903e-01   4.909933e-01  -2.379071e-01   8.571247e-01  -1.670297e-01
   2.552908e+04   1.584600e+00  -4.032961e-01   4.598095e-01  -2.437210e-01   8.419236e-01  -1.761645e-01
   2.247806e+04   1.544925e+00  -4.171499e-01   4.286317e-01  -2.455065e-01   8.260533e-01  -1.848212e-01
   1.979167e+04   1.504863e+00  -4.290293e-01   3.984069e-01  -2.436086e-01   8.096512e-01  -1.931443e-01
   1.742633e+04   1.464766e+00  -4.395008e-01   3.698832e-01  -2.386162e-01   7.927522e-01  -2.013320e-01
   1.534368e+04   1.424675e+00  -4.491892e-01   3.435461e-01  -2.312581e-01   7.752669e-01  -2.095832e-01
   1.350994e+04   1.384318e+00  -4.586334e-01   3.196071e-01  -2.222902e-01   7.569850e-01  -2.180378e-01
   1.189534e+04   1.343177e+00  -4.681554e-01   2.980386e-01  -2.123991e-01   7.376041e-01  -2.267221e-01
   1.047371e+04   1.300589e+00  -4.777661e-01   2.786368e-01  -2.021354e-01   7.167799e-01  -2.355079e-01
   9.221979e+03   1.255892e+00  -4.871194e-01   2.610961e-01  -1.918827e-01   6.941921e-01  -2.440928e-01
   8.119845e+03   1.208572e+00  -4.955225e-01   2.450803e-01  -1.818556e-01   6.696176e-01  -2.520071e-01
   7.149429e+03   1.158407e+00  -5.020087e-01   2.302819e-01  -1.721226e-01   6.430030e-01  -2.586514e-01
   6.294989e+03   1.105580e+00  -5.054690e-01   2.164644e-01  -1.626444e-01   6.145200e-01  -2.633674e-01
   5.542665e+03   1.050721e+00  -5.048292e-01   2.034848e-01  -1.533211e-01   5.845895e-01  -2.655329e-01
   4.880252e+03   9.948770e-01  -4.992422e-01   1.912948e-01  -1.440406e-01   5.538593e-01  -2.646663e-01
   4.297005e+03   9.393878e-01  -4.882505e-01   1.799232e-01  -1.347189e-01   5.231347e-01  -2.605145e-01
   3.783463e+03   8.856979e-01  -4.718759e-01   1.694447e-01  -1.253260e-01   4.932732e-01  -2.531011e-01
   3.331295e+03   8.351536e-01  -4.506129e-01   1.599450e-01  -1.158933e-01   4.650692e-01  -2.427203e-01
   2.933166e+03   7.888316e-01  -4.253328e-01   1.514900e-01  -1.065042e-01   4.391589e-01  -2.298814e-01
   2.582619e+03   7.474396e-01  -3.971328e-01   1.441068e-01  -9.727477e-02   4.159640e-01  -2.152217e-01
   2.273966e+03   7.112954e-01  -3.671739e-01   1.377769e-01  -8.833032e-02   3.956817e-01  -1.994147e-01
   2.002200e+03   6.803723e-01  -3.365460e-01   1.324413e-01  -7.978612e-02   3.783105e-01  -1.830930e-01
   1.762914e+03   6.543813e-01  -3.061787e-01   1.280109e-01  -7.173449e-02   3.636975e-01  -1.667975e-01
   1.552225e+03   6.328635e-01  -2.767993e-01   1.243796e-01  -6.423906e-02   3.515913e-01  -1.509535e-01
   1.366716e+03   6.152735e-01  -2.489286e-01   1.214357e-01  -5.733476e-02   3.416896e-01  -1.358683e-01
   1.203378e+03   6.010449e-01  -2.229010e-01   1.190706e-01  -5.103141e-02   3.336766e-01  -1.217426e-01
   1.059560e+03   5.896342e-01  -1.988970e-01   1.171845e-01  -4.531900e-02   3.272482e-01  -1.086886e-01
   9.329304e+02   5.805471e-01  -1.769785e-01   1.156894e-01  -4.017315e-02   3.221275e-01  -9.675038e-02
   8.214344e+02   5.733512e-01  -1.571211e-01   1.145098e-01  -3.556006e-02   3.180716e-01  -8.592207e-02
   7.232634e+02   5.676786e-01  -1.392425e-01   1.135827e-01  -3.144053e-02   3.148737e-01  -7.616402e-02
   6.368250e+02   5.632229e-01  -1.232241e-01   1.128562e-01  -2.777302e-02   3.123615e-01  -6.741517e-02
   5.607170e+02   5.597330e-01  -1.089273e-01   1.122883e-01  -2.451581e-02   3.103936e-01  -5.960241e-02
   4.937048e+02   5.570056e-01  -9.620519e-02   1.118452e-01  -2.162850e-02   3.088555e-01  -5.264736e-02
   4.347013e+02   5.548780e-01  -8.491099e-02   1.114998e-01  -1.907289e-02   3.076556e-01  -4.647095e-02
   3.827494e+02   5.532204e-01  -7.490276e-02   1.112311e-01  -1.681351e-02   3.067208e-01  -4.099645e-02
   3.370064e+02   5.519305e-01  -6.604671e-02   1.110221e-01  -1.481783e-02   3.059932e-01  -3.615126e-02
   2.967302e+02   5.509276e-01  -5.821890e-02   1.108597e-01  -1.305632e-02   3.054275e-01  -3.186800e-02
   2.612675e+02   5.501483e-01  -5.130592e-02   1.107335e-01  -1.150237e-02   3.049879e-01  -2.808488e-02
   2.300430e+02   5.495430e-01  -4.520494e-02   1.106356e-01  -1.013210e-02   3.046465e-01  -2.474584e-02
   2.025502e+02   5.490731e-01  -3.982339e-02   1.105596e-01  -8.924197e-03   3.043815e-01  -2.180034e-02
   1.783431e+02   5.487084e-01  -3.507837e-02   1.105006e-01  -7.859703e-03   3.041758e-01  -1.920309e-02
   1.570290e+02   5.484255e-01  -3.089589e-02   1.104548e-01  -6.921779e-03   3.040162e-01  -1.691366e-02
   1.382622e+02   5.482060e-01  -2.721016e-02   1.104194e-01  -6.095503e-03   3.038923e-01  -1.489608e-02
   1.217383e+02   5.480357e-01  -2.396279e-02   1.103918e-01  -5.367673e-03   3.037963e-01  -1.311842e-02
   1.071891e+02   5.479037e-01  -2.110208e-02   1.103705e-01  -4.726620e-03   3.037218e-01  -1.155239e-02
   9.437878e+01   5.478013e-01  -1.858227e-02   1.103539e-01  -4.162039e-03   3.036641e-01  -1.017295e-02
   8.309942e+01   5.477219e-01  -1.636292e-02   1.103411e-01  -3.664835e-03   3.036193e-01  -8.957993e-03
   7.316807e+01   5.476603e-01  -1.440836e-02   1.103312e-01  -3.226987e-03   3.035845e-01  -7.887973e-03
   6.442364e+01   5.476126e-01  -1.268707e-02   1.103234e-01  -2.841421e-03   3.035576e-01  -6.945654e-03
   5.672426e+01   5.475756e-01  -1.117128e-02   1.103175e-01  -2.501905e-03   3.035367e-01  -6.115830e-03
   4.994505e+01   5.475469e-01  -9.836497e-03   1.103128e-01  -2.202943e-03   3.035205e-01  -5.385097e-03
   4.397604e+01   5.475246e-01  -8.661137e-03   1.103092e-01  -1.939697e-03   3.035080e-01  -4.741638e-03
   3.872039e+01   5.475074e-01  -7.626178e-03   1.103064e-01  -1.707901e-03   3.034983e-01  -4.175040e-03
   3.409285e+01   5.474940e-01  -6.714861e-03   1.103043e-01  -1.503802e-03   3.034907e-01  -3.676131e-03
   3.001836e+01   5.474836e-01  -5.912426e-03   1.103026e-01  -1.324090e-03   3.034849e-01  -3.236830e-03
   2.643081e+01   5.474756e-01  -5.205869e-03   1.103013e-01  -1.165852e-03   3.034803e-01  -2.850018e-03
   2.327202e+01   5.474694e-01  -4.583739e-03   1.103003e-01  -1.026524e-03   3.034768e-01  -2.509426e-03
   2.049075e+01   5.474645e-01  -4.035951e-03   1.102995e-01  -9.038454e-04   3.034741e-01  -2.209532e-03
   1.804186e+01   5.474608e-01  -3.553622e-03   1.102989e-01  -7.958275e-04   3.034720e-01  -1.945476e-03
   1.588565e+01   5.474579e-01  -3.128933e-03   1.102984e-01  -7.007183e-04   3.034703e-01  -1.712975e-03
   1.398713e+01   5.474556e-01  -2.754996e-03   1.102981e-01  -6.169753e-04   3.034691e-01  -1.508258e-03
   1.231551e+01   5.474539e-01  -2.425747e-03   1.102978e-01  -5.432402e-04   3.034681e-01  -1.328007e-03
   1.084366e+01   5.474525e-01  -2.135845e-03   1.102976e-01  -4.783172e-04   3.034673e-01  -1.169296e-03
   9.547716e+00   5.474515e-01  -1.880589e-03   1.102974e-01  -4.211530e-04   3.034667e-01  -1.029553e-03
   8.406653e+00   5.474507e-01  -1.655838e-03   1.102973e-01  -3.708205e-04   3.034663e-01  -9.065102e-04
   7.401960e+00   5.474500e-01  -1.457947e-03   1.102972e-01  -3.265033e-04   3.034659e-01  -7.981723e-04
   6.517340e+00   5.474496e-01  -1.283706e-03   1.102971e-01  -2.874825e-04   3.034656e-01  -7.027818e-04
   5.738442e+00   5.474492e-01  -1.130289e-03   1.102970e-01  -2.531250e-04   3.034654e-01  -6.187915e-04
   5.052631e+00   5.474489e-01  -9.952066e-04   1.102970e-01  -2.228737e-04   3.034653e-01  -5.448389e-04
   4.448783e+00   5.474487e-01  -8.762681e-04   1.102969e-01  -1.962377e-04   3.034651e-01  -4.797244e-04
   3.917101e+00   5.474485e-01  -7.715440e-04   1.102969e-01  -1.727851e-04   3.034650e-01  -4.223918e-04
   3.448962e+00   5.474483e-01  -6.793356e-04   1.102969e-01  -1.521352e-04   3.034649e-01  -3.719111e-04
   3.036771e+00   5.474482e-01  -5.981471e-04   1.102969e-01  -1.339533e-04   3.034649e-01  -3.274635e-04
   2.673842e+00   5.474482e-01  -5.266616e-04   1.102969e-01  -1.179443e-04   3.034648e-01  -2.883278e-04
   2.354286e+00   5.474481e-01  -4.637195e-04   1.102968e-01  -1.038486e-04   3.034648e-01  -2.538693e-04
   2.072922e+00   5.474480e-01  -4.082996e-04   1.102968e-01  -9.143751e-05   3.034648e-01  -2.235290e-04
   1.825183e+00   5.474480e-01  -3.595031e-04   1.102968e-01  -8.050967e-05   3.034648e-01  -1.968147e-04
   1.607053e+00   5.474480e-01  -3.165383e-04   1.102968e-01  -7.088783e-05   3.034647e-01  -1.732930e-04
   1.414991e+00   5.474480e-01  -2.787083e-04   1.102968e-01  -6.241591e-05   3.034647e-01  -1.525825e-04
   1.245883e+00   5.474479e-01  -2.453994e-04   1.102968e-01  -5.495648e-05   3.034647e-01  -1.343471e-04
   1.096986e+00   5.474479e-01  -2.160713e-04   1.102968e-01  -4.838854e-05   3.034647e-01  -1.182911e-04
   9.658832e-01   5.474479e-01  -1.902483e-04   1.102968e-01  -4.260555e-05   3.034647e-01  -1.041539e-04
   8.504489e-01   5.474479e-01  -1.675114e-04   1.102968e-01  -3.751369e-05   3.034647e-01  -9.170631e-05
   7.488104e-01   5.474479e-01  -1.474918e-04   1.102968e-01  -3.303037e-05   3.034647e-01  -8.074634e-05
   6.593188e-01   5.474479e-01  -1.298649e-04   1.102968e-01  -2.908285e-05   3.034647e-01  -7.109621e-05
   5.805226e-01   5.474479e-01  -1.143445e-04   1.102968e-01  -2.560711e-05   3.034647e-01  -6.259939e-05
   5.111433e-01   5.474479e-01  -1.006790e-04   1.102968e-01  -2.254677e-05   3.034647e-01  -5.511803e-05
   4.500558e-01   5.474479e-01  -8.864668e-05   1.102968e-01  -1.985216e-05   3.034647e-01  -4.853079e-05
   3.962689e-01   5.474479e-01  -7.805237e-05   1.102968e-01  -1.747960e-05   3.034647e-01  -4.273079e-05
   3.489101e-01   5.474479e-01  -6.872420e-05   1.102968e-01  -1.539058e-05   3.034647e-01  -3.762396e-05
   3.072113e-01   5.474479e-01  -6.051086e-05   1.102968e-01  -1.355123e-05   3.034647e-01  -3.312746e-05
   2.704960e-01   5.474479e-01  -5.327911e-05   1.102968e-01  -1.193170e-05   3.034647e-01  -2.916835e-05
   2.381686e-01   5.474479e-01  -4.691164e-05   1.102968e-01  -1.050572e-05   3.034647e-01  -2.568239e-05
   2.097046e-01   5.474479e-01  -4.130515e-05   1.102968e-01  -9.250167e-06   3.034647e-01  -2.261304e-05
   1.846425e-01   5.474479e-01  -3.636870e-05   1.102968e-01  -8.144665e-06   3.034647e-01  -1.991052e-05
   1.625756e-01   5.474479e-01  -3.202222e-05   1.102968e-01  -7.171282e-06   3.034647e-01  -1.753098e-05
   1.431459e-01   5.474479e-01  -2.819519e-05   1.102968e-01  -6.314231e-06   3.034647e-01  -1.543583e-05
   1.260383e-01   5.474479e-01  -2.482554e-05   1.102968e-01  -5.559606e-06   3.034647e-01  -1.359107e-05
   1.109752e-01   5.474479e-01  -2.185860e-05   1.102968e-01  -4.895169e-06   3.034647e-01  -1.196677e-05
   9.771242e-02   5.474479e-01  -1.924624e-05   1.102968e-01  -4.310139e-06   3.034647e-01  -1.053661e-05
   8.603464e-02   5.474479e-01  -1.694609e-05   1.102968e-01  -3.795027e-06   3.034647e-01  -9.277359e-06
   7.575250e-02   5.474479e-01  -1.492084e-05   1.102968e-01  -3.341477e-06   3.034647e-01  -8.168607e-06
   6.669920e-02   5.474479e-01  -1.313762e-05   1.102968e-01  -2.942132e-06   3.034647e-01  -7.192363e-06
   5.872787e-02   5.474479e-01  -1.156752e-05   1.102968e-01  -2.590513e-06   3.034647e-01  -6.332792e-06
   5.170920e-02   5.474479e-01  -1.018507e-05   1.102968e-01  -2.280916e-06   3.034647e-01  -5.575950e-06
   4.552935e-02   5.474479e-01  -8.967835e-06   1.102968e-01  -2.008320e-06   3.034647e-01  -4.909559e-06
   4.008806e-02   5.474479e-01  -7.896074e-06   1.102968e-01  -1.768303e-06   3.034647e-01  -4.322809e-06
   3.529707e-02   5.474479e-01  -6.952402e-06   1.102968e-01  -1.556970e-06   3.034647e-01  -3.806183e-06
   3.107866e-02   5.474479e-01  -6.121509e-06   1.102968e-01  -1.370894e-06   3.034647e-01  -3.351300e-06
   2.736440e-02   5.474479e-01  -5.389917e-06   1.102968e-01  -1.207056e-06   3.034647e-01  -2.950781e-06
   2.409404e-02   5.474479e-01  -4.745759e-06   1.102968e-01  -1.062799e-06   3.034647e-01  -2.598128e-06
   2.121452e-02   5.474479e-01  -4.178586e-06   1.102968e-01  -9.357820e-07   3.034647e-01  -2.287621e-06
   1.867914e-02   5.474479e-01  -3.679196e-06   1.102968e-01  -8.239452e-07   3.034647e-01  -2.014224e-06
   1.644676e-02   5.474479e-01  -3.239489e-06   1.102968e-01  -7.254742e-07   3.034647e-01  -1.773501e-06
   1.448118e-02   5.474479e-01  -2.852333e-06   1.102968e-01  -6.387715e-07   3.034647e-01  -1.561547e-06
   1.275051e-02   5.474479e-01  -2.511446e-06   1.102968e-01  -5.624309e-07   3.034647e-01  -1.374924e-06
   1.122668e-02   5.474479e-01  -2.211299e-06   1.102968e-01  -4.952139e-07   3.034647e-01  -1.210604e-06
   9.884959e-03   5.474479e-01  -1.947023e-06   1.102968e-01  -4.360300e-07   3.034647e-01  -1.065923e-06
   8.703591e-03   5.474479e-01  -1.714331e-06   1.102968e-01  -3.839194e-07   3.034647e-01  -9.385329e-07
   7.663411e-03   5.474479e-01  -1.509448e-06   1.102968e-01  -3.380365e-07   3.034647e-01  -8.263673e-07
   6.747544e-03   5.474479e-01  -1.329052e-06   1.102968e-01  -2.976372e-07   3.034647e-01  -7.276068e-07
   5.941134e-03   5.474479e-01  -1.170215e-06   1.102968e-01  -2.620661e-07   3.034647e-01  -6.406493e-07
   5.231099e-03   5.474479e-01  -1.030360e-06   1.102968e-01  -2.307462e-07   3.034647e-01  -5.640842e-07
   4.605922e-03   5.474479e-01  -9.072203e-07   1.102968e-01  -2.031693e-07   3.034647e-01  -4.966696e-07
   4.055461e-03   5.474479e-01  -7.987969e-07   1.102968e-01  -1.788882e-07   3.034647e-01  -4.373118e-07
   3.570786e-03   5.474479e-01  -7.033313e-07   1.102968e-01  -1.575090e-07   3.034647e-01  -3.850479e-07
   3.144035e-03   5.474479e-01  -6.192751e-07   1.102968e-01  -1.386848e-07   3.034647e-01  -3.390302e-07
   2.768287e-03   5.474479e-01  -5.452645e-07   1.102968e-01  -1.221104e-07   3.034647e-01  -2.985122e-07
   2.437444e-03   5.474479e-01  -4.800990e-07   1.102968e-01  -1.075168e-07   3.034647e-01  -2.628365e-07
   2.146141e-03   5.474479e-01  -4.227216e-07   1.102968e-01  -9.466727e-08   3.034647e-01  -2.314245e-07
   1.889652e-03   5.474479e-01  -3.722015e-07   1.102968e-01  -8.335343e-08   3.034647e-01  -2.037666e-07
   1.663817e-03   5.474479e-01  -3.277190e-07   1.102968e-01  -7.339172e-08   3.034647e-01  -1.794141e-07
   1.464971e-03   5.474479e-01  -2.885528e-07   1.102968e-01  -6.462056e-08   3.034647e-01  -1.579720e-07
   1.289890e-03   5.474479e-01  -2.540674e-07   1.102968e-01  -5.689765e-08   3.034647e-01  -1.390925e-07
   1.135733e-03   5.474479e-01  -2.237034e-07   1.102968e-01  -5.009772e-08   3.034647e-01  -1.224693e-07
   1.000000e-03   5.474479e-01  -1.969682e-07   1.102968e-01  -4.411046e-08   3.034647e-01  -1.078328e-07
