# Complex Love numbers for a periodic load
# Computed by ISSM on 06-Mar-2026 12:18:35
#
#        T (yr)        Re(h_2)        Im(h_2)        Re(l_2)        Im(l_2)        Re(k_2)        Im(k_2)
            Inf   6.306901e-01   0.000000e+00   8.884374e-02   0.000000e+00   3.185011e-01   0.000000e+00
   1.000000e+08   1.961101e+00  -4.625545e-03   4.693659e-01   6.010223e-03   9.676268e-01  -4.716867e-04
   8.804884e+07   1.960969e+00  -5.167464e-03   4.695285e-01   6.757030e-03   9.676165e-01  -5.310194e-04
   7.752597e+07   1.960804e+00  -5.782553e-03   4.697323e-01   7.601069e-03   9.676035e-01  -5.981702e-04
   6.826072e+07   1.960598e+00  -6.477136e-03   4.699893e-01   8.551358e-03   9.675871e-01  -6.739268e-04
   6.010277e+07   1.960339e+00  -7.257022e-03   4.703139e-01   9.616443e-03   9.675665e-01  -7.590740e-04
   5.291979e+07   1.960011e+00  -8.126961e-03   4.707237e-01   1.080372e-02   9.675405e-01  -8.543543e-04
   4.659526e+07   1.959600e+00  -9.089844e-03   4.712397e-01   1.211848e-02   9.675078e-01  -9.604096e-04
   4.102658e+07   1.959084e+00  -1.014565e-02   4.718862e-01   1.356258e-02   9.674668e-01  -1.077703e-03
   3.612343e+07   1.958441e+00  -1.129009e-02   4.726909e-01   1.513281e-02   9.674157e-01  -1.206417e-03
   3.180626e+07   1.957648e+00  -1.251305e-02   4.736836e-01   1.681892e-02   9.673528e-01  -1.346334e-03
   2.800504e+07   1.956679e+00  -1.379691e-02   4.748947e-01   1.860159e-02   9.672761e-01  -1.496713e-03
   2.465811e+07   1.955512e+00  -1.511515e-02   4.763520e-01   2.045056e-02   9.671838e-01  -1.656179e-03
   2.171118e+07   1.954129e+00  -1.643155e-02   4.780765e-01   2.232378e-02   9.670747e-01  -1.822677e-03
   1.911644e+07   1.952521e+00  -1.770092e-02   4.800771e-01   2.416817e-02   9.669483e-01  -1.993529e-03
   1.683180e+07   1.950694e+00  -1.887157e-02   4.823445e-01   2.592282e-02   9.668052e-01  -2.165652e-03
   1.482021e+07   1.948673e+00  -1.989036e-02   4.848471e-01   2.752517e-02   9.666477e-01  -2.335966e-03
   1.304902e+07   1.946499e+00  -2.070951e-02   4.875283e-01   2.891969e-02   9.664795e-01  -2.501964e-03
   1.148951e+07   1.944232e+00  -2.129445e-02   4.903088e-01   3.006760e-02   9.663060e-01  -2.662339e-03
   1.011638e+07   1.941947e+00  -2.163046e-02   4.930932e-01   3.095520e-02   9.661335e-01  -2.817537e-03
   8.907355e+06   1.939719e+00  -2.172628e-02   4.957806e-01   3.159826e-02   9.659689e-01  -2.970046e-03
   7.842822e+06   1.937619e+00  -2.161343e-02   4.982751e-01   3.204102e-02   9.658189e-01  -3.124333e-03
   6.905514e+06   1.935706e+00  -2.134152e-02   5.004961e-01   3.234993e-02   9.656891e-01  -3.286451e-03
   6.080224e+06   1.934021e+00  -2.097088e-02   5.023828e-01   3.260395e-02   9.655841e-01  -3.463415e-03
   5.353567e+06   1.932586e+00  -2.056470e-02   5.038960e-01   3.288407e-02   9.655074e-01  -3.662517e-03
   4.713753e+06   1.931409e+00  -2.018239e-02   5.050145e-01   3.326394e-02   9.654611e-01  -3.890714e-03
   4.150405e+06   1.930484e+00  -1.987499e-02   5.057315e-01   3.380310e-02   9.654469e-01  -4.154165e-03
   3.654383e+06   1.929798e+00  -1.968289e-02   5.060494e-01   3.454267e-02   9.654657e-01  -4.457935e-03
   3.217642e+06   1.929336e+00  -1.963535e-02   5.059777e-01   3.550338e-02   9.655183e-01  -4.805846e-03
   2.833096e+06   1.929076e+00  -1.975125e-02   5.055323e-01   3.668526e-02   9.656048e-01  -5.200462e-03
   2.494508e+06   1.929000e+00  -2.004073e-02   5.047378e-01   3.806904e-02   9.657246e-01  -5.643224e-03
   2.196385e+06   1.929085e+00  -2.050731e-02   5.036316e-01   3.961917e-02   9.658758e-01  -6.134781e-03
   1.933892e+06   1.929307e+00  -2.115063e-02   5.022693e-01   4.128912e-02   9.660549e-01  -6.675559e-03
   1.702769e+06   1.929641e+00  -2.196958e-02   5.007298e-01   4.302865e-02   9.662562e-01  -7.266597e-03
   1.499268e+06   1.930054e+00  -2.296569e-02   4.991174e-01   4.479263e-02   9.664715e-01  -7.910576e-03
   1.320088e+06   1.930514e+00  -2.414654e-02   4.975612e-01   4.654957e-02   9.666907e-01  -8.612889e-03
   1.162322e+06   1.930983e+00  -2.552835e-02   4.962096e-01   4.828742e-02   9.669020e-01  -9.382513e-03
   1.023411e+06   1.931426e+00  -2.713747e-02   4.952225e-01   5.001434e-02   9.670929e-01  -1.023246e-02
   9.011018e+05   1.931807e+00  -2.901038e-02   4.947631e-01   5.175311e-02   9.672511e-01  -1.117969e-02
   7.934097e+05   1.932096e+00  -3.119246e-02   4.949907e-01   5.352964e-02   9.673655e-01  -1.224459e-02
   6.985880e+05   1.932265e+00  -3.373603e-02   4.960570e-01   5.535732e-02   9.674256e-01  -1.345013e-02
   6.150986e+05   1.932291e+00  -3.669829e-02   4.981040e-01   5.721963e-02   9.674222e-01  -1.482104e-02
   5.415871e+05   1.932150e+00  -4.013972e-02   5.012618e-01   5.905307e-02   9.673463e-01  -1.638313e-02
   4.768612e+05   1.931821e+00  -4.412309e-02   5.056437e-01   6.073256e-02   9.671889e-01  -1.816286e-02
   4.198707e+05   1.931276e+00  -4.871317e-02   5.113351e-01   6.206098e-02   9.669396e-01  -2.018723e-02
   3.696913e+05   1.930485e+00  -5.397706e-02   5.183757e-01   6.276553e-02   9.665868e-01  -2.248395e-02
   3.255089e+05   1.929414e+00  -5.998499e-02   5.267352e-01   6.250400e-02   9.661170e-01  -2.508184e-02
   2.866068e+05   1.928016e+00  -6.681147e-02   5.362869e-01   6.088416e-02   9.655140e-01  -2.801145e-02
   2.523539e+05   1.926236e+00  -7.453655e-02   5.467856e-01   5.749762e-02   9.647584e-01  -3.130591e-02
   2.221947e+05   1.924007e+00  -8.324678e-02   5.578585e-01   5.196553e-02   9.638263e-01  -3.500174e-02
   1.956398e+05   1.921239e+00  -9.303535e-02   5.690154e-01   4.398853e-02   9.626877e-01  -3.913931e-02
   1.722586e+05   1.917821e+00  -1.040004e-01   5.796804e-01   3.338965e-02   9.613037e-01  -4.376270e-02
   1.516717e+05   1.913611e+00  -1.162405e-01   5.892387e-01   2.013916e-02   9.596238e-01  -4.891837e-02
   1.335452e+05   1.908430e+00  -1.298469e-01   5.970868e-01   4.356219e-03   9.575833e-01  -5.465234e-02
   1.175850e+05   1.902057e+00  -1.448918e-01   6.026733e-01  -1.370957e-02   9.551005e-01  -6.100586e-02
   1.035322e+05   1.894228e+00  -1.614124e-01   6.055227e-01  -3.370653e-02   9.520764e-01  -6.800952e-02
   9.115888e+04   1.884641e+00  -1.793923e-01   6.052422e-01  -5.520709e-02   9.483956e-01  -7.567617e-02
   8.026434e+04   1.872968e+00  -1.987413e-01   6.015196e-01  -7.772327e-02   9.439305e-01  -8.399338e-02
   7.067181e+04   1.858875e+00  -2.192757e-01   5.941219e-01  -1.007096e-01   9.385488e-01  -9.291637e-02
   6.222571e+04   1.842056e+00  -2.407053e-01   5.829056e-01  -1.235590e-01   9.321247e-01  -1.023632e-01
   5.478901e+04   1.822275e+00  -2.626331e-01   5.678411e-01  -1.456014e-01   9.245546e-01  -1.122143e-01
   4.824109e+04   1.799417e+00  -2.845740e-01   5.490499e-01  -1.661186e-01   9.157729e-01  -1.223197e-01
   4.247572e+04   1.773526e+00  -3.059998e-01   5.268437e-01  -1.843827e-01   9.057674e-01  -1.325145e-01
   3.739937e+04   1.744835e+00  -3.264084e-01   5.017475e-01  -1.997235e-01   8.945862e-01  -1.426433e-01
   3.292971e+04   1.713746e+00  -3.454064e-01   4.744904e-01  -2.116123e-01   8.823314e-01  -1.525893e-01
   2.899423e+04   1.680782e+00  -3.627867e-01   4.459525e-01  -2.197443e-01   8.691379e-01  -1.623003e-01
   2.552908e+04   1.646486e+00  -3.785734e-01   4.170719e-01  -2.240924e-01   8.551373e-01  -1.718029e-01
   2.247806e+04   1.611312e+00  -3.930164e-01   3.887319e-01  -2.249129e-01   8.404156e-01  -1.811959e-01
   1.979167e+04   1.575522e+00  -4.065300e-01   3.616563e-01  -2.226980e-01   8.249764e-01  -1.906236e-01
   1.742633e+04   1.539123e+00  -4.195877e-01   3.363396e-01  -2.180885e-01   8.087182e-01  -2.002314e-01
   1.534368e+04   1.501855e+00  -4.325969e-01   3.130251e-01  -2.117697e-01   7.914346e-01  -2.101125e-01
   1.350994e+04   1.463238e+00  -4.457794e-01   2.917275e-01  -2.043770e-01   7.728373e-01  -2.202574e-01
   1.189534e+04   1.422665e+00  -4.590802e-01   2.722882e-01  -1.964269e-01   7.526011e-01  -2.305143e-01
   1.047371e+04   1.379523e+00  -4.721186e-01   2.544450e-01  -1.882797e-01   7.304243e-01  -2.405682e-01
   9.221979e+03   1.333338e+00  -4.841920e-01   2.379025e-01  -1.801344e-01   7.060985e-01  -2.499459e-01
   8.119845e+03   1.283909e+00  -4.943384e-01   2.223933e-01  -1.720484e-01   6.795776e-01  -2.580510e-01
   7.149429e+03   1.231412e+00  -5.014558e-01   2.077215e-01  -1.639761e-01   6.510315e-01  -2.642295e-01
   6.294989e+03   1.176452e+00  -5.044669e-01   1.937851e-01  -1.558172e-01   6.208694e-01  -2.678608e-01
   5.542665e+03   1.120034e+00  -5.024977e-01   1.805763e-01  -1.474665e-01   5.897195e-01  -2.684554e-01
   4.880252e+03   1.063452e+00  -4.950320e-01   1.681614e-01  -1.388545e-01   5.583653e-01  -2.657392e-01
   4.297005e+03   1.008128e+00  -4.820005e-01   1.566467e-01  -1.299718e-01   5.276470e-01  -2.596990e-01
   3.783463e+03   9.554161e-01  -4.637845e-01   1.461422e-01  -1.208742e-01   4.983559e-01  -2.505800e-01
   3.331295e+03   9.064458e-01  -4.411373e-01   1.367308e-01  -1.116700e-01   4.711441e-01  -2.388364e-01
   2.933166e+03   8.620221e-01  -4.150543e-01   1.284507e-01  -1.024983e-01   4.464710e-01  -2.250550e-01
   2.582619e+03   8.225936e-01  -3.866296e-01   1.212910e-01  -9.350518e-02   4.245893e-01  -2.098724e-01
   2.273966e+03   7.882801e-01  -3.569309e-01   1.151980e-01  -8.482465e-02   4.055633e-01  -1.939038e-01
   2.002200e+03   7.589354e-01  -3.269116e-01   1.100863e-01  -7.656639e-02   3.893076e-01  -1.776952e-01
   1.762914e+03   7.342237e-01  -2.973610e-01   1.058520e-01  -6.881079e-02   3.756309e-01  -1.616966e-01
   1.552225e+03   7.136924e-01  -2.688884e-01   1.023831e-01  -6.160889e-02   3.642776e-01  -1.462540e-01
   1.366716e+03   6.968334e-01  -2.419288e-01   9.956851e-02  -5.498553e-02   3.549624e-01  -1.316148e-01
   1.203378e+03   6.831294e-01  -2.167628e-01   9.730376e-02  -4.894394e-02   3.473960e-01  -1.179387e-01
   1.059560e+03   6.720859e-01  -1.935425e-01   9.549420e-02  -4.347070e-02   3.413025e-01  -1.053135e-01
   9.329304e+02   6.632513e-01  -1.723194e-01   9.405686e-02  -3.854044e-02   3.364307e-01  -9.377029e-02
   8.214344e+02   6.562270e-01  -1.530700e-01   9.292075e-02  -3.411991e-02   3.325591e-01  -8.329824e-02
   7.232634e+02   6.506701e-01  -1.357185e-01   9.202632e-02  -3.017137e-02   3.294977e-01  -7.385733e-02
   6.368250e+02   6.462923e-01  -1.201551e-01   9.132444e-02  -2.665512e-02   3.270867e-01  -6.538863e-02
   5.607170e+02   6.428549e-01  -1.062508e-01   9.077509e-02  -2.353144e-02   3.251942e-01  -5.782229e-02
   4.937048e+02   6.401632e-01  -9.386766e-02   9.034599e-02  -2.076183e-02   3.237126e-01  -5.108353e-02
   4.347013e+02   6.380599e-01  -8.286668e-02   9.001138e-02  -1.830990e-02   3.225551e-01  -4.509680e-02
   3.827494e+02   6.364192e-01  -7.311268e-02   8.975078e-02  -1.614180e-02   3.216524e-01  -3.978863e-02
   3.370064e+02   6.351411e-01  -6.447758e-02   8.954803e-02  -1.422649e-02   3.209492e-01  -3.508933e-02
   2.967302e+02   6.341465e-01  -5.684221e-02   8.939041e-02  -1.253573e-02   3.204021e-01  -3.093409e-02
   2.612675e+02   6.333731e-01  -5.009719e-02   8.926795e-02  -1.104404e-02   3.199767e-01  -2.726338e-02
   2.300430e+02   6.327722e-01  -4.414305e-02   8.917286e-02  -9.728582e-03   3.196462e-01  -2.402308e-02
   2.025502e+02   6.323055e-01  -3.889006e-02   8.909904e-02  -8.568934e-03   3.193895e-01  -2.116434e-02
   1.783431e+02   6.319432e-01  -3.425771e-02   8.904175e-02  -7.546918e-03   3.191903e-01  -1.864337e-02
   1.570290e+02   6.316621e-01  -3.017409e-02   8.899730e-02  -6.646389e-03   3.190356e-01  -1.642102e-02
   1.382622e+02   6.314439e-01  -2.657516e-02   8.896282e-02  -5.853035e-03   3.189156e-01  -1.446245e-02
   1.217383e+02   6.312746e-01  -2.340405e-02   8.893608e-02  -5.154190e-03   3.188226e-01  -1.273670e-02
   1.071891e+02   6.311434e-01  -2.061037e-02   8.891534e-02  -4.538655e-03   3.187504e-01  -1.121635e-02
   9.437878e+01   6.310415e-01  -1.814949e-02   8.889925e-02  -3.996541e-03   3.186944e-01  -9.877119e-03
   8.309942e+01   6.309626e-01  -1.598199e-02   8.888678e-02  -3.519118e-03   3.186510e-01  -8.697543e-03
   7.316807e+01   6.309014e-01  -1.407303e-02   8.887711e-02  -3.098686e-03   3.186173e-01  -7.658669e-03
   6.442364e+01   6.308539e-01  -1.239187e-02   8.886961e-02  -2.728455e-03   3.185912e-01  -6.743768e-03
   5.672426e+01   6.308171e-01  -1.091140e-02   8.886380e-02  -2.402440e-03   3.185710e-01  -5.938081e-03
   4.994505e+01   6.307885e-01  -9.607700e-03   8.885929e-02  -2.115366e-03   3.185553e-01  -5.228597e-03
   4.397604e+01   6.307664e-01  -8.459701e-03   8.885579e-02  -1.862586e-03   3.185431e-01  -4.603846e-03
   3.872039e+01   6.307492e-01  -7.448828e-03   8.885309e-02  -1.640007e-03   3.185337e-01  -4.053719e-03
   3.409285e+01   6.307359e-01  -6.558715e-03   8.885098e-02  -1.444022e-03   3.185263e-01  -3.569312e-03
   3.001836e+01   6.307256e-01  -5.774946e-03   8.884936e-02  -1.271454e-03   3.185207e-01  -3.142778e-03
   2.643081e+01   6.307176e-01  -5.084824e-03   8.884809e-02  -1.119507e-03   3.185163e-01  -2.767207e-03
   2.327202e+01   6.307114e-01  -4.477162e-03   8.884711e-02  -9.857177e-04   3.185129e-01  -2.436512e-03
   2.049075e+01   6.307066e-01  -3.942113e-03   8.884636e-02  -8.679161e-04   3.185102e-01  -2.145333e-03
   1.804186e+01   6.307029e-01  -3.471001e-03   8.884577e-02  -7.641922e-04   3.185082e-01  -1.888950e-03
   1.588565e+01   6.307000e-01  -3.056187e-03   8.884531e-02  -6.728638e-04   3.185066e-01  -1.663204e-03
   1.398713e+01   6.306978e-01  -2.690944e-03   8.884496e-02  -5.924498e-04   3.185054e-01  -1.464436e-03
   1.231551e+01   6.306960e-01  -2.369350e-03   8.884468e-02  -5.216458e-04   3.185044e-01  -1.289422e-03
   1.084366e+01   6.306947e-01  -2.086189e-03   8.884447e-02  -4.593035e-04   3.185037e-01  -1.135323e-03
   9.547716e+00   6.306937e-01  -1.836867e-03   8.884431e-02  -4.044117e-04   3.185031e-01  -9.996398e-04
   8.406653e+00   6.306928e-01  -1.617342e-03   8.884418e-02  -3.560800e-04   3.185026e-01  -8.801721e-04
   7.401960e+00   6.306922e-01  -1.424052e-03   8.884408e-02  -3.135245e-04   3.185023e-01  -7.749819e-04
   6.517340e+00   6.306917e-01  -1.253862e-03   8.884400e-02  -2.760548e-04   3.185020e-01  -6.823629e-04
   5.738442e+00   6.306914e-01  -1.104011e-03   8.884394e-02  -2.430631e-04   3.185018e-01  -6.008129e-04
   5.052631e+00   6.306911e-01  -9.720695e-04   8.884390e-02  -2.140142e-04   3.185017e-01  -5.290090e-04
   4.448783e+00   6.306908e-01  -8.558961e-04   8.884386e-02  -1.884371e-04   3.185015e-01  -4.657864e-04
   3.917101e+00   6.306907e-01  -7.536067e-04   8.884383e-02  -1.659167e-04   3.185014e-01  -4.101196e-04
   3.448962e+00   6.306905e-01  -6.635420e-04   8.884381e-02  -1.460877e-04   3.185014e-01  -3.611056e-04
   3.036771e+00   6.306904e-01  -5.842411e-04   8.884380e-02  -1.286285e-04   3.185013e-01  -3.179493e-04
   2.673842e+00   6.306903e-01  -5.144176e-04   8.884378e-02  -1.132559e-04   3.185013e-01  -2.799507e-04
   2.354286e+00   6.306903e-01  -4.529387e-04   8.884377e-02  -9.972055e-05   3.185012e-01  -2.464933e-04
   2.072922e+00   6.306902e-01  -3.988073e-04   8.884377e-02  -8.780278e-05   3.185012e-01  -2.170345e-04
   1.825183e+00   6.306902e-01  -3.511452e-04   8.884376e-02  -7.730933e-05   3.185012e-01  -1.910964e-04
   1.607053e+00   6.306902e-01  -3.091793e-04   8.884375e-02  -6.806997e-05   3.185012e-01  -1.682581e-04
   1.414991e+00   6.306901e-01  -2.722287e-04   8.884375e-02  -5.993481e-05   3.185012e-01  -1.481493e-04
   1.245883e+00   6.306901e-01  -2.396942e-04   8.884375e-02  -5.277191e-05   3.185011e-01  -1.304438e-04
   1.096986e+00   6.306901e-01  -2.110480e-04   8.884375e-02  -4.646505e-05   3.185011e-01  -1.148542e-04
   9.658832e-01   6.306901e-01  -1.858253e-04   8.884374e-02  -4.091194e-05   3.185011e-01  -1.011278e-04
   8.504489e-01   6.306901e-01  -1.636170e-04   8.884374e-02  -3.602248e-05   3.185011e-01  -8.904186e-05
   7.488104e-01   6.306901e-01  -1.440629e-04   8.884374e-02  -3.171738e-05   3.185011e-01  -7.840032e-05
   6.593188e-01   6.306901e-01  -1.268457e-04   8.884374e-02  -2.792678e-05   3.185011e-01  -6.903057e-05
   5.805226e-01   6.306901e-01  -1.116862e-04   8.884374e-02  -2.458921e-05   3.185011e-01  -6.078061e-05
   5.111433e-01   6.306901e-01  -9.833836e-05   8.884374e-02  -2.165051e-05   3.185011e-01  -5.351662e-05
   4.500558e-01   6.306901e-01  -8.658578e-05   8.884374e-02  -1.906302e-05   3.185011e-01  -4.712076e-05
   3.962689e-01   6.306901e-01  -7.623777e-05   8.884374e-02  -1.678477e-05   3.185011e-01  -4.148928e-05
   3.489101e-01   6.306901e-01  -6.712647e-05   8.884374e-02  -1.477879e-05   3.185011e-01  -3.653083e-05
   3.072113e-01   6.306901e-01  -5.910408e-05   8.884374e-02  -1.301256e-05   3.185011e-01  -3.216497e-05
   2.704960e-01   6.306901e-01  -5.204045e-05   8.884374e-02  -1.145740e-05   3.185011e-01  -2.832088e-05
   2.381686e-01   6.306901e-01  -4.582101e-05   8.884374e-02  -1.008811e-05   3.185011e-01  -2.493621e-05
   2.097046e-01   6.306901e-01  -4.034487e-05   8.884374e-02  -8.882464e-06   3.185011e-01  -2.195604e-05
   1.846425e-01   6.306901e-01  -3.552319e-05   8.884374e-02  -7.820906e-06   3.185011e-01  -1.933204e-05
   1.625756e-01   6.306901e-01  -3.127775e-05   8.884374e-02  -6.886217e-06   3.185011e-01  -1.702163e-05
   1.431459e-01   6.306901e-01  -2.753970e-05   8.884374e-02  -6.063234e-06   3.185011e-01  -1.498735e-05
   1.260383e-01   6.306901e-01  -2.424838e-05   8.884374e-02  -5.338607e-06   3.185011e-01  -1.319619e-05
   1.109752e-01   6.306901e-01  -2.135042e-05   8.884374e-02  -4.700581e-06   3.185011e-01  -1.161909e-05
   9.771242e-02   6.306901e-01  -1.879879e-05   8.884374e-02  -4.138807e-06   3.185011e-01  -1.023047e-05
   8.603464e-02   6.306901e-01  -1.655212e-05   8.884374e-02  -3.644171e-06   3.185011e-01  -9.007813e-06
   7.575250e-02   6.306901e-01  -1.457395e-05   8.884374e-02  -3.208650e-06   3.185011e-01  -7.931274e-06
   6.669920e-02   6.306901e-01  -1.283219e-05   8.884374e-02  -2.825179e-06   3.185011e-01  -6.983395e-06
   5.872787e-02   6.306901e-01  -1.129860e-05   8.884374e-02  -2.487538e-06   3.185011e-01  -6.148798e-06
   5.170920e-02   6.306901e-01  -9.948282e-06   8.884374e-02  -2.190248e-06   3.185011e-01  -5.413945e-06
   4.552935e-02   6.306901e-01  -8.759347e-06   8.884374e-02  -1.928488e-06   3.185011e-01  -4.766915e-06
   4.008806e-02   6.306901e-01  -7.712503e-06   8.884374e-02  -1.698011e-06   3.185011e-01  -4.197213e-06
   3.529707e-02   6.306901e-01  -6.790769e-06   8.884374e-02  -1.495079e-06   3.185011e-01  -3.695598e-06
   3.107866e-02   6.306901e-01  -5.979193e-06   8.884374e-02  -1.316400e-06   3.185011e-01  -3.253931e-06
   2.736440e-02   6.306901e-01  -5.264610e-06   8.884374e-02  -1.159075e-06   3.185011e-01  -2.865048e-06
   2.409404e-02   6.306901e-01  -4.635428e-06   8.884374e-02  -1.020552e-06   3.185011e-01  -2.522641e-06
   2.121452e-02   6.306901e-01  -4.081440e-06   8.884374e-02  -8.985838e-07   3.185011e-01  -2.221156e-06
   1.867914e-02   6.306901e-01  -3.593660e-06   8.884374e-02  -7.911926e-07   3.185011e-01  -1.955702e-06
   1.644676e-02   6.306901e-01  -3.164176e-06   8.884374e-02  -6.966359e-07   3.185011e-01  -1.721973e-06
   1.448118e-02   6.306901e-01  -2.786020e-06   8.884374e-02  -6.133798e-07   3.185011e-01  -1.516177e-06
   1.275051e-02   6.306901e-01  -2.453058e-06   8.884374e-02  -5.400737e-07   3.185011e-01  -1.334977e-06
   1.122668e-02   6.306901e-01  -2.159889e-06   8.884374e-02  -4.755286e-07   3.185011e-01  -1.175431e-06
   9.884959e-03   6.306901e-01  -1.901757e-06   8.884374e-02  -4.186974e-07   3.185011e-01  -1.034954e-06
   8.703591e-03   6.306901e-01  -1.674475e-06   8.884374e-02  -3.686582e-07   3.185011e-01  -9.112646e-07
   7.663411e-03   6.306901e-01  -1.474356e-06   8.884374e-02  -3.245993e-07   3.185011e-01  -8.023578e-07
   6.747544e-03   6.306901e-01  -1.298153e-06   8.884374e-02  -2.858059e-07   3.185011e-01  -7.064667e-07
   5.941134e-03   6.306901e-01  -1.143009e-06   8.884374e-02  -2.516487e-07   3.185011e-01  -6.220357e-07
   5.231099e-03   6.306901e-01  -1.006406e-06   8.884374e-02  -2.215738e-07   3.185011e-01  -5.476952e-07
   4.605922e-03   6.306901e-01  -8.861288e-07   8.884374e-02  -1.950931e-07   3.185011e-01  -4.822393e-07
   4.055461e-03   6.306901e-01  -7.802261e-07   8.884374e-02  -1.717772e-07   3.185011e-01  -4.246061e-07
   3.570786e-03   6.306901e-01  -6.869800e-07   8.884374e-02  -1.512479e-07   3.185011e-01  -3.738607e-07
   3.144035e-03   6.306901e-01  -6.048779e-07   8.884374e-02  -1.331720e-07   3.185011e-01  -3.291800e-07
   2.768287e-03   6.306901e-01  -5.325879e-07   8.884374e-02  -1.172564e-07   3.185011e-01  -2.898391e-07
   2.437444e-03   6.306901e-01  -4.689375e-07   8.884374e-02  -1.032429e-07   3.185011e-01  -2.552000e-07
   2.146141e-03   6.306901e-01  -4.128940e-07   8.884374e-02  -9.090415e-08   3.185011e-01  -2.247006e-07
   1.889652e-03   6.306901e-01  -3.635483e-07   8.884374e-02  -8.004005e-08   3.185011e-01  -1.978463e-07
   1.663817e-03   6.306901e-01  -3.201001e-07   8.884374e-02  -7.047433e-08   3.185011e-01  -1.742013e-07
   1.464971e-03   6.306901e-01  -2.818444e-07   8.884374e-02  -6.205183e-08   3.185011e-01  -1.533823e-07
   1.289890e-03   6.306901e-01  -2.481607e-07   8.884374e-02  -5.463591e-08   3.185011e-01  -1.350513e-07
   1.135733e-03   6.306901e-01  -2.185026e-07   8.884374e-02  -4.810628e-08   3.185011e-01  -1.189111e-07
   1.000000e-03   6.306901e-01  -1.923890e-07   8.884374e-02  -4.235702e-08   3.185011e-01  -1.046998e-07
