# Complex Love numbers for a periodic load
# Computed by ISSM on 06-Mar-2026 12:19:18
#
#        T (yr)        Re(h_2)        Im(h_2)        Re(l_2)        Im(l_2)        Re(k_2)        Im(k_2)
            Inf   6.306901e-01   0.000000e+00   8.884374e-02   0.000000e+00   3.185011e-01   0.000000e+00
   1.000000e+08   1.961101e+00  -4.625521e-03   4.693661e-01   6.010193e-03   9.676268e-01  -4.716848e-04
   8.804884e+07   1.960969e+00  -5.167430e-03   4.695287e-01   6.756988e-03   9.676164e-01  -5.310168e-04
   7.752597e+07   1.960804e+00  -5.782507e-03   4.697326e-01   7.601011e-03   9.676035e-01  -5.981665e-04
   6.826072e+07   1.960598e+00  -6.477071e-03   4.699896e-01   8.551276e-03   9.675871e-01  -6.739216e-04
   6.010277e+07   1.960338e+00  -7.256932e-03   4.703142e-01   9.616326e-03   9.675665e-01  -7.590667e-04
   5.291979e+07   1.960011e+00  -8.126833e-03   4.707242e-01   1.080356e-02   9.675405e-01  -8.543440e-04
   4.659526e+07   1.959599e+00  -9.089663e-03   4.712402e-01   1.211824e-02   9.675077e-01  -9.603951e-04
   4.102658e+07   1.959083e+00  -1.014539e-02   4.718869e-01   1.356225e-02   9.674667e-01  -1.077682e-03
   3.612343e+07   1.958440e+00  -1.128973e-02   4.726917e-01   1.513235e-02   9.674157e-01  -1.206388e-03
   3.180626e+07   1.957647e+00  -1.251256e-02   4.736846e-01   1.681828e-02   9.673527e-01  -1.346294e-03
   2.800504e+07   1.956678e+00  -1.379624e-02   4.748959e-01   1.860070e-02   9.672760e-01  -1.496658e-03
   2.465811e+07   1.955511e+00  -1.511423e-02   4.763535e-01   2.044936e-02   9.671837e-01  -1.656105e-03
   2.171118e+07   1.954127e+00  -1.643033e-02   4.780782e-01   2.232219e-02   9.670746e-01  -1.822578e-03
   1.911644e+07   1.952520e+00  -1.769932e-02   4.800790e-01   2.416609e-02   9.669481e-01  -1.993400e-03
   1.683180e+07   1.950693e+00  -1.886954e-02   4.823466e-01   2.592015e-02   9.668050e-01  -2.165487e-03
   1.482021e+07   1.948672e+00  -1.988783e-02   4.848493e-01   2.752184e-02   9.666475e-01  -2.335762e-03
   1.304902e+07   1.946498e+00  -2.070646e-02   4.875304e-01   2.891566e-02   9.664793e-01  -2.501718e-03
   1.148951e+07   1.944232e+00  -2.129088e-02   4.903108e-01   3.006287e-02   9.663058e-01  -2.662052e-03
   1.011638e+07   1.941947e+00  -2.162640e-02   4.930951e-01   3.094981e-02   9.661333e-01  -2.817214e-03
   8.907355e+06   1.939719e+00  -2.172181e-02   4.957823e-01   3.159230e-02   9.659687e-01  -2.969694e-03
   7.842822e+06   1.937619e+00  -2.160866e-02   4.982767e-01   3.203464e-02   9.658186e-01  -3.123964e-03
   6.905514e+06   1.935707e+00  -2.133657e-02   5.004976e-01   3.234330e-02   9.656888e-01  -3.286079e-03
   6.080224e+06   1.934022e+00  -2.096588e-02   5.023844e-01   3.259727e-02   9.655837e-01  -3.463058e-03
   5.353567e+06   1.932587e+00  -2.055979e-02   5.038979e-01   3.287755e-02   9.655068e-01  -3.662193e-03
   4.713753e+06   1.931410e+00  -2.017768e-02   5.050171e-01   3.325782e-02   9.654604e-01  -3.890444e-03
   4.150405e+06   1.930485e+00  -1.987058e-02   5.057350e-01   3.379762e-02   9.654460e-01  -4.153975e-03
   3.654383e+06   1.929799e+00  -1.967890e-02   5.060543e-01   3.453811e-02   9.654646e-01  -4.457855e-03
   3.217642e+06   1.929336e+00  -1.963187e-02   5.059844e-01   3.550004e-02   9.655168e-01  -4.805912e-03
   2.833096e+06   1.929076e+00  -1.974839e-02   5.055413e-01   3.668349e-02   9.656029e-01  -5.200713e-03
   2.494508e+06   1.928998e+00  -2.003859e-02   5.047493e-01   3.806917e-02   9.657221e-01  -5.643703e-03
   2.196385e+06   1.929082e+00  -2.050600e-02   5.036459e-01   3.962151e-02   9.658727e-01  -6.135529e-03
   1.933892e+06   1.929303e+00  -2.115022e-02   5.022866e-01   4.129381e-02   9.660511e-01  -6.676611e-03
   1.702769e+06   1.929634e+00  -2.197010e-02   5.007502e-01   4.303558e-02   9.662514e-01  -7.267968e-03
   1.499268e+06   1.930045e+00  -2.296711e-02   4.991411e-01   4.480128e-02   9.664657e-01  -7.912252e-03
   1.320088e+06   1.930502e+00  -2.414872e-02   4.975883e-01   4.655884e-02   9.666835e-01  -8.614816e-03
   1.162322e+06   1.930967e+00  -2.553104e-02   4.962405e-01   4.829544e-02   9.668930e-01  -9.384586e-03
   1.023411e+06   1.931404e+00  -2.714028e-02   4.952578e-01   5.001833e-02   9.670816e-01  -1.023452e-02
   9.011018e+05   1.931778e+00  -2.901279e-02   4.948035e-01   5.174920e-02   9.672369e-01  -1.118152e-02
   7.934097e+05   1.932058e+00  -3.119379e-02   4.950370e-01   5.351268e-02   9.673472e-01  -1.224590e-02
   6.985880e+05   1.932216e+00  -3.373542e-02   4.961099e-01   5.532065e-02   9.674022e-01  -1.345055e-02
   6.150986e+05   1.932226e+00  -3.669467e-02   4.981631e-01   5.715479e-02   9.673920e-01  -1.482011e-02
   5.415871e+05   1.932065e+00  -4.013172e-02   5.013250e-01   5.894961e-02   9.673074e-01  -1.638024e-02
   4.768612e+05   1.931709e+00  -4.410891e-02   5.057058e-01   6.057798e-02   9.671386e-01  -1.815724e-02
   4.198707e+05   1.931130e+00  -4.869043e-02   5.113861e-01   6.184106e-02   9.668749e-01  -2.017787e-02
   3.696913e+05   1.930296e+00  -5.394257e-02   5.183989e-01   6.246532e-02   9.665038e-01  -2.246951e-02
   3.255089e+05   1.929169e+00  -5.993446e-02   5.267053e-01   6.210976e-02   9.660108e-01  -2.506054e-02
   2.866068e+05   1.927701e+00  -6.673903e-02   5.361687e-01   6.038638e-02   9.653783e-01  -2.798097e-02
   2.523539e+05   1.925833e+00  -7.443415e-02   5.465336e-01   5.689494e-02   9.645856e-01  -3.126312e-02
   2.221947e+05   1.923490e+00  -8.310325e-02   5.574178e-01   5.126912e-02   9.636066e-01  -3.494238e-02
   1.956398e+05   1.920581e+00  -9.283498e-02   5.683249e-01   4.322616e-02   9.624088e-01  -3.905750e-02
   1.722586e+05   1.916984e+00  -1.037209e-01   5.786769e-01   3.260849e-02   9.609501e-01  -4.365019e-02
   1.516717e+05   1.912552e+00  -1.158503e-01   5.878616e-01   1.940710e-02   9.591765e-01  -4.876344e-02
   1.335452e+05   1.907094e+00  -1.293015e-01   5.952824e-01   3.761812e-03   9.570190e-01  -5.443841e-02
   1.175850e+05   1.900384e+00  -1.441290e-01   6.003982e-01  -1.405760e-02   9.543919e-01  -6.070968e-02
   1.035322e+05   1.892150e+00  -1.603472e-01   6.027469e-01  -3.367929e-02   9.511922e-01  -6.759902e-02
   9.115888e+04   1.882089e+00  -1.779111e-01   6.019528e-01  -5.465460e-02   9.473017e-01  -7.510818e-02
   8.026434e+04   1.869876e+00  -1.966967e-01   5.977266e-01  -7.647317e-02   9.425918e-01  -8.321143e-02
   7.067181e+04   1.855190e+00  -2.164836e-01   5.898674e-01  -9.856724e-02   9.369318e-01  -9.184906e-02
   6.222571e+04   1.837750e+00  -2.369457e-01   5.782757e-01  -1.203114e-01   9.302013e-01  -1.009238e-01
   5.478901e+04   1.817356e+00  -2.576565e-01   5.629795e-01  -1.410284e-01   9.223050e-01  -1.103022e-01
   4.824109e+04   1.793939e+00  -2.781156e-01   5.441685e-01  -1.600120e-01   9.131883e-01  -1.198239e-01
   4.247572e+04   1.767587e+00  -2.977990e-01   5.222244e-01  -1.765747e-01   9.028487e-01  -1.293188e-01
   3.739937e+04   1.738564e+00  -3.162288e-01   4.977299e-01  -1.901176e-01   8.913381e-01  -1.386309e-01
   3.292971e+04   1.707277e+00  -3.330491e-01   4.714427e-01  -2.002102e-01   8.787520e-01  -1.476436e-01
   2.899423e+04   1.674211e+00  -3.480835e-01   4.442278e-01  -2.066570e-01   8.652043e-01  -1.562979e-01
   2.552908e+04   1.639833e+00  -3.613552e-01   4.169607e-01  -2.095289e-01   8.507933e-01  -1.645954e-01
   2.247806e+04   1.604498e+00  -3.730543e-01   3.904223e-01  -2.091455e-01   8.355670e-01  -1.725816e-01
   1.979167e+04   1.568376e+00  -3.834574e-01   3.652157e-01  -2.060109e-01   8.195010e-01  -1.803115e-01
   1.742633e+04   1.531431e+00  -3.928198e-01   3.417222e-01  -2.007221e-01   8.024954e-01  -1.878044e-01
   1.534368e+04   1.493452e+00  -4.012675e-01   3.201045e-01  -1.938755e-01   7.843966e-01  -1.950004e-01
   1.350994e+04   1.454142e+00  -4.087164e-01   3.003468e-01  -1.859907e-01   7.650391e-01  -2.017293e-01
   1.189534e+04   1.413226e+00  -4.148394e-01   2.823170e-01  -1.774670e-01   7.443025e-01  -2.077024e-01
   1.047371e+04   1.370580e+00  -4.190915e-01   2.658326e-01  -1.685720e-01   7.221695e-01  -2.125318e-01
   9.221979e+03   1.326328e+00  -4.207909e-01   2.507164e-01  -1.594580e-01   6.987739e-01  -2.157773e-01
   8.119845e+03   1.280897e+00  -4.192434e-01   2.368329e-01  -1.501968e-01   6.744230e-01  -2.170158e-01
   7.149429e+03   1.235009e+00  -4.138831e-01   2.241032e-01  -1.408198e-01   6.495858e-01  -2.159166e-01
   6.294989e+03   1.189607e+00  -4.043961e-01   2.124992e-01  -1.313541e-01   6.248460e-01  -2.123067e-01
   5.542665e+03   1.145725e+00  -3.907955e-01   2.020239e-01  -1.218465e-01   6.008292e-01  -2.062075e-01
   4.880252e+03   1.104353e+00  -3.734296e-01   1.926885e-01  -1.123727e-01   5.781219e-01  -1.978337e-01
   4.297005e+03   1.066303e+00  -3.529262e-01   1.844905e-01  -1.030321e-01   5.572028e-01  -1.875579e-01
   3.783463e+03   1.032136e+00  -3.300936e-01   1.774020e-01  -9.393641e-02   5.383999e-01  -1.758522e-01
   3.331295e+03   1.002131e+00  -3.058089e-01   1.713658e-01  -8.519478e-02   5.218786e-01  -1.632235e-01
   2.933166e+03   9.763076e-01  -2.809166e-01   1.662992e-01  -7.690168e-02   5.076557e-01  -1.501576e-01
   2.582619e+03   9.544753e-01  -2.561573e-01   1.621018e-01  -6.912945e-02   4.956301e-01  -1.370790e-01
   2.273966e+03   9.363016e-01  -2.321275e-01   1.586644e-01  -6.192536e-02   4.856196e-01  -1.243296e-01
   2.002200e+03   9.213723e-01  -2.092691e-01   1.558776e-01  -5.531259e-02   4.773963e-01  -1.121634e-01
   1.762914e+03   9.092437e-01  -1.878777e-01   1.536371e-01  -4.929352e-02   4.707161e-01  -1.007521e-01
   1.552225e+03   8.994805e-01  -1.681247e-01   1.518485e-01  -4.385415e-02   4.653390e-01  -9.019724e-02
   1.366716e+03   8.916801e-01  -1.500824e-01   1.504288e-01  -3.896870e-02   4.610432e-01  -8.054452e-02
   1.203378e+03   8.854849e-01  -1.337492e-01   1.493069e-01  -3.460371e-02   4.576316e-01  -7.179823e-02
   1.059560e+03   8.805875e-01  -1.190729e-01   1.484233e-01  -3.072145e-02   4.549348e-01  -6.393378e-02
   9.329304e+02   8.767292e-01  -1.059680e-01   1.477289e-01  -2.728258e-02   4.528104e-01  -5.690792e-02
   8.214344e+02   8.736964e-01  -9.433081e-02   1.471838e-01  -2.424799e-02   4.511406e-01  -5.066664e-02
   7.232634e+02   8.713148e-01  -8.404909e-02   1.467558e-01  -2.158018e-02   4.498295e-01  -4.515095e-02
   6.368250e+02   8.694437e-01  -7.500961e-02   1.464189e-01  -1.924401e-02   4.487995e-01  -4.030089e-02
   5.607170e+02   8.679698e-01  -6.710289e-02   1.461525e-01  -1.720719e-02   4.479884e-01  -3.605829e-02
   4.937048e+02   8.668027e-01  -6.022625e-02   1.459399e-01  -1.544053e-02   4.473464e-01  -3.236842e-02
   4.347013e+02   8.658695e-01  -5.428551e-02   1.457678e-01  -1.391792e-02   4.468333e-01  -2.918101e-02
   3.827494e+02   8.651116e-01  -4.919588e-02   1.456253e-01  -1.261631e-02   4.464170e-01  -2.645074e-02
   3.370064e+02   8.644810e-01  -4.488212e-02   1.455032e-01  -1.151555e-02   4.460710e-01  -2.413739e-02
   2.967302e+02   8.639376e-01  -4.127845e-02   1.453939e-01  -1.059820e-02   4.457733e-01  -2.220574e-02
   2.612675e+02   8.634470e-01  -3.832798e-02   1.452903e-01  -9.849330e-03   4.455052e-01  -2.062538e-02
   2.300430e+02   8.629782e-01  -3.598212e-02   1.451861e-01  -9.256227e-03   4.452497e-01  -1.937031e-02
   2.025502e+02   8.625024e-01  -3.419973e-02   1.450749e-01  -8.808180e-03   4.449910e-01  -1.841852e-02
   1.783431e+02   8.619908e-01  -3.294608e-02   1.449499e-01  -8.496152e-03   4.447134e-01  -1.775148e-02
   1.570290e+02   8.614138e-01  -3.219170e-02   1.448042e-01  -8.312442e-03   4.444010e-01  -1.735345e-02
   1.382622e+02   8.607395e-01  -3.191092e-02   1.446299e-01  -8.250285e-03   4.440364e-01  -1.721077e-02
   1.217383e+02   8.599332e-01  -3.208016e-02   1.444182e-01  -8.303380e-03   4.436008e-01  -1.731089e-02
   1.071891e+02   8.589564e-01  -3.267599e-02   1.441591e-01  -8.465345e-03   4.430733e-01  -1.764135e-02
   9.437878e+01   8.577676e-01  -3.367282e-02   1.438421e-01  -8.729111e-03   4.424315e-01  -1.818852e-02
   8.309942e+01   8.563219e-01  -3.504053e-02   1.434555e-01  -9.086280e-03   4.416512e-01  -1.893635e-02
   7.316807e+01   8.545738e-01  -3.674218e-02   1.429878e-01  -9.526534e-03   4.407074e-01  -1.986512e-02
   6.442364e+01   8.524788e-01  -3.873220e-02   1.424277e-01  -1.003719e-02   4.395762e-01  -2.095044e-02
   5.672426e+01   8.499973e-01  -4.095548e-02   1.417656e-01  -1.060299e-02   4.382358e-01  -2.216273e-02
   4.994505e+01   8.470979e-01  -4.334779e-02   1.409941e-01  -1.120637e-02   4.366693e-01  -2.346751e-02
   4.397604e+01   8.437616e-01  -4.583781e-02   1.401095e-01  -1.182803e-02   4.348658e-01  -2.482635e-02
   3.872039e+01   8.399841e-01  -4.835057e-02   1.391121e-01  -1.244796e-02   4.328228e-01  -2.619884e-02
   3.409285e+01   8.357769e-01  -5.081185e-02   1.380066e-01  -1.304675e-02   4.305462e-01  -2.754482e-02
   3.001836e+01   8.311671e-01  -5.315275e-02   1.368016e-01  -1.360675e-02   4.280502e-01  -2.882696e-02
   2.643081e+01   8.261947e-01  -5.531361e-02   1.355092e-01  -1.411317e-02   4.253561e-01  -3.001279e-02
   2.327202e+01   8.209091e-01  -5.724667e-02   1.341436e-01  -1.455467e-02   4.224904e-01  -3.107623e-02
   2.049075e+01   8.153658e-01  -5.891729e-02   1.327202e-01  -1.492360e-02   4.194829e-01  -3.199821e-02
   1.804186e+01   8.096219e-01  -6.030377e-02   1.312545e-01  -1.521584e-02   4.163645e-01  -3.276666e-02
   1.588565e+01   8.037336e-01  -6.139612e-02   1.297614e-01  -1.543036e-02   4.131655e-01  -3.337580e-02
   1.398713e+01   7.977537e-01  -6.219425e-02   1.282545e-01  -1.556864e-02   4.099146e-01  -3.382529e-02
   1.231551e+01   7.917301e-01  -6.270595e-02   1.267459e-01  -1.563407e-02   4.066377e-01  -3.411902e-02
   1.084366e+01   7.857051e-01  -6.294486e-02   1.252460e-01  -1.563140e-02   4.033580e-01  -3.426413e-02
   9.547716e+00   7.797152e-01  -6.292870e-02   1.237634e-01  -1.556622e-02   4.000955e-01  -3.427002e-02
   8.406653e+00   7.737914e-01  -6.267775e-02   1.223052e-01  -1.544457e-02   3.968671e-01  -3.414751e-02
   7.401960e+00   7.679593e-01  -6.221367e-02   1.208773e-01  -1.527265e-02   3.936870e-01  -3.390822e-02
   6.517340e+00   7.622398e-01  -6.155861e-02   1.194841e-01  -1.505662e-02   3.905667e-01  -3.356407e-02
   5.738442e+00   7.566497e-01  -6.073447e-02   1.181288e-01  -1.480237e-02   3.875156e-01  -3.312691e-02
   5.052631e+00   7.512019e-01  -5.976248e-02   1.168141e-01  -1.451550e-02   3.845408e-01  -3.260823e-02
   4.448783e+00   7.459065e-01  -5.866285e-02   1.155416e-01  -1.420122e-02   3.816479e-01  -3.201901e-02
   3.917101e+00   7.407705e-01  -5.745457e-02   1.143124e-01  -1.386433e-02   3.788411e-01  -3.136957e-02
   3.448962e+00   7.357990e-01  -5.615528e-02   1.131270e-01  -1.350920e-02   3.761232e-01  -3.066953e-02
   3.036771e+00   7.309950e-01  -5.478123e-02   1.119856e-01  -1.313980e-02   3.734960e-01  -2.992777e-02
   2.673842e+00   7.263599e-01  -5.334726e-02   1.108880e-01  -1.275965e-02   3.709604e-01  -2.915242e-02
   2.354286e+00   7.218939e-01  -5.186684e-02   1.098337e-01  -1.237194e-02   3.685166e-01  -2.835085e-02
   2.072922e+00   7.175959e-01  -5.035212e-02   1.088221e-01  -1.197946e-02   3.661642e-01  -2.752974e-02
   1.825183e+00   7.134643e-01  -4.881398e-02   1.078521e-01  -1.158468e-02   3.639022e-01  -2.669506e-02
   1.607053e+00   7.094962e-01  -4.726211e-02   1.069230e-01  -1.118976e-02   3.617293e-01  -2.585217e-02
   1.414991e+00   7.056887e-01  -4.570510e-02   1.060335e-01  -1.079659e-02   3.596439e-01  -2.500580e-02
   1.245883e+00   7.020381e-01  -4.415051e-02   1.051826e-01  -1.040677e-02   3.576440e-01  -2.416011e-02
   1.096986e+00   6.985403e-01  -4.260494e-02   1.043690e-01  -1.002170e-02   3.557275e-01  -2.331878e-02
   9.658832e-01   6.951912e-01  -4.107413e-02   1.035914e-01  -9.642562e-03   3.538922e-01  -2.248498e-02
   8.504489e-01   6.919863e-01  -3.956303e-02   1.028486e-01  -9.270342e-03   3.521356e-01  -2.166146e-02
   7.488104e-01   6.889210e-01  -3.807584e-02   1.021393e-01  -8.905865e-03   3.504553e-01  -2.085057e-02
   6.593188e-01   6.859907e-01  -3.661615e-02   1.014623e-01  -8.549803e-03   3.488488e-01  -2.005430e-02
   5.805226e-01   6.831906e-01  -3.518692e-02   1.008164e-01  -8.202694e-03   3.473135e-01  -1.927432e-02
   5.111433e-01   6.805160e-01  -3.379061e-02   1.002002e-01  -7.864962e-03   3.458469e-01  -1.851200e-02
   4.500558e-01   6.779623e-01  -3.242919e-02   9.961257e-02  -7.536922e-03   3.444464e-01  -1.776846e-02
   3.962689e-01   6.755248e-01  -3.110420e-02   9.905234e-02  -7.218801e-03   3.431095e-01  -1.704458e-02
   3.489101e-01   6.731989e-01  -2.981683e-02   9.851836e-02  -6.910743e-03   3.418337e-01  -1.634102e-02
   3.072113e-01   6.709802e-01  -2.856791e-02   9.800948e-02  -6.612824e-03   3.406166e-01  -1.565828e-02
   2.704960e-01   6.688642e-01  -2.735799e-02   9.752464e-02  -6.325060e-03   3.394558e-01  -1.499668e-02
   2.381686e-01   6.668467e-01  -2.618736e-02   9.706276e-02  -6.047412e-03   3.383489e-01  -1.435640e-02
   2.097046e-01   6.649236e-01  -2.505609e-02   9.662285e-02  -5.779800e-03   3.372937e-01  -1.373750e-02
   1.846425e-01   6.630907e-01  -2.396405e-02   9.620391e-02  -5.522102e-03   3.362880e-01  -1.313993e-02
   1.625756e-01   6.613443e-01  -2.291093e-02   9.580501e-02  -5.274167e-03   3.353297e-01  -1.256354e-02
   1.431459e-01   6.596804e-01  -2.189629e-02   9.542522e-02  -5.035815e-03   3.344166e-01  -1.200811e-02
   1.260383e-01   6.580955e-01  -2.091957e-02   9.506368e-02  -4.806843e-03   3.335468e-01  -1.147333e-02
   1.109752e-01   6.565860e-01  -1.998010e-02   9.471956e-02  -4.587033e-03   3.327184e-01  -1.095886e-02
   9.771242e-02   6.551485e-01  -1.907710e-02   9.439203e-02  -4.376148e-03   3.319294e-01  -1.046429e-02
   8.603464e-02   6.537799e-01  -1.820977e-02   9.408034e-02  -4.173943e-03   3.311782e-01  -9.989171e-03
   7.575250e-02   6.524768e-01  -1.737719e-02   9.378373e-02  -3.980163e-03   3.304630e-01  -9.533032e-03
   6.669920e-02   6.512364e-01  -1.657844e-02   9.350151e-02  -3.794546e-03   3.297821e-01  -9.095367e-03
   5.872787e-02   6.500557e-01  -1.581255e-02   9.323300e-02  -3.616827e-03   3.291340e-01  -8.675651e-03
   5.170920e-02   6.489320e-01  -1.507850e-02   9.297754e-02  -3.446737e-03   3.285172e-01  -8.273342e-03
   4.552935e-02   6.478626e-01  -1.437529e-02   9.273452e-02  -3.284007e-03   3.279301e-01  -7.887888e-03
   4.008806e-02   6.468450e-01  -1.370188e-02   9.250335e-02  -3.128369e-03   3.273715e-01  -7.518728e-03
   3.529707e-02   6.458767e-01  -1.305722e-02   9.228347e-02  -2.979555e-03   3.268399e-01  -7.165299e-03
   3.107866e-02   6.449554e-01  -1.244028e-02   9.207432e-02  -2.837301e-03   3.263342e-01  -6.827033e-03
   2.736440e-02   6.440790e-01  -1.185002e-02   9.187541e-02  -2.701343e-03   3.258530e-01  -6.503364e-03
   2.409404e-02   6.432452e-01  -1.128540e-02   9.168624e-02  -2.571423e-03   3.253952e-01  -6.193729e-03
   2.121452e-02   6.424521e-01  -1.074539e-02   9.150633e-02  -2.447286e-03   3.249598e-01  -5.897567e-03
   1.867914e-02   6.416977e-01  -1.022897e-02   9.133526e-02  -2.328682e-03   3.245456e-01  -5.614323e-03
   1.644676e-02   6.409802e-01  -9.735136e-03   9.117258e-02  -2.215364e-03   3.241516e-01  -5.343448e-03
   1.448118e-02   6.402978e-01  -9.262896e-03   9.101791e-02  -2.107091e-03   3.237770e-01  -5.084398e-03
   1.275051e-02   6.396489e-01  -8.811264e-03   9.087085e-02  -2.003625e-03   3.234207e-01  -4.836638e-03
   1.122668e-02   6.390319e-01  -8.379270e-03   9.073104e-02  -1.904732e-03   3.230819e-01  -4.599636e-03
   9.884959e-03   6.384452e-01  -7.965956e-03   9.059814e-02  -1.810183e-03   3.227597e-01  -4.372870e-03
   8.703591e-03   6.378875e-01  -7.570377e-03   9.047181e-02  -1.719753e-03   3.224535e-01  -4.155821e-03
   7.663411e-03   6.373573e-01  -7.191595e-03   9.035176e-02  -1.633220e-03   3.221624e-01  -3.947978e-03
   6.747544e-03   6.368535e-01  -6.828684e-03   9.023769e-02  -1.550364e-03   3.218858e-01  -3.748834e-03
   5.941134e-03   6.363749e-01  -6.480727e-03   9.012933e-02  -1.470970e-03   3.216229e-01  -3.557886e-03
   5.231099e-03   6.359202e-01  -6.146813e-03   9.002642e-02  -1.394824e-03   3.213733e-01  -3.374637e-03
   4.605922e-03   6.354886e-01  -5.826040e-03   8.992873e-02  -1.321715e-03   3.211363e-01  -3.198591e-03
   4.055461e-03   6.350791e-01  -5.517514e-03   8.983606e-02  -1.251435e-03   3.209114e-01  -3.029260e-03
   3.570786e-03   6.346907e-01  -5.220349e-03   8.974819e-02  -1.183777e-03   3.206981e-01  -2.866157e-03
   3.144035e-03   6.343229e-01  -4.933676e-03   8.966497e-02  -1.118540e-03   3.204961e-01  -2.708807e-03
   2.768287e-03   6.339749e-01  -4.656646e-03   8.958626e-02  -1.055527e-03   3.203050e-01  -2.556744e-03
   2.437444e-03   6.336462e-01  -4.388441e-03   8.951192e-02  -9.945501e-04   3.201246e-01  -2.409520e-03
   2.146141e-03   6.333365e-01  -4.128293e-03   8.944187e-02  -9.354307e-04   3.199545e-01  -2.266713e-03
   1.889652e-03   6.330455e-01  -3.875504e-03   8.937606e-02  -8.780084e-04   3.197947e-01  -2.127942e-03
   1.663817e-03   6.327730e-01  -3.629478e-03   8.931445e-02  -8.221450e-04   3.196450e-01  -1.992879e-03
   1.464971e-03   6.325190e-01  -3.389754e-03   8.925703e-02  -7.677340e-04   3.195056e-01  -1.861272e-03
   1.289890e-03   6.322837e-01  -3.156048e-03   8.920384e-02  -7.147087e-04   3.193763e-01  -1.732964e-03
   1.135733e-03   6.320672e-01  -2.928292e-03   8.915490e-02  -6.630514e-04   3.192574e-01  -1.607920e-03
   1.000000e-03   6.318697e-01  -2.706665e-03   8.911026e-02  -6.128008e-04   3.191489e-01  -1.486238e-03
