# Elastic 'oceanless PREM' model
# Adapted from the PREM input file for LoadDef (https://github.com/hrmartens/LoadDef)
# DM, 25-Sep-2026
#
# Lyr  r_top (m) rho(kg/m3)    mu (Pa)   lam (Pa) eta (Pa*s) rheology  
# --- ---------- ---------- ---------- ---------- ---------- --------
  164 6.3710e+06 2.2834e+03 2.6624e+10 3.4216e+10 1.0000e+99 elastic   
  163 6.3560e+06 2.9000e+03 4.4109e+10 4.5878e+10 1.0000e+99 elastic   
  162 6.3466e+06 3.3808e+03 6.8187e+10 8.6019e+10 1.0000e+99 elastic   
  161 6.3460e+06 3.3807e+03 6.8179e+10 8.6010e+10 1.0000e+99 elastic   
  160 6.3450e+06 3.3806e+03 6.8165e+10 8.5996e+10 1.0000e+99 elastic   
  159 6.3440e+06 3.3805e+03 6.8152e+10 8.5982e+10 1.0000e+99 elastic   
  158 6.3430e+06 3.3804e+03 6.8139e+10 8.5968e+10 1.0000e+99 elastic   
  157 6.3420e+06 3.3802e+03 6.8125e+10 8.5953e+10 1.0000e+99 elastic   
  156 6.3410e+06 3.3801e+03 6.8112e+10 8.5940e+10 1.0000e+99 elastic   
  155 6.3400e+06 3.3800e+03 6.8098e+10 8.5925e+10 1.0000e+99 elastic   
  154 6.3390e+06 3.3799e+03 6.8085e+10 8.5910e+10 1.0000e+99 elastic   
  153 6.3380e+06 3.3798e+03 6.8072e+10 8.5896e+10 1.0000e+99 elastic   
  152 6.3370e+06 3.3797e+03 6.8058e+10 8.5882e+10 1.0000e+99 elastic   
  151 6.3360e+06 3.3796e+03 6.8045e+10 8.5868e+10 1.0000e+99 elastic   
  150 6.3310e+06 3.3790e+03 6.7978e+10 8.5796e+10 1.0000e+99 elastic   
  149 6.3260e+06 3.3785e+03 6.7911e+10 8.5725e+10 1.0000e+99 elastic   
  148 6.3210e+06 3.3780e+03 6.7845e+10 8.5654e+10 1.0000e+99 elastic   
  147 6.3110e+06 3.3769e+03 6.7712e+10 8.5511e+10 1.0000e+99 elastic   
  146 6.3010e+06 3.3758e+03 6.7578e+10 8.5369e+10 1.0000e+99 elastic   
  145 6.2910e+06 3.3747e+03 6.7445e+10 8.5227e+10 1.0000e+99 elastic   
  144 6.2810e+06 3.3736e+03 6.7312e+10 8.5086e+10 1.0000e+99 elastic   
  143 6.2710e+06 3.3725e+03 6.7180e+10 8.4944e+10 1.0000e+99 elastic   
  142 6.2610e+06 3.3714e+03 6.7047e+10 8.4802e+10 1.0000e+99 elastic   
  141 6.2510e+06 3.3704e+03 6.6915e+10 8.4661e+10 1.0000e+99 elastic   
  140 6.2410e+06 3.3693e+03 6.6783e+10 8.4519e+10 1.0000e+99 elastic   
  139 6.2310e+06 3.3682e+03 6.6650e+10 8.4378e+10 1.0000e+99 elastic   
  138 6.2210e+06 3.3671e+03 6.6519e+10 8.4237e+10 1.0000e+99 elastic   
  137 6.2110e+06 3.3660e+03 6.6387e+10 8.4096e+10 1.0000e+99 elastic   
  136 6.2010e+06 3.3649e+03 6.6255e+10 8.3956e+10 1.0000e+99 elastic   
  135 6.1910e+06 3.3638e+03 6.6124e+10 8.3815e+10 1.0000e+99 elastic   
  134 6.1810e+06 3.3628e+03 6.5993e+10 8.3675e+10 1.0000e+99 elastic   
  133 6.1710e+06 3.3617e+03 6.5862e+10 8.3534e+10 1.0000e+99 elastic   
  132 6.1610e+06 3.3606e+03 6.5731e+10 8.3394e+10 1.0000e+99 elastic   
  131 6.1510e+06 3.4358e+03 6.7090e+10 8.5144e+10 1.0000e+99 elastic   
  130 6.1410e+06 3.4418e+03 7.4448e+10 1.0437e+11 1.0000e+99 elastic   
  129 6.1310e+06 3.4477e+03 7.4802e+10 1.0524e+11 1.0000e+99 elastic   
  128 6.1210e+06 3.4537e+03 7.5157e+10 1.0611e+11 1.0000e+99 elastic   
  127 6.1110e+06 3.4597e+03 7.5513e+10 1.0699e+11 1.0000e+99 elastic   
  126 6.1010e+06 3.4656e+03 7.5870e+10 1.0788e+11 1.0000e+99 elastic   
  125 6.0910e+06 3.4716e+03 7.6228e+10 1.0876e+11 1.0000e+99 elastic   
  124 6.0810e+06 3.4776e+03 7.6588e+10 1.0966e+11 1.0000e+99 elastic   
  123 6.0710e+06 3.4836e+03 7.6948e+10 1.1055e+11 1.0000e+99 elastic   
  122 6.0610e+06 3.4895e+03 7.7310e+10 1.1145e+11 1.0000e+99 elastic   
  121 6.0510e+06 3.4955e+03 7.7673e+10 1.1236e+11 1.0000e+99 elastic   
  120 6.0410e+06 3.5015e+03 7.8037e+10 1.1327e+11 1.0000e+99 elastic   
  119 6.0310e+06 3.5074e+03 7.8402e+10 1.1418e+11 1.0000e+99 elastic   
  118 6.0210e+06 3.5134e+03 7.8768e+10 1.1510e+11 1.0000e+99 elastic   
  117 6.0110e+06 3.5194e+03 7.9135e+10 1.1603e+11 1.0000e+99 elastic   
  116 6.0010e+06 3.5253e+03 7.9504e+10 1.1695e+11 1.0000e+99 elastic   
  115 5.9910e+06 3.5313e+03 7.9873e+10 1.1788e+11 1.0000e+99 elastic   
  114 5.9810e+06 3.5373e+03 8.0244e+10 1.1882e+11 1.0000e+99 elastic   
  113 5.9710e+06 3.7238e+03 9.0597e+10 1.2947e+11 1.0000e+99 elastic   
  112 5.9610e+06 3.7363e+03 9.1982e+10 1.3126e+11 1.0000e+99 elastic   
  111 5.9510e+06 3.7489e+03 9.3380e+10 1.3306e+11 1.0000e+99 elastic   
  110 5.9410e+06 3.7616e+03 9.4793e+10 1.3488e+11 1.0000e+99 elastic   
  109 5.9310e+06 3.7742e+03 9.6219e+10 1.3671e+11 1.0000e+99 elastic   
  108 5.9210e+06 3.7868e+03 9.7659e+10 1.3856e+11 1.0000e+99 elastic   
  107 5.9110e+06 3.7994e+03 9.9113e+10 1.4043e+11 1.0000e+99 elastic   
  106 5.9010e+06 3.8120e+03 1.0058e+11 1.4231e+11 1.0000e+99 elastic   
  105 5.8910e+06 3.8246e+03 1.0206e+11 1.4421e+11 1.0000e+99 elastic   
  104 5.8810e+06 3.8372e+03 1.0356e+11 1.4612e+11 1.0000e+99 elastic   
  103 5.8710e+06 3.8498e+03 1.0507e+11 1.4806e+11 1.0000e+99 elastic   
  102 5.8610e+06 3.8624e+03 1.0659e+11 1.5000e+11 1.0000e+99 elastic   
  101 5.8510e+06 3.8750e+03 1.0813e+11 1.5197e+11 1.0000e+99 elastic   
  100 5.8410e+06 3.8876e+03 1.0969e+11 1.5395e+11 1.0000e+99 elastic   
   99 5.8310e+06 3.9002e+03 1.1125e+11 1.5595e+11 1.0000e+99 elastic   
   98 5.8210e+06 3.9128e+03 1.1284e+11 1.5796e+11 1.0000e+99 elastic   
   97 5.8110e+06 3.9254e+03 1.1443e+11 1.6000e+11 1.0000e+99 elastic   
   96 5.8010e+06 3.9380e+03 1.1604e+11 1.6205e+11 1.0000e+99 elastic   
   95 5.7910e+06 3.9506e+03 1.1767e+11 1.6411e+11 1.0000e+99 elastic   
   94 5.7810e+06 3.9632e+03 1.1931e+11 1.6620e+11 1.0000e+99 elastic   
   93 5.7710e+06 3.9758e+03 1.2097e+11 1.6829e+11 1.0000e+99 elastic   
   92 5.7610e+06 3.9781e+03 1.2138e+11 1.6896e+11 1.0000e+99 elastic   
   91 5.7510e+06 3.9805e+03 1.2179e+11 1.6963e+11 1.0000e+99 elastic   
   90 5.7410e+06 3.9828e+03 1.2221e+11 1.7030e+11 1.0000e+99 elastic   
   89 5.7310e+06 3.9851e+03 1.2262e+11 1.7098e+11 1.0000e+99 elastic   
   88 5.7210e+06 3.9875e+03 1.2303e+11 1.7166e+11 1.0000e+99 elastic   
   87 5.7110e+06 3.9898e+03 1.2345e+11 1.7234e+11 1.0000e+99 elastic   
   86 5.7010e+06 4.3807e+03 1.5484e+11 1.9670e+11 1.0000e+99 elastic   
   85 5.6857e+06 4.3903e+03 1.5752e+11 1.9695e+11 1.0000e+99 elastic   
   84 5.6357e+06 4.4213e+03 1.6647e+11 1.9763e+11 1.0000e+99 elastic   
   83 5.6000e+06 4.4432e+03 1.7303e+11 1.9800e+11 1.0000e+99 elastic   
   82 5.5857e+06 4.4519e+03 1.7394e+11 1.9983e+11 1.0000e+99 elastic   
   81 5.5357e+06 4.4823e+03 1.7712e+11 2.0621e+11 1.0000e+99 elastic   
   80 5.4857e+06 4.5123e+03 1.8027e+11 2.1257e+11 1.0000e+99 elastic   
   79 5.4357e+06 4.5421e+03 1.8340e+11 2.1890e+11 1.0000e+99 elastic   
   78 5.3857e+06 4.5715e+03 1.8651e+11 2.2520e+11 1.0000e+99 elastic   
   77 5.3357e+06 4.6007e+03 1.8960e+11 2.3147e+11 1.0000e+99 elastic   
   76 5.2857e+06 4.6296e+03 1.9267e+11 2.3771e+11 1.0000e+99 elastic   
   75 5.2357e+06 4.6582e+03 1.9572e+11 2.4392e+11 1.0000e+99 elastic   
   74 5.1857e+06 4.6866e+03 1.9875e+11 2.5011e+11 1.0000e+99 elastic   
   73 5.1357e+06 4.7147e+03 2.0176e+11 2.5627e+11 1.0000e+99 elastic   
   72 5.0857e+06 4.7426e+03 2.0475e+11 2.6241e+11 1.0000e+99 elastic   
   71 5.0357e+06 4.7702e+03 2.0773e+11 2.6852e+11 1.0000e+99 elastic   
   70 4.9857e+06 4.7977e+03 2.1068e+11 2.7462e+11 1.0000e+99 elastic   
   69 4.9357e+06 4.8249e+03 2.1363e+11 2.8069e+11 1.0000e+99 elastic   
   68 4.8857e+06 4.8520e+03 2.1655e+11 2.8675e+11 1.0000e+99 elastic   
   67 4.8357e+06 4.8788e+03 2.1947e+11 2.9279e+11 1.0000e+99 elastic   
   66 4.7857e+06 4.9055e+03 2.2237e+11 2.9883e+11 1.0000e+99 elastic   
   65 4.7357e+06 4.9319e+03 2.2525e+11 3.0486e+11 1.0000e+99 elastic   
   64 4.6857e+06 4.9583e+03 2.2813e+11 3.1088e+11 1.0000e+99 elastic   
   63 4.6357e+06 4.9844e+03 2.3100e+11 3.1691e+11 1.0000e+99 elastic   
   62 4.5857e+06 5.0104e+03 2.3387e+11 3.2295e+11 1.0000e+99 elastic   
   61 4.5357e+06 5.0363e+03 2.3673e+11 3.2900e+11 1.0000e+99 elastic   
   60 4.4857e+06 5.0621e+03 2.3958e+11 3.3506e+11 1.0000e+99 elastic   
   59 4.4357e+06 5.0877e+03 2.4243e+11 3.4115e+11 1.0000e+99 elastic   
   58 4.3857e+06 5.1132e+03 2.4529e+11 3.4727e+11 1.0000e+99 elastic   
   57 4.3357e+06 5.1386e+03 2.4814e+11 3.5341e+11 1.0000e+99 elastic   
   56 4.2857e+06 5.1639e+03 2.5100e+11 3.5960e+11 1.0000e+99 elastic   
   55 4.2357e+06 5.1892e+03 2.5387e+11 3.6584e+11 1.0000e+99 elastic   
   54 4.1857e+06 5.2143e+03 2.5674e+11 3.7212e+11 1.0000e+99 elastic   
   53 4.1357e+06 5.2394e+03 2.5962e+11 3.7847e+11 1.0000e+99 elastic   
   52 4.0857e+06 5.2645e+03 2.6252e+11 3.8489e+11 1.0000e+99 elastic   
   51 4.0357e+06 5.2895e+03 2.6543e+11 3.9138e+11 1.0000e+99 elastic   
   50 3.9857e+06 5.3144e+03 2.6836e+11 3.9796e+11 1.0000e+99 elastic   
   49 3.9357e+06 5.3393e+03 2.7130e+11 4.0463e+11 1.0000e+99 elastic   
   48 3.8857e+06 5.3642e+03 2.7427e+11 4.1140e+11 1.0000e+99 elastic   
   47 3.8357e+06 5.3891e+03 2.7727e+11 4.1827e+11 1.0000e+99 elastic   
   46 3.7857e+06 5.4139e+03 2.8029e+11 4.2527e+11 1.0000e+99 elastic   
   45 3.7357e+06 5.4388e+03 2.8335e+11 4.3239e+11 1.0000e+99 elastic   
   44 3.6857e+06 5.4637e+03 2.8643e+11 4.3966e+11 1.0000e+99 elastic   
   43 3.6357e+06 5.4886e+03 2.8956e+11 4.4707e+11 1.0000e+99 elastic   
   42 3.6300e+06 5.4915e+03 2.8992e+11 4.4792e+11 1.0000e+99 elastic   
   41 3.5857e+06 5.5136e+03 2.9106e+11 4.5136e+11 1.0000e+99 elastic   
   40 3.5357e+06 5.5386e+03 2.9234e+11 4.5531e+11 1.0000e+99 elastic   
   39 3.4857e+06 5.5636e+03 2.9362e+11 4.5930e+11 1.0000e+99 elastic   
   38 3.4800e+06 9.9034e+03 0.0000e+00 6.4413e+11 0.0000e+00 fluid     
   37 3.4000e+06 1.0029e+04 0.0000e+00 6.7428e+11 0.0000e+00 fluid     
   36 3.3000e+06 1.0181e+04 0.0000e+00 7.1161e+11 0.0000e+00 fluid     
   35 3.2000e+06 1.0327e+04 0.0000e+00 7.4843e+11 0.0000e+00 fluid     
   34 3.1000e+06 1.0467e+04 0.0000e+00 7.8465e+11 0.0000e+00 fluid     
   33 3.0000e+06 1.0602e+04 0.0000e+00 8.2019e+11 0.0000e+00 fluid     
   32 2.9000e+06 1.0730e+04 0.0000e+00 8.5498e+11 0.0000e+00 fluid     
   31 2.8000e+06 1.0853e+04 0.0000e+00 8.8894e+11 0.0000e+00 fluid     
   30 2.7000e+06 1.0971e+04 0.0000e+00 9.2204e+11 0.0000e+00 fluid     
   29 2.6000e+06 1.1083e+04 0.0000e+00 9.5423e+11 0.0000e+00 fluid     
   28 2.5000e+06 1.1191e+04 0.0000e+00 9.8549e+11 0.0000e+00 fluid     
   27 2.4000e+06 1.1293e+04 0.0000e+00 1.0158e+12 0.0000e+00 fluid     
   26 2.3000e+06 1.1390e+04 0.0000e+00 1.0451e+12 0.0000e+00 fluid     
   25 2.2215e+06 1.1464e+04 0.0000e+00 1.0675e+12 0.0000e+00 fluid     
   24 2.2000e+06 1.1483e+04 0.0000e+00 1.0735e+12 0.0000e+00 fluid     
   23 2.1000e+06 1.1571e+04 0.0000e+00 1.1009e+12 0.0000e+00 fluid     
   22 2.0000e+06 1.1655e+04 0.0000e+00 1.1273e+12 0.0000e+00 fluid     
   21 1.9000e+06 1.1734e+04 0.0000e+00 1.1529e+12 0.0000e+00 fluid     
   20 1.8000e+06 1.1809e+04 0.0000e+00 1.1775e+12 0.0000e+00 fluid     
   19 1.7000e+06 1.1880e+04 0.0000e+00 1.2013e+12 0.0000e+00 fluid     
   18 1.6000e+06 1.1947e+04 0.0000e+00 1.2242e+12 0.0000e+00 fluid     
   17 1.5000e+06 1.2010e+04 0.0000e+00 1.2464e+12 0.0000e+00 fluid     
   16 1.4000e+06 1.2069e+04 0.0000e+00 1.2679e+12 0.0000e+00 fluid     
   15 1.3000e+06 1.2125e+04 0.0000e+00 1.2888e+12 0.0000e+00 fluid     
   14 1.2215e+06 1.2764e+04 1.5674e+11 1.2389e+12 1.0000e+99 elastic   
   13 1.2171e+06 1.2766e+04 1.5687e+11 1.2394e+12 1.0000e+99 elastic   
   12 1.2000e+06 1.2775e+04 1.5739e+11 1.2412e+12 1.0000e+99 elastic   
   11 1.1000e+06 1.2825e+04 1.6028e+11 1.2518e+12 1.0000e+99 elastic   
   10 1.0000e+06 1.2871e+04 1.6296e+11 1.2614e+12 1.0000e+99 elastic   
    9 9.0000e+05 1.2912e+04 1.6540e+11 1.2702e+12 1.0000e+99 elastic   
    8 8.0000e+05 1.2949e+04 1.6760e+11 1.2781e+12 1.0000e+99 elastic   
    7 7.0000e+05 1.2982e+04 1.6957e+11 1.2851e+12 1.0000e+99 elastic   
    6 6.0000e+05 1.3010e+04 1.7128e+11 1.2911e+12 1.0000e+99 elastic   
    5 5.0000e+05 1.3034e+04 1.7273e+11 1.2962e+12 1.0000e+99 elastic   
    4 4.0000e+05 1.3054e+04 1.7393e+11 1.3005e+12 1.0000e+99 elastic   
    3 3.0000e+05 1.3069e+04 1.7487e+11 1.3037e+12 1.0000e+99 elastic   
    2 2.0000e+05 1.3080e+04 1.7554e+11 1.3061e+12 1.0000e+99 elastic   
    1 1.0000e+05 1.3086e+04 1.7594e+11 1.3075e+12 1.0000e+99 elastic   
